1 1 944.767093
1 2 980.785096
1 3 978.118611
1 4 994.371443
1 5 1052.676898
1 6 1065.531904
1 7 1078.056079
1 8 1066.973460
1 9 1070.225117
1 10 1086.694723
1 11 1089.857845
1 12 1103.776410
1 13 1093.517392
1 14 1131.349141
1 15 1137.475261
1 16 1141.784773
1 17 1148.627872
1 18 1091.489274
1 19 1071.720122
1 20 1225.446960
1 21 1191.420071
1 22 1079.029721
1 23 1159.438228
1 24 1134.682240
1 25 972.019343
1 26 983.873352
1 27 875.661300
1 28 833.642482
1 29 828.816570
1 30 867.180538
1 31 889.864229
1 32 810.899365
1 33 810.495938
1 34 893.524379
1 35 848.884895
1 36 819.301638
1 37 830.837386
1 38 878.060776
1 39 995.398818
1 40 987.434555
1 41 1123.709085
1 42 1146.275441
1 43 1074.045331
1 44 1192.964145
1 45 1231.411348
1 46 1096.683780
1 47 1088.297672
1 48 1131.252409
1 49 1133.069900
1 50 1145.294603
1 51 1134.265182
1 52 1107.826505
1 53 1109.247311
1 54 1081.087496
1 55 1080.359960
1 56 1076.715274
1 57 1078.539860
1 58 1084.429613
1 59 1061.566218
1 60 1046.410673
1 61 986.154453
1 62 975.763172
1 63 981.918515
1 64 943.462946
2 1 989.164043
2 2 1022.780620
2 3 1032.148899
2 4 996.192176
2 5 1008.733981
2 6 1005.903512
2 7 1040.000033
2 8 1055.665386
2 9 1033.510480
2 10 1059.498959
2 11 1082.992435
2 12 1093.176478
2 13 1088.921274
2 14 1094.977643
2 15 1130.511916
2 16 1147.364516
2 17 1117.499629
2 18 997.291741
2 19 1023.514022
2 20 1131.611965
2 21 1000.806626
2 22 974.086991
2 23 984.269062
2 24 816.161103
2 25 766.208588
2 26 564.521556
2 27 54.869064
2 28 -16.208102
2 29 -118.795155
2 30 -156.295040
2 31 -189.160998
2 32 -157.411858
2 33 -153.043533
2 34 -188.640218
2 35 -171.652525
2 36 -126.107459
2 37 -23.761132
2 38 54.400921
2 39 583.653778
2 40 775.936026
2 41 800.945111
2 42 975.393177
2 43 973.955432
2 44 998.256601
2 45 1150.947170
2 46 1041.364917
2 47 987.280277
2 48 1105.042758
2 49 1141.454764
2 50 1140.921453
2 51 1110.581325
2 52 1095.697304
2 53 1087.669819
2 54 1079.789121
2 55 1060.080911
2 56 1044.035683
2 57 1064.272320
2 58 1036.738504
2 59 997.159105
2 60 998.454585
2 61 996.799295
2 62 1035.117847
2 63 1026.471929
2 64 987.682155
3 1 983.528520
3 2 1016.411301
3 3 1043.328429
3 4 993.688678
3 5 1007.328650
3 6 1038.981014
3 7 1046.428688
3 8 1052.059156
3 9 1070.063491
3 10 1032.778426
3 11 1050.413919
3 12 1085.080945
3 13 1090.379102
3 14 1094.891388
3 15 1078.890801
3 16 1081.357642
3 17 1005.302067
3 18 893.733182
3 19 965.033987
3 20 896.974535
3 21 688.821202
3 22 607.783836
3 23 -47.331669
3 24 -16.401791
3 25 40.024808
3 26 46.875298
3 27 142.440915
3 28 455.214481
3 29 893.816969
3 30 1372.790594
3 31 1711.065771
3 32 1856.965758
3 33 1862.600864
3 34 1709.869632
3 35 1356.926029
3 36 893.438032
3 37 441.957511
3 38 149.350852
3 39 54.982351
3 40 43.615431
3 41 -25.492575
3 42 -49.934419
3 43 602.919432
3 44 686.678995
3 45 917.804291
3 46 971.005652
3 47 884.468920
3 48 999.036709
3 49 1074.943852
3 50 1092.239591
3 51 1115.846993
3 52 1090.976690
3 53 1082.368779
3 54 1052.853452
3 55 1033.963165
3 56 1080.851923
3 57 1052.931560
3 58 1040.065311
3 59 1027.843235
3 60 1008.184105
3 61 1001.321353
3 62 1054.130014
3 63 1013.318750
3 64 987.520458
4 1 974.179132
4 2 1015.513321
4 3 988.200339
4 4 1008.926859
4 5 1035.467041
4 6 1058.259431
4 7 1071.405687
4 8 1039.173649
4 9 1040.714218
4 10 1049.236692
4 11 1028.668796
4 12 1061.990203
4 13 1048.865488
4 14 1048.768925
4 15 995.113869
4 16 957.824273
4 17 851.076659
4 18 714.492504
4 19 752.587668
4 20 330.359453
4 21 19.437418
4 22 138.787052
4 23 167.881287
4 24 170.817132
4 25 231.704437
4 26 818.929384
4 27 1802.607786
4 28 2899.501157
4 29 3656.830420
4 30 4208.827515
4 31 4512.819815
4 32 4633.458162
4 33 4639.962049
4 34 4509.853367
4 35 4194.369214
4 36 3659.946718
4 37 2889.311924
4 38 1803.807776
4 39 819.644674
4 40 237.350353
4 41 165.274034
4 42 172.292167
4 43 127.641303
4 44 24.634021
4 45 346.767268
4 46 750.593464
4 47 712.065285
4 48 849.422481
4 49 954.022760
4 50 1013.543283
4 51 1055.589540
4 52 1038.363766
4 53 1060.512264
4 54 1023.886132
4 55 1049.302665
4 56 1048.071056
4 57 1036.954236
4 58 1062.875017
4 59 1062.016156
4 60 1042.586145
4 61 1020.015855
4 62 986.716633
4 63 1015.020287
4 64 970.176290
5 1 1002.514128
5 2 1013.912621
5 3 998.920609
5 4 1035.085561
5 5 1051.869336
5 6 1014.044645
5 7 1044.314950
5 8 1025.352183
5 9 1030.026058
5 10 993.896266
5 11 1018.510331
5 12 1009.188700
5 13 986.484246
5 14 936.692788
5 15 895.861258
5 16 799.740813
5 17 593.696724
5 18 326.794000
5 19 202.709481
5 20 90.534380
5 21 106.582851
5 22 -99.276440
5 23 -97.378857
5 24 875.517618
5 25 2403.640217
5 26 3829.066487
5 27 4761.098441
5 28 5133.111177
5 29 5276.019442
5 30 5371.281821
5 31 5395.501522
5 32 5387.259286
5 33 5390.195078
5 34 5393.613246
5 35 5364.318731
5 36 5282.860086
5 37 5129.207109
5 38 4746.380574
5 39 3831.129844
5 40 2406.615674
5 41 878.445307
5 42 -94.496879
5 43 -106.437441
5 44 117.486995
5 45 96.527682
5 46 198.211383
5 47 326.401040
5 48 591.688442
5 49 802.187146
5 50 909.383876
5 51 931.251746
5 52 979.215430
5 53 1012.696084
5 54 1018.473039
5 55 996.789652
5 56 1028.202415
5 57 1014.969065
5 58 1045.641940
5 59 1022.779493
5 60 1064.642928
5 61 1034.678078
5 62 995.821137
5 63 1009.815551
5 64 1006.361494
6 1 977.059386
6 2 972.345922
6 3 1020.091151
6 4 1045.114576
6 5 1007.501540
6 6 1035.243874
6 7 1015.011578
6 8 1040.360786
6 9 1015.714969
6 10 979.100438
6 11 960.256383
6 12 967.253880
6 13 919.327584
6 14 868.209082
6 15 741.586814
6 16 466.513966
6 17 -23.365213
6 18 55.218249
6 19 -128.473417
6 20 -176.935568
6 21 -81.646688
6 22 514.736076
6 23 2092.275232
6 24 3797.789236
6 25 4851.360119
6 26 5312.870309
6 27 5462.155666
6 28 5464.456798
6 29 5438.246926
6 30 5447.246521
6 31 5459.953254
6 32 5449.076799
6 33 5456.769025
6 34 5460.420769
6 35 5444.815732
6 36 5445.345848
6 37 5445.879366
6 38 5440.511155
6 39 5314.004731
6 40 4858.606250
6 41 3809.439791
6 42 2095.634201
6 43 519.349164
6 44 -79.350521
6 45 -185.672353
6 46 -127.780486
6 47 58.189725
6 48 -26.799283
6 49 471.325805
6 50 742.700816
6 51 860.325520
6 52 919.106192
6 53 979.418365
6 54 962.202055
6 55 979.600059
6 56 1009.049460
6 57 1039.061723
6 58 1021.901554
6 59 1047.899792
6 60 1013.556210
6 61 1044.830014
6 62 1011.575008
6 63 978.198710
6 64 985.770487
7 1 997.992095
7 2 967.032122
7 3 1013.840517
7 4 1028.720090
7 5 1043.439980
7 6 1009.584295
7 7 989.131433
7 8 972.764299
7 9 968.316158
7 10 935.084093
7 11 916.227297
7 12 871.203878
7 13 777.313178
7 14 588.113508
7 15 -9.962735
7 16 -130.935989
7 17 -259.635546
7 18 -29.141821
7 19 29.746032
7 20 116.871585
7 21 881.399404
7 22 2942.242498
7 23 4670.718986
7 24 5331.845640
7 25 5434.604861
7 26 5458.752857
7 27 5482.845128
7 28 5461.477398
7 29 5453.648502
7 30 5453.485659
7 31 5462.244193
7 32 5458.375735
7 33 5464.327668
7 34 5457.555391
7 35 5452.200036
7 36 5452.958305
7 37 5445.344155
7 38 5460.718165
7 39 5447.856309
7 40 5450.452183
7 41 5353.517531
7 42 4670.012533
7 43 2942.015660
7 44 863.719581
7 45 103.894601
7 46 45.665581
7 47 -19.807509
7 48 -254.510792
7 49 -138.704442
7 50 -23.648150
7 51 585.823105
7 52 790.071709
7 53 887.514896
7 54 910.561992
7 55 925.803808
7 56 966.569748
7 57 980.837600
7 58 1002.492964
7 59 1017.702067
7 60 1039.960464
7 61 1021.110360
7 62 1017.462794
7 63 972.388564
7 64 1010.333193
8 1 935.122022
8 2 970.645264
8 3 986.401700
8 4 1021.950672
8 5 1020.346922
8 6 1026.983709
8 7 982.415059
8 8 971.695922
8 9 932.919882
8 10 843.529817
8 11 741.750474
8 12 596.836772
8 13 337.873308
8 14 -75.935679
8 15 -67.745090
8 16 -99.405098
8 17 139.805682
8 18 81.629139
8 19 -134.109923
8 20 1256.161967
8 21 3680.882345
8 22 5030.984854
8 23 5432.534910
8 24 5463.884416
8 25 5436.838548
8 26 5457.604622
8 27 5480.779074
8 28 5455.568537
8 29 5456.898171
8 30 5456.683341
8 31 5457.629639
8 32 5462.158658
8 33 5478.479714
8 34 5460.766307
8 35 5459.842580
8 36 5446.959364
8 37 5444.278193
8 38 5455.164511
8 39 5453.673063
8 40 5454.396181
8 41 5480.126052
8 42 5434.928642
8 43 5026.574667
8 44 3652.064888
8 45 1265.737355
8 46 -111.836055
8 47 88.693784
8 48 136.861113
8 49 -122.762797
8 50 -70.764016
8 51 -64.410774
8 52 355.561215
8 53 594.350763
8 54 725.905128
8 55 843.239199
8 56 942.639843
8 57 986.386302
8 58 990.860909
8 59 1021.158656
8 60 1011.446326
8 61 1015.920787
8 62 995.661594
8 63 985.253735
8 64 935.543406
9 1 940.348082
9 2 950.049605
9 3 985.403517
9 4 991.275450
9 5 997.527319
9 6 982.587728
9 7 923.386823
9 8 834.843551
9 9 771.584897
9 10 635.473645
9 11 506.352286
9 12 265.286419
9 13 -24.121395
9 14 41.920214
9 15 123.213391
9 16 -78.409472
9 17 -43.422159
9 18 64.071012
9 19 1410.627173
9 20 3779.221977
9 21 5227.453122
9 22 5453.077765
9 23 5449.858651
9 24 5462.542829
9 25 5438.763444
9 26 5462.411382
9 27 5484.076937
9 28 5462.950063
9 29 5460.095119
9 30 5457.102214
9 31 5460.591055
9 32 5463.317089
9 33 5488.749088
9 34 5459.803668
9 35 5448.748070
9 36 5450.193643
9 37 5447.652256
9 38 5449.900879
9 39 5443.141117
9 40 5461.487837
9 41 5488.099503
9 42 5463.457351
9 43 5440.847100
9 44 5203.012023
9 45 3798.617253
9 46 1425.839418
9 47 80.564700
9 48 -62.582497
9 49 -97.243731
9 50 135.791965
9 51 53.706499
9 52 -16.480995
9 53 253.240297
9 54 500.629663
9 55 643.506975
9 56 782.981176
9 57 837.810294
9 58 915.234921
9 59 973.956970
9 60 992.638117
9 61 998.180451
9 62 999.717313
9 63 952.497093
9 64 940.427761
10 1 897.687301
10 2 948.502313
10 3 913.712266
10 4 905.998348
10 5 882.244882
10 6 868.833732
10 7 814.298670
10 8 748.013139
10 9 672.601386
10 10 534.951932
10 11 183.091963
10 12 13.033687
10 13 133.486273
10 14 131.061240
10 15 -148.969958
10 16 -74.992303
10 17 153.186590
10 18 1157.869611
10 19 3775.242833
10 20 5211.418268
10 21 5483.129280
10 22 5470.022136
10 23 5453.798385
10 24 5452.080667
10 25 5444.112356
10 26 5470.913578
10 27 5476.470159
10 28 5456.642365
10 29 5463.625799
10 30 5461.382528
10 31 5449.709526
10 32 5473.009241
10 33 5504.364699
10 34 5447.801000
10 35 5441.204437
10 36 5455.360376
10 37 5434.255573
10 38 5452.056897
10 39 5462.138118
10 40 5473.602707
10 41 5490.912889
10 42 5475.164259
10 43 5450.363411
10 44 5470.869547
10 45 5227.883138
10 46 3806.366166
10 47 1151.687269
10 48 122.778547
10 49 -72.673794
10 50 -135.253184
10 51 144.893729
10 52 131.753056
10 53 -6.803697
10 54 182.441987
10 55 543.768408
10 56 675.266229
10 57 743.056219
10 58 807.425444
10 59 867.806751
10 60 890.216753
10 61 926.245912
10 62 920.519450
10 63 954.280557
10 64 898.172928
11 1 804.586065
11 2 881.515647
11 3 861.652460
11 4 858.877039
11 5 863.095674
11 6 822.835859
11 7 766.735969
11 8 677.664290
11 9 500.966073
11 10 229.790253
11 11 89.616679
11 12 90.296160
11 13 -41.372517
11 14 -41.270731
11 15 40.349584
11 16 -121.830929
11 17 831.745411
11 18 3531.918037
11 19 5167.604579
11 20 5436.281466
11 21 5477.007392
11 22 5465.518060
11 23 5457.931031
11 24 5451.497046
11 25 5443.843990
11 26 5465.489812
11 27 5461.382059
11 28 5452.693721
11 29 5458.441170
11 30 5445.574562
11 31 5438.414785
11 32 5466.982342
11 33 5491.447470
11 34 5442.671291
11 35 5452.187143
11 36 5473.712655
11 37 5439.688169
11 38 5461.102054
11 39 5460.938421
11 40 5475.891390
11 41 5507.655476
11 42 5458.148875
11 43 5445.250241
11 44 5463.560707
11 45 5460.850768
11 46 5196.854024
11 47 3513.632544
11 48 816.828133
11 49 -114.818845
11 50 60.364984
11 51 -35.821468
11 52 -51.192525
11 53 85.527148
11 54 105.383792
11 55 245.002381
11 56 506.347302
11 57 677.729779
11 58 774.623069
11 59 836.695807
11 60 880.744275
11 61 868.078254
11 62 865.341903
11 63 882.463467
11 64 813.311028
12 1 827.798816
12 2 846.621372
12 3 885.739616
12 4 848.944493
12 5 818.281871
12 6 782.355812
12 7 701.920462
12 8 607.539364
12 9 365.780253
12 10 82.914846
12 11 -52.467239
12 12 -105.341057
12 13 75.139445
12 14 105.471296
12 15 -247.466110
12 16 443.004523
12 17 2866.079078
12 18 5055.522118
12 19 5447.324405
12 20 5433.308549
12 21 5471.576062
12 22 5448.412573
12 23 5463.906996
12 24 5448.275161
12 25 5443.843273
12 26 5470.251375
12 27 5463.364373
12 28 5453.178836
12 29 5561.489603
12 30 5616.342800
12 31 5521.438200
12 32 5565.114344
12 33 5582.265797
12 34 5753.136623
12 35 5715.951804
12 36 5471.094661
12 37 5432.857183
12 38 5468.303954
12 39 5480.360613
12 40 5482.280376
12 41 5507.806463
12 42 5453.898791
12 43 5450.790620
12 44 5469.730992
12 45 5468.437359
12 46 5460.621654
12 47 5052.255412
12 48 2864.443397
12 49 471.373554
12 50 -229.797823
12 51 106.366438
12 52 79.314057
12 53 -92.580875
12 54 -31.705627
12 55 85.019386
12 56 361.113683
12 57 611.514953
12 58 714.159854
12 59 790.601469
12 60 819.837698
12 61 848.702527
12 62 883.704663
12 63 856.662625
12 64 842.011439
13 1 829.070896
13 2 759.907149
13 3 833.690788
13 4 822.501078
13 5 796.143246
13 6 757.391228
13 7 681.492229
13 8 424.274408
13 9 -6.976994
13 10 -117.885060
13 11 -45.457502
13 12 162.894575
13 13 12.446799
13 14 -20.910966
13 15 49.885513
13 16 1977.846851
13 17 4679.984478
13 18 5452.865527
13 19 5461.553068
13 20 5456.722175
13 21 5476.916131
13 22 5459.440413
13 23 5463.914458
13 24 5486.104979
13 25 5480.741437
13 26 5487.109420
13 27 5451.792236
13 28 5479.360890
13 29 5922.710732
13 30 6102.473040
13 31 5852.254953
13 32 5884.515629
13 33 5888.279632
13 34 5972.320005
13 35 5897.725622
13 36 5458.582688
13 37 5413.706475
13 38 5441.890678
13 39 5447.778482
13 40 5444.897991
13 41 5467.614997
13 42 5425.478483
13 43 5436.163785
13 44 5455.338089
13 45 5455.817449
13 46 5451.365023
13 47 5440.963264
13 48 4670.923821
13 49 1978.098774
13 50 32.266775
13 51 -21.245147
13 52 12.513220
13 53 165.732739
13 54 -55.895006
13 55 -133.013628
13 56 -11.696042
13 57 430.271549
13 58 683.839009
13 59 751.898239
13 60 792.676908
13 61 821.860761
13 62 843.585848
13 63 771.219309
13 64 834.114939
14 1 890.322199
14 2 753.411619
14 3 833.730477
14 4 837.189425
14 5 782.661452
14 6 690.710724
14 7 439.558323
14 8 -68.357491
14 9 -70.734850
14 10 18.856331
14 11 100.068179
14 12 -82.888413
14 13 153.646469
14 14 -59.258071
14 15 889.154543
14 16 3919.604397
14 17 5374.707863
14 18 5472.683297
14 19 5462.372570
14 20 5454.289329
14 21 5489.666951
14 22 5458.093720
14 23 5436.235732
14 24 5464.312888
14 25 5458.188312
14 26 5467.492992
14 27 5486.304188
14 28 5489.293411
14 29 5685.343030
14 30 5790.649510
14 31 5629.937578
14 32 5638.808518
14 33 5666.920753
14 34 5865.545777
14 35 5808.669164
14 36 5485.041559
14 37 5474.983868
14 38 5510.693018
14 39 5506.739369
14 40 5499.363753
14 41 5514.652072
14 42 5459.024590
14 43 5454.546144
14 44 5466.303866
14 45 5439.369082
14 46 5463.022038
14 47 5463.805997
14 48 5352.348926
14 49 3902.277400
14 50 888.284665
14 51 -50.605453
14 52 142.584155
14 53 -102.509130
14 54 81.771940
14 55 14.838288
14 56 -63.115295
14 57 -64.876220
14 58 425.482083
14 59 680.089306
14 60 780.566574
14 61 843.842646
14 62 838.975884
14 63 752.533250
14 64 887.345944
15 1 935.849602
15 2 804.433607
15 3 786.336521
15 4 762.172914
15 5 645.985288
15 6 419.682374
15 7 -37.841692
15 8 11.378383
15 9 79.497856
15 10 18.966398
15 11 -154.191717
15 12 142.092107
15 13 77.706069
15 14 146.579699
15 15 2687.185334
15 16 5088.380855
15 17 5465.343038
15 18 5468.889576
15 19 5462.107917
15 20 5449.679775
15 21 5494.263601
15 22 5447.615192
15 23 5441.087719
15 24 5500.452020
15 25 5526.265755
15 26 5464.482274
15 27 5459.546022
15 28 5411.454722
15 29 5470.835584
15 30 5478.535131
15 31 5439.840874
15 32 5442.494130
15 33 5467.304581
15 34 5531.422091
15 35 5514.327630
15 36 5458.796379
15 37 5421.848896
15 38 5431.855905
15 39 5429.168741
15 40 5423.684733
15 41 5461.354172
15 42 5445.482247
15 43 5468.189326
15 44 5478.395280
15 45 5466.209478
15 46 5491.564269
15 47 5470.400421
15 48 5435.375259
15 49 5087.376411
15 50 2698.867976
15 51 149.155304
15 52 49.229849
15 53 131.054481
15 54 -149.547417
15 55 29.853051
15 56 82.027621
15 57 -5.972760
15 58 -54.404372
15 59 423.615651
15 60 658.174175
15 61 771.650166
15 62 788.636030
15 63 807.354450
15 64 937.052038
16 1 935.949644
16 2 855.410771
16 3 635.525005
16 4 583.620207
16 5 463.028323
16 6 247.485245
16 7 28.635811
16 8 121.266934
16 9 20.298634
16 10 -110.594797
16 11 106.288517
16 12 -22.451244
16 13 99.315122
16 14 1159.381641
16 15 4331.967309
16 16 5418.779736
16 17 5475.610296
16 18 5467.165814
16 19 5462.467919
16 20 5448.306355
16 21 5489.558142
16 22 5477.686384
16 23 5405.092447
16 24 5446.663112
16 25 5488.992328
16 26 5464.479479
16 27 5461.051648
16 28 5431.699252
16 29 5481.859093
16 30 5468.578919
16 31 5455.844524
16 32 5451.676213
16 33 5485.709935
16 34 5473.952577
16 35 5436.400344
16 36 5452.272607
16 37 5438.686473
16 38 5478.884801
16 39 5484.169879
16 40 5482.937003
16 41 5495.688542
16 42 5442.981057
16 43 5435.120955
16 44 5413.425624
16 45 5443.673099
16 46 5480.528828
16 47 5441.725007
16 48 5443.783327
16 49 5434.991323
16 50 4353.809725
16 51 1148.179760
16 52 82.771390
16 53 -13.548663
16 54 120.824377
16 55 -109.194756
16 56 4.325521
16 57 106.086749
16 58 34.052015
16 59 261.075462
16 60 469.167581
16 61 584.018132
16 62 631.893068
16 63 850.130977
16 64 935.606004
17 1 871.853433
17 2 739.344580
17 3 527.773125
17 4 513.366082
17 5 387.815313
17 6 53.773614
17 7 112.054690
17 8 -12.158411
17 9 -52.124128
17 10 141.405429
17 11 -117.981518
17 12 116.270516
17 13 184.131482
17 14 2798.767503
17 15 5152.080992
17 16 5451.425306
17 17 5474.321142
17 18 5443.640010
17 19 5455.129487
17 20 5449.474077
17 21 5456.811351
17 22 5456.993944
17 23 5422.460481
17 24 5474.353138
17 25 5477.526217
17 26 5481.584320
17 27 5466.890837
17 28 5458.820348
17 29 5459.039727
17 30 5445.466368
17 31 5489.459392
17 32 5467.931370
17 33 5467.419911
17 34 5470.987704
17 35 5418.011378
17 36 5464.721424
17 37 5444.409867
17 38 5474.622142
17 39 5454.370627
17 40 5429.107622
17 41 5461.934117
17 42 5465.971385
17 43 5469.949407
17 44 5470.904076
17 45 5492.438199
17 46 5466.308127
17 47 5414.713595
17 48 5469.332761
17 49 5480.592323
17 50 5155.171170
17 51 2773.792877
17 52 178.995171
17 53 131.293415
17 54 -117.746477
17 55 127.639458
17 56 -64.114701
17 57 -11.927731
17 58 125.368164
17 59 55.684118
17 60 383.269102
17 61 507.192381
17 62 525.844348
17 63 745.074786
17 64 878.367208
18 1 767.597632
18 2 748.805952
18 3 547.254866
18 4 389.436728
18 5 221.070840
18 6 81.898108
18 7 -40.021942
18 8 -20.761250
18 9 137.062653
18 10 -106.674289
18 11 94.263331
18 12 -38.505710
18 13 968.051989
18 14 4123.680887
18 15 5413.407742
18 16 5447.588382
18 17 5473.278582
18 18 5451.699805
18 19 5452.587660
18 20 5462.565305
18 21 5473.396904
18 22 5455.341968
18 23 5434.559524
18 24 5484.052887
18 25 5448.118787
18 26 5475.465865
18 27 5490.478153
18 28 5450.896433
18 29 5442.396319
18 30 5458.813320
18 31 5517.946679
18 32 5445.738105
18 33 5443.737336
18 34 5464.592849
18 35 5396.944315
18 36 5459.706096
18 37 5451.741294
18 38 5482.577994
18 39 5455.481641
18 40 5447.947518
18 41 5493.004505
18 42 5473.214999
18 43 5438.432336
18 44 5454.919694
18 45 5487.378709
18 46 5476.663659
18 47 5462.053964
18 48 5493.746807
18 49 5462.938852
18 50 5411.440302
18 51 4117.567147
18 52 985.447253
18 53 -33.252233
18 54 83.260676
18 55 -110.754252
18 56 141.466546
18 57 -9.487019
18 58 -37.656698
18 59 75.888759
18 60 216.911697
18 61 393.747082
18 62 555.583843
18 63 751.631660
18 64 763.699476
19 1 788.314989
19 2 723.756095
19 3 577.255035
19 4 310.746175
19 5 -9.368176
19 6 -66.129671
19 7 29.443109
19 8 148.870964
19 9 -52.437811
19 10 13.121592
19 11 7.657842
19 12 174.719399
19 13 2221.420621
19 14 4987.606263
19 15 5423.959465
19 16 5442.985977
19 17 5490.453801
19 18 5470.822163
19 19 5437.845698
19 20 5480.858152
19 21 5464.656729
19 22 5444.548790
19 23 5424.432959
19 24 5503.937799
19 25 5436.490901
19 26 5458.200029
19 27 5517.460889
19 28 5443.356990
19 29 5444.181532
19 30 5421.932049
19 31 5483.405700
19 32 5455.255117
19 33 5472.191605
19 34 5494.429605
19 35 5437.475540
19 36 5487.739549
19 37 5487.767936
19 38 5506.341496
19 39 5457.870057
19 40 5449.483262
19 41 5489.105649
19 42 5455.366956
19 43 5468.184408
19 44 5461.630718
19 45 5476.857377
19 46 5449.175933
19 47 5460.912358
19 48 5478.858096
19 49 5462.397021
19 50 5449.824252
19 51 5000.552504
19 52 2233.797971
19 53 172.331143
19 54 14.129741
19 55 24.278182
19 56 -53.948501
19 57 143.363216
19 58 20.940901
19 59 -69.215704
19 60 -2.204011
19 61 319.146056
19 62 578.935482
19 63 722.754324
19 64 787.235352
20 1 737.728160
20 2 741.718843
20 3 618.127790
20 4 46.194000
20 5 -144.784393
20 6 -18.149008
20 7 121.715792
20 8 -11.389519
20 9 25.983690
20 10 26.104262
20 11 -53.524305
20 12 553.937107
20 13 3519.995317
20 14 5362.909062
20 15 5471.625348
20 16 5427.418612
20 17 5457.264136
20 18 5494.017233
20 19 5430.456474
20 20 5471.380088
20 21 5465.531848
20 22 5445.750170
20 23 5437.797778
20 24 5496.185114
20 25 5447.655245
20 26 5453.490610
20 27 5357.647122
20 28 5161.646363
20 29 5080.194338
20 30 5238.883872
20 31 5498.257310
20 32 5487.273516
20 33 5462.617145
20 34 5453.493054
20 35 5410.076440
20 36 5439.036339
20 37 5465.030469
20 38 5469.933740
20 39 5431.245991
20 40 5441.648673
20 41 5456.715294
20 42 5469.093872
20 43 5465.636254
20 44 5430.632917
20 45 5489.948482
20 46 5464.148328
20 47 5469.129215
20 48 5447.041741
20 49 5449.938358
20 50 5464.170232
20 51 5333.502917
20 52 3509.738451
20 53 561.597993
20 54 -39.696641
20 55 25.386268
20 56 20.448478
20 57 -9.774318
20 58 128.088267
20 59 -6.041254
20 60 -140.416612
20 61 40.506006
20 62 613.899052
20 63 741.594230
20 64 744.276128
21 1 759.984841
21 2 655.886761
21 3 446.821605
21 4 -110.672930
21 5 -110.856759
21 6 67.153383
21 7 -24.597225
21 8 0.245944
21 9 161.592019
21 10 -172.937135
21 11 137.251124
21 12 1359.188863
21 13 4417.691534
21 14 5447.163132
21 15 5478.024870
21 16 5434.740721
21 17 5449.388983
21 18 5497.534627
21 19 5456.953775
21 20 5507.844891
21 21 5470.234295
21 22 5447.867368
21 23 5494.160105
21 24 5458.749442
21 25 5433.612132
21 26 5262.969128
21 27 4897.815468
21 28 4761.102054
21 29 4689.120493
21 30 4773.960575
21 31 5223.565105
21 32 5498.541725
21 33 5459.971871
21 34 5469.317907
21 35 5466.251010
21 36 5472.925076
21 37 5489.411559
21 38 5467.572086
21 39 5457.706818
21 40 5438.807033
21 41 5445.133896
21 42 5494.232431
21 43 5441.048901
21 44 5429.368176
21 45 5505.895680
21 46 5447.577185
21 47 5443.743725
21 48 5444.828012
21 49 5459.713935
21 50 5451.513732
21 51 5425.993685
21 52 4426.247894
21 53 1369.195270
21 54 128.530345
21 55 -193.432203
21 56 162.157682
21 57 13.942420
21 58 -8.082711
21 59 76.069663
21 60 -112.800815
21 61 -113.905947
21 62 446.152103
21 63 657.019847
21 64 761.947571
22 1 650.971531
22 2 500.541653
22 3 312.457394
22 4 24.536809
22 5 -77.280022
22 6 -38.339307
22 7 -56.781572
22 8 180.554054
22 9 -131.489556
22 10 145.411200
22 11 -13.955805
22 12 2456.569647
22 13 5019.106963
22 14 5420.966447
22 15 5484.737295
22 16 5477.191962
22 17 5436.638418
22 18 5476.022007
22 19 5416.581104
22 20 5495.286555
22 21 5474.893239
22 22 5408.818270
22 23 5474.093488
22 24 5478.038328
22 25 5311.841751
22 26 4856.724177
22 27 4708.108654
22 28 4767.077625
22 29 4755.248832
22 30 4737.956539
22 31 4939.160758
22 32 5479.695365
22 33 5439.886624
22 34 5425.412266
22 35 5439.261137
22 36 5484.383527
22 37 5474.207107
22 38 5436.065789
22 39 5465.778679
22 40 5441.606868
22 41 5478.969876
22 42 5514.258480
22 43 5448.558256
22 44 5484.204443
22 45 5509.685080
22 46 5423.213105
22 47 5462.429017
22 48 5469.724784
22 49 5467.524917
22 50 5443.118395
22 51 5429.038479
22 52 5029.175793
22 53 2438.498486
22 54 -44.954004
22 55 137.133419
22 56 -119.762029
22 57 183.347046
22 58 -64.113643
22 59 -51.212162
22 60 -83.679111
22 61 28.743127
22 62 321.959801
22 63 508.382095
22 64 652.894280
23 1 511.420391
23 2 465.456976
23 3 61.691841
23 4 146.440071
23 5 -141.741164
23 6 -140.545493
23 7 131.268545
23 8 -8.643825
23 9 69.256157
23 10 -20.032941
23 11 462.170311
23 12 3228.846958
23 13 5262.854106
23 14 5457.693265
23 15 5459.170411
23 16 5449.368041
23 17 5445.613735
23 18 5484.772275
23 19 5411.439038
23 20 5460.027087
23 21 5464.380525
23 22 5402.238016
23 23 5540.607720
23 24 5344.857135
23 25 4865.752587
23 26 4705.640238
23 27 4705.654160
23 28 4717.326100
23 29 4707.177286
23 30 4741.403399
23 31 4774.467354
23 32 5380.966450
23 33 5470.905582
23 34 5457.960420
23 35 5490.498102
23 36 5289.762488
23 37 5112.212563
23 38 5281.126475
23 39 5484.542603
23 40 5448.462718
23 41 5428.898263
23 42 5484.905722
23 43 5451.690220
23 44 5474.095628
23 45 5455.632309
23 46 5449.140071
23 47 5472.222804
23 48 5453.373753
23 49 5472.832466
23 50 5468.866027
23 51 5466.573381
23 52 5250.949608
23 53 3222.309450
23 54 466.970338
23 55 -7.941228
23 56 67.700606
23 57 -18.189681
23 58 120.792027
23 59 -143.415768
23 60 -137.602559
23 61 145.326498
23 62 55.480545
23 63 461.334952
23 64 509.935128
24 1 463.658634
24 2 399.815229
24 3 117.305420
24 4 96.841814
24 5 -131.870951
24 6 -82.094665
24 7 27.777484
24 8 -55.670930
24 9 224.852916
24 10 -170.061762
24 11 862.760317
24 12 4053.071648
24 13 5379.464153
24 14 5439.040402
24 15 5445.906305
24 16 5470.290922
24 17 5426.819492
24 18 5482.854778
24 19 5436.522087
24 20 5438.379579
24 21 5428.011310
24 22 5500.639651
24 23 5484.213451
24 24 4957.344205
24 25 4731.469099
24 26 4754.352462
24 27 4722.942261
24 28 4748.311635
24 29 4716.259338
24 30 4765.409707
24 31 4760.881701
24 32 5265.954484
24 33 5482.256180
24 34 5457.290965
24 35 5403.231538
24 36 4857.813561
24 37 4730.435673
24 38 4812.817683
24 39 5147.554242
24 40 5468.928205
24 41 5406.652478
24 42 5538.631635
24 43 5464.460878
24 44 5434.424922
24 45 5460.690237
24 46 5458.063184
24 47 5449.552352
24 48 5486.145498
24 49 5472.048860
24 50 5433.344189
24 51 5451.570218
24 52 5396.775363
24 53 4062.648489
24 54 869.564905
24 55 -162.354444
24 56 229.553043
24 57 -52.226816
24 58 38.245346
24 59 -70.579470
24 60 -126.053785
24 61 98.771856
24 62 115.635899
24 63 397.804094
24 64 461.657740
25 1 423.571537
25 2 322.428995
25 3 37.810096
25 4 36.786030
25 5 79.178504
25 6 -117.663390
25 7 -184.317129
25 8 169.063299
25 9 -44.238411
25 10 132.042292
25 11 1422.261002
25 12 4566.263733
25 13 5394.212452
25 14 5443.026964
25 15 5461.260184
25 16 5461.420116
25 17 5450.060812
25 18 5468.292972
25 19 5444.206602
25 20 5521.607355
25 21 5459.294518
25 22 5436.135100
25 23 5286.010771
25 24 4778.313384
25 25 4706.402538
25 26 4727.737135
25 27 4716.210113
25 28 4737.273420
25 29 4698.912853
25 30 4738.941052
25 31 4770.151277
25 32 5189.172153
25 33 5469.327626
25 34 5487.614459
25 35 5250.428359
25 36 4689.537446
25 37 4782.079854
25 38 4726.603050
25 39 4824.500401
25 40 5198.404147
25 41 5431.500145
25 42 5521.778691
25 43 5417.723543
25 44 5466.607250
25 45 5486.014826
25 46 5455.287357
25 47 5445.649118
25 48 5483.638574
25 49 5437.721495
25 50 5438.976867
25 51 5453.304799
25 52 5413.341295
25 53 4566.557680
25 54 1423.872501
25 55 137.760117
25 56 -31.935550
25 57 184.880816
25 58 -175.332694
25 59 -116.136926
25 60 75.851918
25 61 35.341106
25 62 43.270585
25 63 335.370332
25 64 440.344306
26 1 532.446861
26 2 81.650723
26 3 -59.063583
26 4 74.421642
26 5 208.116490
26 6 -234.211734
26 7 -113.540529
26 8 132.893808
26 9 -4.076821
26 10 119.739633
26 11 2079.039632
26 12 4845.532957
26 13 5452.768092
26 14 5449.058146
26 15 5443.763851
26 16 5458.232300
26 17 5431.007171
26 18 5499.871197
26 19 5435.867992
26 20 5539.567475
26 21 5366.472588
26 22 5441.528706
26 23 4891.896536
26 24 4712.125716
26 25 4754.554964
26 26 4709.512195
26 27 4738.112498
26 28 4758.055093
26 29 4719.602448
26 30 4717.219417
26 31 4789.250770
26 32 5187.420069
26 33 5419.844051
26 34 5566.049734
26 35 5094.502380
26 36 4721.316247
26 37 4763.658186
26 38 4719.333924
26 39 4725.068419
26 40 4938.437271
26 41 5272.589284
26 42 5488.608799
26 43 5469.802469
26 44 5453.147778
26 45 5473.695078
26 46 5448.993921
26 47 5487.129953
26 48 5461.709075
26 49 5416.521678
26 50 5470.959739
26 51 5459.378527
26 52 5418.570280
26 53 4816.413717
26 54 2089.704295
26 55 138.015895
26 56 0.830174
26 57 124.736034
26 58 -121.640966
26 59 -240.795339
26 60 208.782968
26 61 80.490870
26 62 -51.223418
26 63 84.904710
26 64 534.435067
27 1 537.846282
27 2 -167.830294
27 3 -87.937335
27 4 105.679139
27 5 122.249779
27 6 -105.874804
27 7 -56.629967
27 8 -132.029099
27 9 324.585071
27 10 -83.900346
27 11 2689.766620
27 12 5083.674953
27 13 5456.587586
27 14 5434.140076
27 15 5455.997478
27 16 5477.186289
27 17 5425.327665
27 18 5500.797227
27 19 5422.492783
27 20 5491.021992
27 21 5347.351191
27 22 5341.673363
27 23 4694.005456
27 24 4699.822403
27 25 4747.919696
27 26 4742.248228
27 27 4674.188072
27 28 4763.421206
27 29 4729.876955
27 30 4714.743228
27 31 4781.244203
27 32 5218.011009
27 33 5381.913277
27 34 5599.165389
27 35 5026.835615
27 36 4766.555440
27 37 4731.625561
27 38 4707.286071
27 39 4732.936324
27 40 4803.737034
27 41 5042.437221
27 42 5372.476512
27 43 5548.140398
27 44 5440.198883
27 45 5503.911684
27 46 5413.426222
27 47 5459.622054
27 48 5446.822279
27 49 5478.221268
27 50 5460.454294
27 51 5435.856905
27 52 5461.189286
27 53 5099.496114
27 54 2695.059761
27 55 -95.102761
27 56 315.055940
27 57 -135.068974
27 58 -58.286629
27 59 -102.135176
27 60 126.278148
27 61 101.482292
27 62 -98.137689
27 63 -177.107695
27 64 532.462552
28 1 458.273318
28 2 22.423304
28 3 -126.471261
28 4 17.288034
28 5 13.641555
28 6 153.196966
28 7 -173.476746
28 8 -197.969824
28 9 285.334507
28 10 233.239769
28 11 3024.350759
28 12 5233.077784
28 13 5446.784836
28 14 5465.858116
28 15 5425.296456
28 16 5515.431494
28 17 5441.937858
28 18 5504.845969
28 19 5394.965220
28 20 5451.836460
28 21 5445.056719
28 22 4950.826977
28 23 4714.018870
28 24 4728.208643
28 25 4700.985923
28 26 4746.377944
28 27 4731.357413
28 28 4703.153122
28 29 4743.570854
28 30 4683.302830
28 31 4906.330057
28 32 5641.791344
28 33 5878.041168
28 34 5590.123371
28 35 5118.714280
28 36 4706.422170
28 37 4729.343713
28 38 4715.314603
28 39 4751.225189
28 40 4689.372396
28 41 4922.917360
28 42 5214.159037
28 43 5528.639138
28 44 5413.118205
28 45 5490.595777
28 46 5417.711990
28 47 5516.934340
28 48 5433.010882
28 49 5457.737467
28 50 5448.053718
28 51 5472.917595
28 52 5451.900772
28 53 5255.565641
28 54 3030.374951
28 55 226.814002
28 56 282.513253
28 57 -191.080165
28 58 -163.328470
28 59 154.616737
28 60 5.600280
28 61 9.788153
28 62 -130.070400
28 63 18.198100
28 64 454.442252
29 1 414.821262
29 2 137.019662
29 3 -18.530109
29 4 -208.317419
29 5 40.127064
29 6 259.155328
29 7 -258.163999
29 8 -77.735673
29 9 -2.290186
29 10 717.949879
29 11 3236.564629
29 12 5255.705227
29 13 5446.222915
29 14 5492.591919
29 15 5445.751788
29 16 5483.551062
29 17 5471.150237
29 18 5480.892022
29 19 5412.951897
29 20 5463.087213
29 21 5348.275436
29 22 4688.291074
29 23 4727.360221
29 24 4734.855186
29 25 4761.582996
29 26 4701.057132
29 27 4712.403926
29 28 4747.462112
29 29 4769.892121
29 30 4719.302703
29 31 5110.610614
29 32 5995.959005
29 33 6241.958144
29 34 5689.495573
29 35 5235.471874
29 36 4761.705877
29 37 4746.453855
29 38 4709.112365
29 39 4710.270890
29 40 4755.383413
29 41 4779.737937
29 42 5042.833023
29 43 5479.069058
29 44 5413.826347
29 45 5463.952255
29 46 5480.290596
29 47 5476.285680
29 48 5456.630615
29 49 5472.931730
29 50 5454.611237
29 51 5471.602593
29 52 5434.721738
29 53 5254.556200
29 54 3249.188905
29 55 747.191443
29 56 15.115257
29 57 -80.310776
29 58 -266.352849
29 59 255.360880
29 60 39.762679
29 61 -208.695464
29 62 -18.032137
29 63 138.181758
29 64 418.191577
30 1 367.845255
30 2 156.792046
30 3 13.797234
30 4 -226.676466
30 5 4.827314
30 6 171.130459
30 7 -98.671443
30 8 -64.138696
30 9 -230.049854
30 10 1035.856366
30 11 3458.131475
30 12 5290.721714
30 13 5425.234303
30 14 5490.284621
30 15 5489.749979
30 16 5438.478011
30 17 5484.069826
30 18 5419.489608
30 19 5440.442595
30 20 5514.560728
30 21 5074.480024
30 22 4708.560733
30 23 4703.364498
30 24 4697.921660
30 25 4739.106967
30 26 4772.049564
30 27 4727.431261
30 28 4701.716133
30 29 4771.705452
30 30 4697.864977
30 31 5068.486932
30 32 6054.831946
30 33 6073.562381
30 34 5674.691656
30 35 5303.653573
30 36 4769.007049
30 37 4710.727141
30 38 4719.745344
30 39 4772.734687
30 40 4746.204030
30 41 4690.091708
30 42 4905.337202
30 43 5335.747787
30 44 5460.279050
30 45 5481.554526
30 46 5477.689966
30 47 5448.960973
30 48 5476.048930
30 49 5460.601157
30 50 5480.302486
30 51 5455.651731
30 52 5430.165205
30 53 5298.718316
30 54 3461.410826
30 55 1029.756677
30 56 -229.596376
30 57 -62.540419
30 58 -101.444660
30 59 172.605892
30 60 11.203419
30 61 -217.475294
30 62 19.599718
30 63 155.628515
30 64 364.342389
31 1 326.816357
31 2 19.872195
31 3 59.366738
31 4 -19.760583
31 5 -94.523543
31 6 -8.123933
31 7 147.146035
31 8 -170.206487
31 9 -294.777728
31 10 1189.687222
31 11 3655.718677
31 12 5261.468994
31 13 5440.819414
31 14 5448.830263
31 15 5468.105267
31 16 5439.265145
31 17 5469.766223
31 18 5446.472832
31 19 5494.902262
31 20 5407.476837
31 21 4885.397156
31 22 4728.556065
31 23 4726.517728
31 24 4735.479037
31 25 4707.974620
31 26 4718.696607
31 27 4784.221126
31 28 4694.707085
31 29 4683.599471
31 30 4811.357381
31 31 4977.413700
31 32 5692.923105
31 33 5634.852593
31 34 5509.756633
31 35 5441.434697
31 36 4799.137016
31 37 4682.458692
31 38 4786.743458
31 39 4726.674105
31 40 4702.386627
31 41 4737.915999
31 42 4780.322751
31 43 5251.335730
31 44 5461.673042
31 45 5426.466963
31 46 5513.102295
31 47 5467.993996
31 48 5450.282014
31 49 5454.927873
31 50 5474.704232
31 51 5468.379916
31 52 5456.682154
31 53 5249.314327
31 54 3638.596212
31 55 1169.346347
31 56 -306.320290
31 57 -162.310221
31 58 159.839155
31 59 -6.345968
31 60 -101.667463
31 61 -25.120483
31 62 61.016430
31 63 27.899025
31 64 337.994068
32 1 218.101685
32 2 -118.840800
32 3 80.610899
32 4 172.788137
32 5 -159.401172
32 6 -150.726550
32 7 301.667690
32 8 -190.707377
32 9 -326.608626
32 10 1211.251175
32 11 3771.906315
32 12 5227.876110
32 13 5453.921279
32 14 5435.230049
32 15 5455.819628
32 16 5433.903717
32 17 5440.009017
32 18 5475.031370
32 19 5491.061410
32 20 5276.201694
32 21 4758.523838
32 22 4741.151488
32 23 4760.257998
32 24 4755.086939
32 25 4747.421118
32 26 4715.610723
32 27 4676.731363
32 28 4759.591622
32 29 4754.786454
32 30 4729.479806
32 31 5088.584875
32 32 5437.185901
32 33 5414.915709
32 34 5457.042793
32 35 5364.849380
32 36 5008.993603
32 37 4743.147749
32 38 4680.545614
32 39 4713.170146
32 40 4748.691333
32 41 4757.441501
32 42 4776.447083
32 43 5048.018858
32 44 5461.516948
32 45 5465.801365
32 46 5459.761164
32 47 5447.675136
32 48 5453.508249
32 49 5491.370471
32 50 5440.030577
32 51 5438.425668
32 52 5450.087177
32 53 5228.785622
32 54 3776.200741
32 55 1220.863440
32 56 -331.063201
32 57 -207.899618
32 58 291.841265
32 59 -150.362205
32 60 -162.347766
32 61 166.621202
32 62 76.688840
32 63 -115.208427
32 64 226.890919
33 1 243.773481
33 2 -162.100521
33 3 1.964461
33 4 198.632232
33 5 -64.135802
33 6 -225.542334
33 7 260.202818
33 8 -59.181783
33 9 -376.211681
33 10 1156.763692
33 11 3804.756638
33 12 5216.302272
33 13 5418.962399
33 14 5452.149102
33 15 5464.486443
33 16 5436.610405
33 17 5475.185261
33 18 5455.375735
33 19 5448.953559
33 20 5099.638509
33 21 4712.259004
33 22 4742.478680
33 23 4734.547130
33 24 4755.188286
33 25 4757.405002
33 26 4749.029555
33 27 4735.074492
33 28 4758.017600
33 29 4682.152802
33 30 4771.358414
33 31 5254.094931
33 32 5426.153677
33 33 5419.452976
33 34 5455.771959
33 35 5426.141682
33 36 5135.880121
33 37 4719.284249
33 38 4745.544510
33 39 4743.430112
33 40 4762.325832
33 41 4751.879147
33 42 4735.016586
33 43 4924.672420
33 44 5384.036118
33 45 5425.803311
33 46 5477.499574
33 47 5428.565653
33 48 5473.735372
33 49 5451.388102
33 50 5451.978121
33 51 5476.076734
33 52 5429.519572
33 53 5226.075374
33 54 3801.063421
33 55 1147.456071
33 56 -378.074139
33 57 -68.456251
33 58 242.895709
33 59 -229.483012
33 60 -55.473499
33 61 207.525956
33 62 0.867211
33 63 -170.514873
33 64 239.595887
34 1 401.475553
34 2 -82.617488
34 3 -88.651955
34 4 29.487085
34 5 99.962701
34 6 -115.646008
34 7 -18.668753
34 8 107.015326
34 9 -357.802874
34 10 1053.354102
34 11 3725.626626
34 12 5204.379028
34 13 5452.163582
34 14 5430.398868
34 15 5435.248824
34 16 5457.507505
34 17 5466.590792
34 18 5469.291918
34 19 5460.422142
34 20 4945.480530
34 21 4708.832642
34 22 4716.555515
34 23 4725.360040
34 24 4712.709931
34 25 4705.814514
34 26 4731.959734
34 27 4760.948066
34 28 4719.119118
34 29 4776.103180
34 30 4930.029010
34 31 5485.015255
34 32 5631.584496
34 33 5635.627571
34 34 5504.375861
34 35 5499.451766
34 36 5393.316596
34 37 4747.049631
34 38 4760.256182
34 39 4737.777519
34 40 4701.878220
34 41 4716.716306
34 42 4718.332869
34 43 4795.163916
34 44 5331.982848
34 45 5451.014933
34 46 5455.135545
34 47 5448.743864
34 48 5468.784598
34 49 5455.429391
34 50 5483.526995
34 51 5449.217015
34 52 5447.358184
34 53 5183.891951
34 54 3712.338069
34 55 1041.941675
34 56 -364.384849
34 57 119.826492
34 58 -13.055509
34 59 -120.101674
34 60 96.272361
34 61 36.003926
34 62 -83.239074
34 63 -82.741268
34 64 396.026717
35 1 423.392366
35 2 106.663735
35 3 -79.218689
35 4 -186.459431
35 5 129.223932
35 6 153.739895
35 7 -307.183941
35 8 124.580024
35 9 -190.572432
35 10 839.737503
35 11 3543.985513
35 12 5153.504414
35 13 5474.120567
35 14 5433.770354
35 15 5423.776738
35 16 5506.436531
35 17 5457.002742
35 18 5473.327644
35 19 5368.357000
35 20 4849.830453
35 21 4734.841093
35 22 4745.338101
35 23 4711.489371
35 24 4711.805553
35 25 4734.284466
35 26 4725.265505
35 27 4716.196711
35 28 4691.794570
35 29 4733.356762
35 30 4986.239621
35 31 5742.770157
35 32 6131.071839
35 33 6158.874458
35 34 5693.150358
35 35 5376.294861
35 36 5449.404139
35 37 4884.960785
35 38 4703.781774
35 39 4715.350409
35 40 4744.909737
35 41 4699.433208
35 42 4736.927936
35 43 4757.544641
35 44 5217.493978
35 45 5491.717813
35 46 5411.407313
35 47 5493.144622
35 48 5470.011788
35 49 5465.517662
35 50 5445.978717
35 51 5431.435978
35 52 5476.502499
35 53 5159.402758
35 54 3541.251255
35 55 840.725858
35 56 -197.885702
35 57 120.362080
35 58 -298.642351
35 59 157.871448
35 60 119.467682
35 61 -192.133444
35 62 -73.844024
35 63 116.732331
35 64 431.967871
36 1 370.017590
36 2 180.523424
36 3 57.040685
36 4 -208.891333
36 5 -42.516971
36 6 309.107243
36 7 -240.693567
36 8 -117.811580
36 9 99.564069
36 10 544.785361
36 11 3286.866609
36 12 5115.871734
36 13 5428.018841
36 14 5454.884181
36 15 5454.409235
36 16 5460.776546
36 17 5500.482958
36 18 5451.315495
36 19 5334.996176
36 20 4790.420692
36 21 4726.983021
36 22 4701.230706
36 23 4727.457632
36 24 4730.299001
36 25 4730.877510
36 26 4729.091577
36 27 4710.156582
36 28 4731.480813
36 29 4875.769478
36 30 5400.382444
36 31 6195.705616
36 32 6606.932706
36 33 6654.925876
36 34 6144.107506
36 35 5577.497490
36 36 5575.495364
36 37 5167.321373
36 38 4717.513573
36 39 4721.684640
36 40 4725.797701
36 41 4740.399984
36 42 4720.891737
36 43 4728.896418
36 44 5112.510145
36 45 5487.384185
36 46 5466.600190
36 47 5451.707424
36 48 5463.064117
36 49 5467.169894
36 50 5456.718322
36 51 5472.673384
36 52 5428.308149
36 53 5120.513772
36 54 3288.307668
36 55 544.656932
36 56 99.755265
36 57 -133.957751
36 58 -253.001526
36 59 317.063933
36 60 -32.719797
36 61 -212.780531
36 62 51.331633
36 63 184.164768
36 64 377.893912
37 1 357.448011
37 2 55.370020
37 3 59.868568
37 4 29.947711
37 5 -184.392307
37 6 125.902340
37 7 92.287826
37 8 -314.849504
37 9 236.440946
37 10 224.506838
37 11 2931.135258
37 12 5115.334604
37 13 5432.619648
37 14 5458.415003
37 15 5496.403415
37 16 5437.004462
37 17 5461.915166
37 18 5466.691907
37 19 5253.622075
37 20 4739.663711
37 21 4723.413833
37 22 4723.135314
37 23 4733.467303
37 24 4704.909724
37 25 4714.338808
37 26 4722.601812
37 27 4729.565748
37 28 4807.709236
37 29 5397.599373
37 30 6022.812059
37 31 6404.471046
37 32 6570.671186
37 33 6622.543360
37 34 6353.328527
37 35 6071.329610
37 36 5921.337716
37 37 5469.194017
37 38 4849.012200
37 39 4735.578158
37 40 4703.660286
37 41 4719.456178
37 42 4721.616928
37 43 4715.706544
37 44 5075.627990
37 45 5403.332869
37 46 5491.876538
37 47 5494.421145
37 48 5452.364332
37 49 5452.860905
37 50 5463.501778
37 51 5438.220502
37 52 5429.876135
37 53 5110.299813
37 54 2938.173103
37 55 226.100143
37 56 247.370569
37 57 -303.550496
37 58 85.528240
37 59 117.638749
37 60 -179.392517
37 61 33.997981
37 62 48.679871
37 63 40.451815
37 64 357.688352
38 1 470.960848
38 2 -151.409783
38 3 -12.352867
38 4 148.514784
38 5 56.813663
38 6 -248.006569
38 7 150.221810
38 8 -103.826212
38 9 70.543471
38 10 95.427032
38 11 2471.163868
38 12 4920.328225
38 13 5437.887897
38 14 5466.861795
38 15 5468.117711
38 16 5479.424142
38 17 5427.063019
38 18 5495.903237
38 19 5184.126731
38 20 4722.572026
38 21 4714.204675
38 22 4721.779074
38 23 4716.640254
38 24 4735.118058
38 25 4757.904158
38 26 4722.150730
38 27 4790.380057
38 28 5242.262346
38 29 5947.441281
38 30 6151.601738
38 31 6263.820607
38 32 6144.015747
38 33 6187.191300
38 34 6209.244867
38 35 6159.632876
38 36 6209.132377
38 37 5958.376153
38 38 5196.451335
38 39 4728.717106
38 40 4768.183537
38 41 4720.973946
38 42 4740.102228
38 43 4709.655982
38 44 5051.389770
38 45 5434.013703
38 46 5466.629017
38 47 5452.327241
38 48 5446.470950
38 49 5448.173782
38 50 5447.862096
38 51 5451.804390
38 52 5450.141931
38 53 4928.980920
38 54 2477.140662
38 55 109.703501
38 56 74.450251
38 57 -91.624187
38 58 159.264493
38 59 -262.053680
38 60 37.011936
38 61 147.448003
38 62 -6.741538
38 63 -154.614249
38 64 463.676570
39 1 547.554491
39 2 85.886773
39 3 -110.686637
39 4 35.164412
39 5 269.463902
39 6 -243.053606
39 7 -153.295003
39 8 223.270785
39 9 -128.306039
39 10 133.718746
39 11 2042.078586
39 12 4529.758990
39 13 5396.288158
39 14 5466.591990
39 15 5463.481592
39 16 5442.315294
39 17 5451.954345
39 18 5459.874285
39 19 5163.408433
39 20 4722.140978
39 21 4758.985533
39 22 4732.046640
39 23 4738.050860
39 24 4747.631502
39 25 4724.826129
39 26 4725.796156
39 27 5054.058869
39 28 5682.770300
39 29 6121.001541
39 30 6177.408956
39 31 6252.987666
39 32 6170.394751
39 33 6205.038202
39 34 6207.637218
39 35 6182.315994
39 36 6191.598196
39 37 6209.226342
39 38 5744.317178
39 39 4903.894824
39 40 4733.475152
39 41 4733.502282
39 42 4732.664072
39 43 4734.300161
39 44 5051.319102
39 45 5496.113610
39 46 5460.137691
39 47 5442.027615
39 48 5483.742903
39 49 5444.051904
39 50 5448.737728
39 51 5453.765725
39 52 5386.959071
39 53 4544.030706
39 54 2041.644470
39 55 135.884134
39 56 -127.385231
39 57 213.751464
39 58 -146.108849
39 59 -226.722062
39 60 268.643453
39 61 29.836466
39 62 -102.672081
39 63 97.754024
39 64 548.529788
40 1 547.930376
40 2 360.957641
40 3 -67.361750
40 4 -70.415903
40 5 97.678977
40 6 83.154533
40 7 -265.656648
40 8 26.439269
40 9 140.010570
40 10 -35.563674
40 11 1492.384243
40 12 4175.443994
40 13 5371.966721
40 14 5450.071670
40 15 5473.074353
40 16 5491.214076
40 17 5459.732110
40 18 5467.768762
40 19 5184.960784
40 20 4741.924691
40 21 4723.398008
40 22 4714.588491
40 23 4733.568091
40 24 4724.199783
40 25 4711.649649
40 26 4831.331644
40 27 5387.486583
40 28 5998.165444
40 29 6171.337893
40 30 6191.004186
40 31 6220.818209
40 32 6173.796471
40 33 6201.511968
40 34 6200.143729
40 35 6187.828748
40 36 6174.358560
40 37 6227.260515
40 38 6077.087795
40 39 5387.820925
40 40 4812.047250
40 41 4729.188165
40 42 4737.806323
40 43 4735.178216
40 44 5194.064425
40 45 5490.142385
40 46 5430.119044
40 47 5483.713955
40 48 5417.181208
40 49 5478.499526
40 50 5458.335561
40 51 5436.891539
40 52 5357.844662
40 53 4178.055103
40 54 1503.590436
40 55 -39.567770
40 56 143.822068
40 57 27.106477
40 58 -268.620149
40 59 91.873042
40 60 106.875987
40 61 -81.439530
40 62 -86.575772
40 63 354.238726
40 64 550.212234
41 1 533.413054
41 2 462.833543
41 3 68.812474
41 4 -2.823665
41 5 -192.816157
41 6 75.469718
41 7 108.004730
41 8 -285.496582
41 9 257.327197
41 10 -119.431361
41 11 811.745905
41 12 3784.173625
41 13 5225.001339
41 14 5462.388061
41 15 5430.047673
41 16 5463.449731
41 17 5492.443334
41 18 5468.559881
41 19 5217.389992
41 20 4745.983406
41 21 4716.596061
41 22 4751.268119
41 23 4736.908367
41 24 4729.915918
41 25 4748.211814
41 26 4995.820165
41 27 5780.303636
41 28 6162.765778
41 29 6165.252130
41 30 6208.518452
41 31 6222.654179
41 32 6178.272368
41 33 6202.621075
41 34 6204.226110
41 35 6197.521175
41 36 6164.121958
41 37 6223.255618
41 38 6156.697339
41 39 5756.076830
41 40 5206.979875
41 41 4849.489840
41 42 4717.062574
41 43 4841.278888
41 44 5362.942851
41 45 5428.335375
41 46 5451.015186
41 47 5462.644925
41 48 5481.854410
41 49 5465.565067
41 50 5446.592421
41 51 5462.879363
41 52 5216.736388
41 53 3768.125338
41 54 822.563681
41 55 -111.387305
41 56 260.238662
41 57 -281.740501
41 58 99.920421
41 59 67.049037
41 60 -183.830066
41 61 10.552346
41 62 70.646408
41 63 460.934725
41 64 540.511180
42 1 510.740679
42 2 427.339253
42 3 94.680968
42 4 161.494065
42 5 -156.797545
42 6 -179.272738
42 7 144.831997
42 8 77.320235
42 9 -134.609720
42 10 114.057736
42 11 407.567176
42 12 3033.625837
42 13 4933.169734
42 14 5459.903087
42 15 5461.854677
42 16 5427.084474
42 17 5454.420394
42 18 5507.368525
42 19 5272.764484
42 20 4779.285582
42 21 4725.886209
42 22 4722.844372
42 23 4715.841881
42 24 4731.355303
42 25 4734.723626
42 26 5298.700392
42 27 6107.307206
42 28 6175.834041
42 29 6185.968480
42 30 6206.680452
42 31 6213.029873
42 32 6172.131434
42 33 6203.512152
42 34 6197.187507
42 35 6196.323070
42 36 6177.677766
42 37 6227.302952
42 38 6174.672501
42 39 5877.894285
42 40 5463.694579
42 41 5309.505634
42 42 5172.533203
42 43 5300.625935
42 44 5466.273926
42 45 5456.006126
42 46 5433.915077
42 47 5459.363499
42 48 5466.042009
42 49 5427.786280
42 50 5461.752830
42 51 5458.390749
42 52 4929.262892
42 53 3017.990699
42 54 398.536288
42 55 124.971214
42 56 -134.446737
42 57 89.041668
42 58 153.065294
42 59 -185.625426
42 60 -163.162197
42 61 172.946061
42 62 105.690330
42 63 427.635152
42 64 506.134937
43 1 619.210393
43 2 426.004498
43 3 282.625469
43 4 96.765391
43 5 72.690504
43 6 -84.689621
43 7 -225.840593
43 8 292.278912
43 9 -42.942828
43 10 -17.479431
43 11 131.967178
43 12 2229.264913
43 13 4532.479001
43 14 5420.339765
43 15 5457.635713
43 16 5473.871993
43 17 5485.171113
43 18 5408.198167
43 19 5472.881695
43 20 4920.448464
43 21 4743.087861
43 22 4732.108293
43 23 4754.594710
43 24 4733.012162
43 25 4892.732468
43 26 5767.457991
43 27 6209.819786
43 28 6184.777653
43 29 6186.905774
43 30 6187.599821
43 31 6218.690881
43 32 6175.086043
43 33 6211.413153
43 34 6199.730523
43 35 6182.695591
43 36 6183.056819
43 37 6228.355362
43 38 6196.068597
43 39 5935.962059
43 40 5463.414646
43 41 5454.226067
43 42 5507.629595
43 43 5453.876512
43 44 5447.034574
43 45 5474.130758
43 46 5472.510983
43 47 5412.153561
43 48 5464.681280
43 49 5486.105173
43 50 5453.129689
43 51 5421.510809
43 52 4533.095931
43 53 2229.347757
43 54 111.792922
43 55 -13.228505
43 56 -32.783977
43 57 291.174581
43 58 -211.911594
43 59 -75.291079
43 60 65.565644
43 61 92.094624
43 62 295.353455
43 63 441.532853
43 64 623.187439
44 1 687.691552
44 2 590.428118
44 3 399.339179
44 4 -104.068356
44 5 9.814072
44 6 151.327787
44 7 -91.111409
44 8 -145.616877
44 9 288.117781
44 10 -125.265221
44 11 38.938644
44 12 1405.053599
44 13 3905.218490
44 14 5239.498046
44 15 5432.597019
44 16 5437.783049
44 17 5480.717286
44 18 5450.863209
44 19 5455.504129
44 20 5223.598461
44 21 4792.572827
44 22 4708.522984
44 23 4749.107268
44 24 4916.481469
44 25 5287.630665
44 26 5973.054926
44 27 6187.876332
44 28 6210.220875
44 29 6194.524646
44 30 6196.127399
44 31 6235.818406
44 32 6154.126518
44 33 6204.457232
44 34 6208.908844
44 35 6176.026555
44 36 6191.441143
44 37 6212.856314
44 38 6233.445233
44 39 5931.431106
44 40 5486.524311
44 41 5506.518433
44 42 5444.913569
44 43 5490.014699
44 44 5465.211844
44 45 5475.912700
44 46 5446.369585
44 47 5483.664279
44 48 5453.642747
44 49 5448.754282
44 50 5437.337091
44 51 5239.087822
44 52 3899.351068
44 53 1405.187266
44 54 28.631587
44 55 -149.189619
44 56 292.094609
44 57 -146.683194
44 58 -99.648275
44 59 160.138939
44 60 11.004534
44 61 -121.113526
44 62 386.015502
44 63 593.087267
44 64 692.441262
45 1 712.440881
45 2 689.820498
45 3 553.035736
45 4 40.471567
45 5 -132.741158
45 6 -23.091897
45 7 219.059050
45 8 -46.929646
45 9 -144.345909
45 10 199.834827
45 11 -63.254412
45 12 567.469890
45 13 3225.451556
45 14 4848.763152
45 15 5468.234204
45 16 5463.477283
45 17 5439.946620
45 18 5445.001971
45 19 5472.483868
45 20 5471.238352
45 21 5252.932554
45 22 5085.298944
45 23 5169.824062
45 24 5398.663239
45 25 5463.155309
45 26 5925.195030
45 27 6180.560192
45 28 6195.786556
45 29 6168.030278
45 30 6183.465742
45 31 6237.580801
45 32 6169.311116
45 33 6216.793487
45 34 6203.687945
45 35 6164.655680
45 36 6198.543240
45 37 6188.476992
45 38 6217.632164
45 39 5894.702281
45 40 5485.836933
45 41 5479.089129
45 42 5417.689574
45 43 5479.082007
45 44 5441.931820
45 45 5485.096319
45 46 5462.648326
45 47 5453.928212
45 48 5426.042948
45 49 5451.830401
45 50 5474.226888
45 51 4852.313839
45 52 3224.086579
45 53 565.945067
45 54 -59.373049
45 55 187.004607
45 56 -158.323461
45 57 -38.214675
45 58 218.651145
45 59 -23.999326
45 60 -116.513527
45 61 50.264739
45 62 549.168293
45 63 685.876319
45 64 720.760498
46 1 770.691263
46 2 747.791189
46 3 582.429850
46 4 327.385271
46 5 -35.542291
46 6 -172.492725
46 7 -11.047785
46 8 268.594704
46 9 -16.293062
46 10 -157.730709
46 11 148.655319
46 12 141.649128
46 13 2132.190942
46 14 4315.340069
46 15 5399.110383
46 16 5488.370972
46 17 5464.866359
46 18 5465.534778
46 19 5441.612404
46 20 5463.667052
46 21 5468.569914
46 22 5507.839729
46 23 5431.541489
46 24 5455.467503
46 25 5443.915990
46 26 5791.604168
46 27 6189.784807
46 28 6205.229829
46 29 6188.228387
46 30 6198.182804
46 31 6227.551455
46 32 6142.476367
46 33 6207.712464
46 34 6221.450831
46 35 6171.015246
46 36 6177.023255
46 37 6166.165492
46 38 6240.187041
46 39 5798.462115
46 40 5455.193055
46 41 5483.221813
46 42 5442.060486
46 43 5463.350196
46 44 5484.029782
46 45 5475.938546
46 46 5442.161988
46 47 5463.068791
46 48 5477.285040
46 49 5470.621958
46 50 5403.429091
46 51 4324.036364
46 52 2135.844179
46 53 140.457487
46 54 157.445293
46 55 -152.315625
46 56 -26.299171
46 57 269.974451
46 58 0.596147
46 59 -172.495670
46 60 -31.271149
46 61 345.318853
46 62 592.395392
46 63 748.634948
46 64 772.540143
47 1 731.546676
47 2 732.166951
47 3 612.129947
47 4 488.416475
47 5 199.299252
47 6 -15.004523
47 7 -131.781355
47 8 -57.539559
47 9 276.129484
47 10 -54.290661
47 11 -109.959660
47 12 77.431422
47 13 1015.609689
47 14 3561.172721
47 15 4988.592592
47 16 5478.981745
47 17 5450.171661
47 18 5477.423797
47 19 5486.715241
47 20 5456.645524
47 21 5429.707544
47 22 5444.821824
47 23 5486.966593
47 24 5470.242920
47 25 5457.580881
47 26 5626.357270
47 27 6133.143586
47 28 6177.325137
47 29 6174.452559
47 30 6193.629214
47 31 6232.224827
47 32 6163.893458
47 33 6215.269132
47 34 6205.371905
47 35 6167.808337
47 36 6198.524118
47 37 6201.976326
47 38 6167.074426
47 39 5630.626412
47 40 5459.669760
47 41 5458.626130
47 42 5472.906073
47 43 5422.037255
47 44 5436.638804
47 45 5457.352201
47 46 5486.095875
47 47 5457.771511
47 48 5458.118566
47 49 5463.899527
47 50 4985.905863
47 51 3555.845492
47 52 1018.089766
47 53 66.348259
47 54 -119.134894
47 55 -51.065563
47 56 270.522681
47 57 -72.517815
47 58 -132.191078
47 59 -13.492530
47 60 196.203911
47 61 494.478713
47 62 629.838738
47 63 742.350816
47 64 734.777332
48 1 848.147277
48 2 716.111513
48 3 560.184394
48 4 554.178515
48 5 406.034596
48 6 71.076476
48 7 104.441379
48 8 -90.450308
48 9 -169.173290
48 10 210.009737
48 11 20.330489
48 12 -45.073049
48 13 251.593755
48 14 2579.805876
48 15 4298.822242
48 16 5376.393438
48 17 5461.350019
48 18 5445.360391
48 19 5464.339360
48 20 5464.076229
48 21 5509.187695
48 22 5461.527538
48 23 5448.352913
48 24 5470.655093
48 25 5479.088361
48 26 5448.677233
48 27 5917.033954
48 28 6187.764018
48 29 6199.151856
48 30 6208.541969
48 31 6217.231401
48 32 6156.006349
48 33 6210.393797
48 34 6213.937852
48 35 6178.122229
48 36 6186.594894
48 37 6184.616603
48 38 5933.245578
48 39 5494.373982
48 40 5469.908958
48 41 5437.277982
48 42 5483.602559
48 43 5452.884047
48 44 5509.917168
48 45 5468.558597
48 46 5485.533412
48 47 5436.033832
48 48 5474.552970
48 49 5365.656663
48 50 4299.219226
48 51 2582.664484
48 52 258.408368
48 53 -41.128599
48 54 10.515849
48 55 206.651033
48 56 -168.019645
48 57 -103.689949
48 58 92.969978
48 59 72.591357
48 60 401.367992
48 61 545.839186
48 62 561.715972
48 63 723.934448
48 64 848.680549
49 1 894.632667
49 2 839.246275
49 3 671.225125
49 4 577.518588
49 5 395.402495
49 6 250.607382
49 7 101.569085
49 8 166.955872
49 9 -48.050708
49 10 -250.483207
49 11 155.104077
49 12 176.628905
49 13 -56.707586
49 14 1198.769936
49 15 3621.805265
49 16 4910.774101
49 17 5452.504425
49 18 5439.783673
49 19 5463.241246
49 20 5439.783095
49 21 5442.904024
49 22 5436.430878
49 23 5479.488661
49 24 5484.889733
49 25 5496.606241
49 26 5451.227496
49 27 5625.363315
49 28 6017.529230
49 29 6196.344706
49 30 6212.096804
49 31 6218.450405
49 32 6157.084787
49 33 6198.608609
49 34 6209.623109
49 35 6178.510078
49 36 6206.443358
49 37 6063.994165
49 38 5628.031273
49 39 5459.616617
49 40 5484.421176
49 41 5461.688103
49 42 5502.441708
49 43 5426.088636
49 44 5440.953675
49 45 5425.119119
49 46 5476.038144
49 47 5423.381119
49 48 5465.239547
49 49 4904.544292
49 50 3618.079842
49 51 1206.982233
49 52 -55.125914
49 53 191.050877
49 54 157.174109
49 55 -255.671666
49 56 -41.271117
49 57 168.105183
49 58 92.064656
49 59 250.438609
49 60 401.810984
49 61 575.638490
49 62 670.685822
49 63 846.692187
49 64 903.108898
50 1 909.828372
50 2 830.413326
50 3 813.014670
50 4 733.255122
50 5 580.117112
50 6 386.804812
50 7 -54.226081
50 8 40.638642
50 9 181.658754
50 10 91.260612
50 11 -279.077204
50 12 32.954954
50 13 231.522561
50 14 173.534577
50 15 2461.244809
50 16 4224.353121
50 17 5233.852689
50 18 5501.100593
50 19 5437.548126
50 20 5472.474167
50 21 5444.932029
50 22 5433.842861
50 23 5442.939322
50 24 5417.096288
50 25 5452.289425
50 26 5468.729163
50 27 5493.647472
50 28 5668.759066
50 29 6060.415951
50 30 6202.447405
50 31 6203.065416
50 32 6174.484885
50 33 6219.977073
50 34 6226.910140
50 35 6186.328788
50 36 6049.168428
50 37 5687.514629
50 38 5480.133745
50 39 5469.348770
50 40 5462.357135
50 41 5421.445177
50 42 5447.295048
50 43 5447.824711
50 44 5441.038772
50 45 5461.323533
50 46 5453.355623
50 47 5490.277677
50 48 5228.101086
50 49 4219.539527
50 50 2434.524327
50 51 177.534481
50 52 224.435561
50 53 31.170793
50 54 -266.972385
50 55 88.585838
50 56 178.618246
50 57 49.921153
50 58 -53.434903
50 59 384.196424
50 60 593.461917
50 61 743.276589
50 62 808.937681
50 63 832.906311
50 64 917.870417
51 1 886.065728
51 2 778.152184
51 3 838.052529
51 4 791.663219
51 5 735.852205
51 6 669.471329
51 7 407.307946
51 8 -93.331210
51 9 -71.583628
51 10 110.011957
51 11 220.651669
51 12 -139.719329
51 13 -46.996698
51 14 50.093285
51 15 1041.483847
51 16 3251.120888
51 17 4562.395177
51 18 5444.808040
51 19 5450.482427
51 20 5477.413990
51 21 5455.121316
51 22 5466.127756
51 23 5493.788697
51 24 5482.618815
51 25 5464.009845
51 26 5457.293722
51 27 5446.563574
51 28 5398.080784
51 29 5581.858552
51 30 5891.387074
51 31 6066.055011
51 32 6105.226900
51 33 6144.781351
51 34 6095.904444
51 35 5871.847206
51 36 5572.463779
51 37 5421.122384
51 38 5446.448245
51 39 5444.258708
51 40 5467.013315
51 41 5485.671172
51 42 5471.122017
51 43 5491.305145
51 44 5455.540532
51 45 5472.074620
51 46 5466.684472
51 47 5448.715512
51 48 4561.451471
51 49 3255.799781
51 50 1024.556169
51 51 47.904325
51 52 -49.207217
51 53 -149.466685
51 54 219.591572
51 55 109.812969
51 56 -81.892392
51 57 -100.696393
51 58 409.996820
51 59 666.906445
51 60 733.927577
51 61 804.755166
51 62 848.824013
51 63 780.907201
51 64 893.811632
52 1 831.232831
52 2 789.214542
52 3 830.369829
52 4 766.672684
52 5 771.959934
52 6 741.298811
52 7 653.718309
52 8 407.452868
52 9 -11.569497
52 10 -168.645523
52 11 -70.123109
52 12 277.779415
52 13 126.641916
52 14 -153.561538
52 15 18.800507
52 16 1931.833290
52 17 3793.146307
52 18 4820.898954
52 19 5462.586879
52 20 5470.884753
52 21 5446.624511
52 22 5494.848539
52 23 5460.309062
52 24 5479.488075
52 25 5451.171245
52 26 5482.026111
52 27 5475.935273
52 28 5491.138794
52 29 5486.272940
52 30 5520.380434
52 31 5575.335120
52 32 5630.520105
52 33 5654.231850
52 34 5585.288579
52 35 5482.562648
52 36 5471.219331
52 37 5510.774113
52 38 5495.979859
52 39 5477.736410
52 40 5468.792326
52 41 5489.299311
52 42 5438.496604
52 43 5492.980408
52 44 5448.356203
52 45 5451.378127
52 46 5480.058400
52 47 4821.631399
52 48 3800.839848
52 49 1937.441572
52 50 17.271218
52 51 -164.047608
52 52 135.826798
52 53 275.761580
52 54 -69.742505
52 55 -167.170467
52 56 -14.403409
52 57 398.982134
52 58 647.691512
52 59 739.862191
52 60 763.596034
52 61 767.947557
52 62 841.649242
52 63 791.845476
52 64 831.033236
53 1 846.343941
53 2 859.026325
53 3 859.403078
53 4 808.139250
53 5 807.717185
53 6 764.876500
53 7 687.095782
53 8 588.418413
53 9 344.888075
53 10 65.939183
53 11 -84.170140
53 12 -172.031425
53 13 82.054595
53 14 304.571680
53 15 -160.073401
53 16 271.030701
53 17 2611.458499
53 18 4050.098018
53 19 4978.864417
53 20 5490.341194
53 21 5425.219343
53 22 5493.727248
53 23 5447.037602
53 24 5472.266174
53 25 5427.962551
53 26 5469.993771
53 27 5424.511566
53 28 5440.307068
53 29 5460.263179
53 30 5488.303411
53 31 5449.124012
53 32 5445.463860
53 33 5462.287194
53 34 5467.027810
53 35 5453.571501
53 36 5433.225848
53 37 5441.451031
53 38 5447.720873
53 39 5464.991324
53 40 5449.996600
53 41 5484.910216
53 42 5444.401508
53 43 5489.657766
53 44 5432.965471
53 45 5468.003084
53 46 4984.985264
53 47 4042.568832
53 48 2616.674063
53 49 279.053212
53 50 -167.662645
53 51 297.851113
53 52 88.015122
53 53 -161.019135
53 54 -84.357437
53 55 72.039660
53 56 351.113568
53 57 586.412060
53 58 681.356387
53 59 760.845804
53 60 803.258408
53 61 805.231628
53 62 862.550330
53 63 866.571388
53 64 849.542404
54 1 831.762197
54 2 884.514964
54 3 840.012694
54 4 832.489525
54 5 861.220455
54 6 813.959327
54 7 765.344290
54 8 677.312754
54 9 500.465273
54 10 220.571450
54 11 90.235780
54 12 63.555614
54 13 -114.065318
54 14 -129.397356
54 15 118.812244
54 16 93.937152
54 17 797.205190
54 18 2989.445175
54 19 4059.499413
54 20 5052.995033
54 21 5484.730863
54 22 5455.463353
54 23 5429.685227
54 24 5470.071428
54 25 5434.061208
54 26 5473.735356
54 27 5445.987649
54 28 5477.866525
54 29 5460.598334
54 30 5491.989992
54 31 5451.464446
54 32 5455.396063
54 33 5466.287240
54 34 5474.875128
54 35 5460.735938
54 36 5439.122581
54 37 5473.224194
54 38 5465.222352
54 39 5469.125577
54 40 5437.446465
54 41 5488.720816
54 42 5431.539384
54 43 5463.064353
54 44 5489.853431
54 45 5048.319489
54 46 4057.048911
54 47 2981.297073
54 48 794.382007
54 49 89.026478
54 50 119.164822
54 51 -144.131489
54 52 -117.629580
54 53 72.654777
54 54 94.175894
54 55 227.181698
54 56 512.081873
54 57 690.872343
54 58 767.515420
54 59 815.688792
54 60 861.561114
54 61 829.652088
54 62 832.939363
54 63 888.959365
54 64 837.725230
55 1 910.493666
55 2 957.122763
55 3 891.403057
55 4 888.973377
55 5 859.685808
55 6 834.838286
55 7 781.466505
55 8 733.869581
55 9 664.818311
55 10 549.632683
55 11 214.445923
55 12 14.446866
55 13 138.637985
55 14 99.979834
55 15 -260.167175
55 16 -155.133600
55 17 95.061969
55 18 1338.398367
55 19 3278.932968
55 20 4009.284129
55 21 4980.576347
55 22 5473.214361
55 23 5460.215031
55 24 5462.488015
55 25 5478.412544
55 26 5474.060612
55 27 5419.402895
55 28 5464.709194
55 29 5456.996403
55 30 5495.045478
55 31 5448.533979
55 32 5455.449628
55 33 5468.353844
55 34 5475.424960
55 35 5468.742994
55 36 5437.567744
55 37 5457.182962
55 38 5440.753627
55 39 5477.597861
55 40 5463.223190
55 41 5475.627673
55 42 5459.550892
55 43 5489.116348
55 44 4975.256907
55 45 4009.911445
55 46 3289.451071
55 47 1323.305215
55 48 101.019697
55 49 -159.624284
55 50 -260.730878
55 51 88.066894
55 52 126.611410
55 53 14.864088
55 54 213.911793
55 55 547.582721
55 56 669.078987
55 57 740.513317
55 58 791.457200
55 59 843.378666
55 60 856.271436
55 61 895.442410
55 62 890.331556
55 63 952.286654
55 64 918.415849
56 1 945.707483
56 2 940.374422
56 3 962.294637
56 4 970.173606
56 5 958.382807
56 6 938.288961
56 7 888.545249
56 8 806.455092
56 9 742.610888
56 10 618.556285
56 11 479.542505
56 12 262.927483
56 13 4.771548
56 14 100.718304
56 15 189.846378
56 16 -15.446651
56 17 -236.359610
56 18 -161.232767
56 19 1441.393596
56 20 3349.951359
56 21 4075.885550
56 22 4763.985714
56 23 5404.211501
56 24 5447.732242
56 25 5439.298792
56 26 5463.647349
56 27 5447.175638
56 28 5479.147958
56 29 5455.868662
56 30 5487.179004
56 31 5437.667447
56 32 5461.110881
56 33 5468.158468
56 34 5466.083142
56 35 5468.021800
56 36 5434.660601
56 37 5471.284597
56 38 5467.325463
56 39 5473.518511
56 40 5424.352997
56 41 5462.158245
56 42 5399.009692
56 43 4771.949042
56 44 4068.751410
56 45 3338.540295
56 46 1472.221062
56 47 -174.410415
56 48 -227.796516
56 49 -11.104979
56 50 183.536428
56 51 93.112953
56 52 -5.595419
56 53 258.722768
56 54 486.414996
56 55 614.922409
56 56 744.847402
56 57 810.385677
56 58 889.804315
56 59 947.065750
56 60 959.419120
56 61 966.388802
56 62 965.510502
56 63 946.513222
56 64 951.630798
57 1 936.859397
57 2 956.373668
57 3 952.239730
57 4 975.376346
57 5 967.749084
57 6 988.863919
57 7 963.520905
57 8 947.332875
57 9 918.659760
57 10 820.747344
57 11 702.823553
57 12 563.508807
57 13 321.821899
57 14 -101.175002
57 15 -57.373207
57 16 -39.474547
57 17 264.223780
57 18 157.551180
57 19 -143.639318
57 20 1081.734377
57 21 3046.497589
57 22 3815.095389
57 23 4477.394252
57 24 5222.862103
57 25 5492.473546
57 26 5474.041516
57 27 5406.765683
57 28 5462.898727
57 29 5450.342117
57 30 5485.794229
57 31 5440.417988
57 32 5464.929304
57 33 5467.212142
57 34 5467.220512
57 35 5472.043484
57 36 5432.459960
57 37 5452.601582
57 38 5420.878259
57 39 5492.436722
57 40 5477.289184
57 41 5227.387229
57 42 4474.424032
57 43 3823.569917
57 44 3043.915497
57 45 1056.425221
57 46 -119.587213
57 47 153.473963
57 48 259.571674
57 49 -15.076648
57 50 -59.522600
57 51 -106.857194
57 52 314.422142
57 53 559.890625
57 54 704.909113
57 55 829.888523
57 56 914.461420
57 57 953.559696
57 58 967.778451
57 59 985.866643
57 60 976.448497
57 61 978.740792
57 62 941.646256
57 63 957.395739
57 64 944.390988
58 1 998.369459
58 2 942.548221
58 3 966.953290
58 4 980.005361
58 5 1011.746659
58 6 998.209629
58 7 971.599151
58 8 959.041656
58 9 948.778586
58 10 907.661015
58 11 889.314345
58 12 850.248470
58 13 754.283119
58 14 550.080698
58 15 -12.765078
58 16 -147.699850
58 17 -267.745618
58 18 -84.383897
58 19 98.017037
58 20 299.259689
58 21 1036.090713
58 22 2681.710697
58 23 3535.552807
58 24 3868.995805
58 25 4563.240823
58 26 5182.946558
58 27 5468.279319
58 28 5507.874846
58 29 5457.049308
58 30 5478.364782
58 31 5429.946694
58 32 5458.333185
58 33 5459.839592
58 34 5454.762028
58 35 5469.008525
58 36 5441.139200
58 37 5499.173031
58 38 5471.654097
58 39 5205.141608
58 40 4556.801631
58 41 3871.327631
58 42 3534.078112
58 43 2692.280391
58 44 1038.417617
58 45 279.430845
58 46 108.732008
58 47 -77.946694
58 48 -286.098465
58 49 -133.435187
58 50 -0.106737
58 51 544.341736
58 52 750.492471
58 53 854.001940
58 54 887.344685
58 55 913.019960
58 56 953.704220
58 57 954.260794
58 58 973.211513
58 59 995.456343
58 60 1016.581899
58 61 985.052961
58 62 968.265381
58 63 941.878424
58 64 993.303788
59 1 976.907365
59 2 929.246103
59 3 973.975706
59 4 1014.204676
59 5 984.657754
59 6 1022.440459
59 7 997.294237
59 8 1020.984517
59 9 990.329465
59 10 945.523487
59 11 933.247001
59 12 938.386996
59 13 892.409148
59 14 836.493095
59 15 729.638352
59 16 453.700366
59 17 12.512118
59 18 22.273670
59 19 -219.093402
59 20 -193.165821
59 21 -169.282850
59 22 547.087954
59 23 2247.250541
59 24 3424.385241
59 25 3816.261825
59 26 3963.140949
59 27 4341.371972
59 28 4821.197814
59 29 5107.383252
59 30 5299.133216
59 31 5330.358578
59 32 5385.399471
59 33 5384.487546
59 34 5352.907331
59 35 5291.716389
59 36 5092.299854
59 37 4815.863765
59 38 4334.606977
59 39 3990.583992
59 40 3813.719150
59 41 3419.036292
59 42 2246.554855
59 43 559.063223
59 44 -167.638675
59 45 -204.512159
59 46 -222.343211
59 47 37.419856
59 48 0.425732
59 49 447.375432
59 50 744.780364
59 51 841.215808
59 52 877.631023
59 53 947.454037
59 54 937.660590
59 55 950.700491
59 56 996.377855
59 57 1018.577207
59 58 997.104059
59 59 1022.800275
59 60 990.181415
59 61 1016.270608
59 62 981.109277
59 63 929.196011
59 64 972.758174
60 1 982.889919
60 2 967.466974
60 3 959.314082
60 4 1008.401010
60 5 1039.697402
60 6 991.587007
60 7 1020.738203
60 8 999.629311
60 9 1000.839241
60 10 975.010019
60 11 995.190124
60 12 983.002294
60 13 958.584730
60 14 907.041841
60 15 873.448078
60 16 754.332253
60 17 594.152221
60 18 344.910919
60 19 147.216606
60 20 145.121680
60 21 125.016393
60 22 -155.938014
60 23 -173.525104
60 24 792.614295
60 25 2241.594058
60 26 3316.330864
60 27 3781.105722
60 28 3905.358964
60 29 4052.199447
60 30 4276.824728
60 31 4391.394848
60 32 4503.675660
60 33 4499.662250
60 34 4412.460334
60 35 4272.379376
60 36 4036.176767
60 37 3903.066016
60 38 3768.760309
60 39 3347.523694
60 40 2243.938390
60 41 782.679544
60 42 -175.849805
60 43 -141.215194
60 44 126.346397
60 45 139.255630
60 46 142.986928
60 47 353.382908
60 48 594.708473
60 49 745.017523
60 50 880.417073
60 51 920.515587
60 52 939.826183
60 53 983.726913
60 54 1004.423509
60 55 980.571442
60 56 1003.932700
60 57 1009.772190
60 58 1020.283156
60 59 991.812917
60 60 1034.971324
60 61 1015.107592
60 62 964.660718
60 63 960.026375
60 64 977.955758
61 1 940.468724
61 2 964.316075
61 3 965.473328
61 4 986.116178
61 5 1015.988786
61 6 1038.482695
61 7 1043.585068
61 8 1018.759638
61 9 1018.325877
61 10 1032.456620
61 11 999.799308
61 12 1026.632332
61 13 1004.500020
61 14 1018.827477
61 15 963.182254
61 16 911.483045
61 17 848.799848
61 18 729.357876
61 19 681.949140
61 20 305.528235
61 21 62.810681
61 22 152.616038
61 23 202.498998
61 24 210.802367
61 25 282.878560
61 26 833.057959
61 27 1794.236213
61 28 2618.416493
61 29 3083.417460
61 30 3318.329757
61 31 3362.626154
61 32 3436.800254
61 33 3430.950801
61 34 3383.673490
61 35 3317.554704
61 36 3064.307818
61 37 2612.332395
61 38 1782.083649
61 39 865.394526
61 40 288.859169
61 41 195.191842
61 42 205.224401
61 43 165.222229
61 44 60.969432
61 45 304.632466
61 46 682.443532
61 47 730.058281
61 48 856.554217
61 49 905.116926
61 50 963.926756
61 51 1029.400533
61 52 1000.458652
61 53 1011.924999
61 54 1006.568612
61 55 1032.980733
61 56 1023.258502
61 57 1029.216393
61 58 1053.989375
61 59 1039.233446
61 60 1014.535768
61 61 984.984397
61 62 965.177519
61 63 968.999169
61 64 937.633590
62 1 938.181058
62 2 978.378840
62 3 1018.157296
62 4 976.915975
62 5 986.543736
62 6 1017.134715
62 7 1031.816483
62 8 1034.151577
62 9 1052.965497
62 10 1006.274858
62 11 1019.694896
62 12 1036.862504
62 13 1054.641159
62 14 1083.315535
62 15 1042.590820
62 16 1030.021072
62 17 998.643400
62 18 893.817561
62 19 916.247310
62 20 822.049699
62 21 694.515754
62 22 604.619369
62 23 -69.329708
62 24 -2.964848
62 25 60.075449
62 26 -22.152159
62 27 95.462091
62 28 414.619580
62 29 878.164799
62 30 1420.244329
62 31 1750.575352
62 32 1961.366627
62 33 1955.499244
62 34 1769.851501
62 35 1422.060025
62 36 858.311255
62 37 403.842141
62 38 86.804624
62 39 3.782908
62 40 73.188045
62 41 -19.773774
62 42 -66.906642
62 43 617.167246
62 44 691.824249
62 45 825.328785
62 46 915.849379
62 47 900.494158
62 48 992.827792
62 49 1035.601339
62 50 1044.659072
62 51 1080.408433
62 52 1067.171516
62 53 1028.145248
62 54 1007.615082
62 55 1019.296593
62 56 1055.156820
62 57 1034.932353
62 58 1043.046237
62 59 1029.593851
62 60 985.651656
62 61 972.688536
62 62 1020.942585
62 63 990.887141
62 64 944.923773
63 1 951.820117
63 2 991.565419
63 3 1000.722403
63 4 992.408686
63 5 993.745873
63 6 982.654586
63 7 1018.455434
63 8 1025.668232
63 9 1007.940873
63 10 1032.245703
63 11 1048.988134
63 12 1065.509910
63 13 1071.305920
63 14 1075.921887
63 15 1082.809222
63 16 1105.244290
63 17 1097.699815
63 18 991.250665
63 19 1004.566203
63 20 1041.506666
63 21 942.609819
63 22 943.071911
63 23 866.039924
63 24 698.599443
63 25 670.895092
63 26 490.275991
63 27 41.517060
63 28 21.646761
63 29 -47.885450
63 30 -134.555254
63 31 -214.502802
63 32 -185.342580
63 33 -191.519785
63 34 -198.995184
63 35 -130.722471
63 36 -69.553362
63 37 15.041500
63 38 31.468232
63 39 508.195884
63 40 688.256776
63 41 683.844174
63 42 874.704023
63 43 949.419086
63 44 938.072184
63 45 1051.778927
63 46 1002.007704
63 47 995.876118
63 48 1094.006514
63 49 1114.100486
63 50 1082.176078
63 51 1075.188474
63 52 1079.948656
63 53 1065.287429
63 54 1042.342689
63 55 1025.701510
63 56 1023.004136
63 57 1023.565212
63 58 1018.473228
63 59 997.238719
63 60 1002.752291
63 61 988.202007
63 62 1008.404966
63 63 996.689008
63 64 954.674077
64 1 903.066671
64 2 955.681589
64 3 978.670710
64 4 973.468004
64 5 1027.619656
64 6 1036.811998
64 7 1049.470165
64 8 1035.871764
64 9 1052.971192
64 10 1057.289719
64 11 1058.734347
64 12 1076.622923
64 13 1086.285754
64 14 1089.059999
64 15 1093.432710
64 16 1103.065324
64 17 1111.193247
64 18 1064.344644
64 19 1027.768698
64 20 1095.047695
64 21 1075.171441
64 22 1025.804616
64 23 1096.559026
64 24 1052.986144
64 25 935.696072
64 26 968.652236
64 27 904.706422
64 28 800.041953
64 29 781.388605
64 30 778.796962
64 31 773.069650
64 32 829.157497
64 33 823.176366
64 34 786.693841
64 35 784.672518
64 36 757.022394
64 37 797.888502
64 38 896.507941
64 39 980.789455
64 40 955.282460
64 41 1042.853293
64 42 1099.827071
64 43 1035.339056
64 44 1071.754483
64 45 1098.934356
64 46 1033.333644
64 47 1061.608244
64 48 1117.787106
64 49 1099.910560
64 50 1094.860689
64 51 1095.786466
64 52 1081.839538
64 53 1086.805175
64 54 1050.296956
64 55 1051.827914
64 56 1052.761360
64 57 1047.336343
64 58 1047.264053
64 59 1039.533375
64 60 1042.541919
64 61 975.159183
64 62 964.335709
64 63 957.234898
64 64 914.721994
