6.500000 101.900000 8.533000 100.000000
21.300000 242.000000 13.350000 100.000000
51.000000 207.800000 2.617000 100.100000
61.000000 213.600000 2.500000 100.200000
28.000000 242.000000 13.533000 100.283000
29.000000 79.000000 5.250000 100.283000
33.400000 66.400000 5.417000 100.350000
90.000000 220.000000 2.200000 100.600000
3.300000 65.000000 7.233000 100.617000
38.800000 173.400000 4.000000 100.750000
22.500000 227.600000 13.150000 100.817000
12.200000 220.900000 12.650000 100.883000
23.400000 252.500000 13.500000 100.983000
64.000000 200.000000 4.033000 101.000000
63.700000 206.000000 2.883000 101.000000
60.400000 215.100000 2.900000 101.250000
1.800000 350.000000 6.950000 101.283000
68.000000 211.200000 3.000000 101.383000
8.200000 282.000000 12.583000 101.450000
40.500000 242.400000 2.517000 101.783000
5.900000 127.000000 12.467000 102.067000
8.000000 295.000000 6.200000 102.167000
27.700000 286.000000 2.183000 102.250000
32.300000 301.000000 2.050000 102.333000
8.600000 103.000000 12.117000 102.567000
29.900000 314.000000 2.050000 102.567000
11.000000 290.100000 5.817000 102.617000
11.000000 291.100000 5.667000 102.767000
6.300000 122.900000 11.417000 103.000000
11.000000 289.100000 5.350000 103.133000
17.100000 322.300000 3.833000 103.333000
16.200000 322.100000 4.217000 103.433000
13.400000 296.000000 4.783000 103.433000
14.600000 327.000000 2.817000 103.467000
19.200000 323.000000 3.533000 103.467000
5.500000 73.600000 10.633000 103.483000
3.400000 83.200000 10.550000 103.600000
20.100000 323.000000 3.250000 103.667000
21.300000 333.000000 2.433000 103.983000
18.300000 327.000000 2.800000 104.133000
1.900000 353.100000 10.367000 104.467000
8.500000 118.000000 18.767000 105.750000
10.000000 113.500000 18.800000 105.767000
6.800000 141.900000 19.917000 106.017000
5.800000 315.000000 3.233000 106.250000
5.200000 91.300000 17.700000 106.467000
28.400000 141.800000 8.683000 106.600000
4.700000 169.700000 20.867000 106.667000
4.300000 136.300000 20.667000 106.800000
32.000000 121.000000 10.400000 107.017000
3.300000 166.100000 20.717000 107.033000
30.700000 110.900000 10.333000 107.067000
4.400000 146.900000 20.950000 107.067000
2.300000 173.700000 20.767000 107.133000
5.000000 253.300000 21.033000 107.367000
7.000000 229.800000 21.100000 107.600000
4.200000 58.500000 16.567000 107.617000
7.300000 216.100000 21.200000 107.950000
15.800000 68.000000 10.700000 107.983000
4.000000 86.000000 4.750000 108.000000
7.000000 157.900000 3.800000 108.033000
5.800000 10.400000 16.117000 108.217000
10.300000 32.600000 11.167000 108.700000
14.000000 154.300000 3.050000 108.850000
15.000000 133.200000 2.267000 108.900000
7.800000 36.800000 10.500000 108.950000
28.000000 166.000000 2.500000 109.000000
11.800000 230.800000 21.483000 109.100000
8.500000 14.600000 11.883000 109.200000
7.000000 7.400000 13.750000 109.217000
7.100000 351.400000 12.267000 109.300000
16.800000 335.200000 18.217000 109.533000
17.000000 140.700000 2.083000 109.650000
35.100000 158.000000 2.000000 109.667000
15.500000 346.500000 20.050000 110.317000
35.000000 38.200000 21.167000 110.417000
34.900000 0.900000 20.950000 110.600000
13.400000 6.600000 20.167000 110.683000
43.900000 175.500000 2.150000 111.250000
38.700000 216.000000 2.133000 111.517000
7.700000 352.900000 16.550000 111.617000
28.600000 250.300000 2.300000 111.667000
12.000000 147.000000 2.817000 111.700000
8.200000 107.000000 2.900000 112.083000
6.000000 212.000000 2.750000 112.183000
5.500000 47.000000 3.183000 113.033000
8.000000 26.000000 3.250000 113.067000
7.300000 36.000000 3.517000 113.300000
20.300000 77.100000 23.083000 113.433000
18.800000 321.400000 22.200000 113.550000
18.800000 321.400000 22.200000 113.550000
8.800000 22.000000 3.967000 113.700000
17.000000 328.000000 22.367000 113.967000
8.000000 22.000000 4.383000 113.983000
8.000000 10.000000 4.583000 113.983000
17.000000 303.000000 22.233000 114.000000
24.000000 0.000000 22.483000 114.017000
16.500000 299.000000 22.100000 114.033000
15.000000 297.000000 22.467000 114.183000
14.900000 285.400000 22.467000 114.333000
7.600000 1.000000 4.617000 114.650000
14.600000 280.000000 22.733000 114.733000
18.000000 37.000000 4.900000 114.983000
15.000000 25.000000 5.033000 115.067000
14.000000 16.000000 5.000000 115.133000
11.800000 8.500000 5.267000 115.250000
14.000000 12.000000 4.883000 115.350000
14.000000 29.000000 4.850000 115.400000
14.000000 21.000000 4.950000 115.417000
12.800000 5.000000 5.083000 115.550000
15.000000 33.000000 5.217000 115.600000
10.400000 358.000000 6.200000 115.600000
11.000000 0.000000 5.700000 115.667000
9.100000 277.000000 22.800000 115.800000
9.800000 352.000000 5.750000 115.900000
11.000000 353.100000 6.017000 115.967000
10.400000 353.000000 5.983000 116.067000
6.000000 267.100000 20.683000 116.717000
10.100000 94.000000 23.333000 116.750000
14.600000 359.000000 6.883000 116.850000
13.000000 350.900000 8.000000 117.067000
18.000000 80.400000 23.600000 117.283000
19.000000 311.000000 2.817000 117.367000
17.700000 353.000000 6.883000 117.483000
39.000000 283.000000 2.200000 117.500000
33.000000 291.900000 2.200000 117.533000
28.810000 64.590000 23.733000 117.533000
51.000000 216.000000 2.917000 117.700000
54.000000 249.600000 2.200000 117.700000
24.400000 2.000000 6.217000 117.717000
32.000000 220.400000 3.500000 117.800000
53.000000 220.300000 2.167000 117.867000
42.700000 217.000000 4.233000 117.883000
47.000000 225.200000 2.033000 117.883000
18.300000 347.000000 6.500000 117.917000
53.380000 44.760000 24.450000 118.067000
20.200000 353.000000 5.833000 118.117000
40.800000 60.700000 24.383000 118.167000
22.300000 202.000000 5.033000 118.333000
53.700000 125.100000 24.400000 118.417000
42.600000 207.000000 4.950000 118.583000
25.600000 202.000000 4.483000 118.617000
15.600000 342.600000 9.733000 118.700000
7.900000 345.500000 10.067000 118.767000
12.000000 19.200000 23.217000 119.417000
7.000000 342.000000 10.883000 119.417000
26.600000 211.100000 4.783000 119.433000
56.000000 18.300000 25.000000 119.450000
24.000000 13.000000 23.517000 119.500000
30.000000 27.000000 23.650000 119.517000
12.000000 16.000000 23.367000 119.517000
23.100000 15.200000 23.550000 119.550000
23.000000 32.200000 23.550000 119.550000
30.000000 34.800000 23.733000 119.600000
30.000000 22.700000 23.600000 119.667000
17.000000 6.500000 23.550000 119.667000
10.700000 327.500000 5.850000 119.733000
27.100000 195.500000 5.033000 119.767000
3.600000 306.200000 16.400000 119.900000
1.700000 324.200000 15.767000 119.900000
10.100000 4.100000 11.800000 119.950000
4.000000 329.900000 23.100000 120.067000
7.400000 3.300000 23.183000 120.067000
2.600000 310.800000 16.067000 120.100000
16.300000 160.800000 23.450000 120.133000
14.000000 4.700000 23.383000 120.150000
6.000000 278.000000 23.000000 120.150000
25.000000 19.700000 23.700000 120.167000
9.900000 248.600000 5.350000 120.217000
38.100000 211.500000 5.133000 120.233000
7.900000 81.900000 22.617000 120.250000
6.300000 247.600000 22.617000 120.267000
7.000000 233.700000 22.683000 120.267000
6.000000 324.400000 14.817000 120.283000
9.000000 267.400000 5.650000 120.283000
2.500000 282.500000 16.617000 120.300000
32.000000 20.400000 23.917000 120.300000
23.700000 217.400000 5.217000 120.317000
3.200000 241.200000 17.783000 120.417000
7.000000 235.100000 22.467000 120.433000
37.000000 16.000000 24.183000 120.483000
18.500000 195.000000 5.200000 120.500000
42.800000 346.400000 24.267000 120.517000
5.800000 214.900000 18.483000 120.567000
51.000000 5.900000 24.383000 120.567000
9.300000 239.300000 22.350000 120.583000
5.400000 353.800000 14.383000 120.600000
10.000000 223.600000 22.067000 120.683000
7.000000 234.400000 22.450000 120.717000
11.000000 214.500000 21.967000 120.750000
50.000000 6.500000 24.617000 120.750000
11.400000 220.700000 21.933000 120.767000
12.600000 228.200000 5.700000 120.883000
9.900000 346.200000 13.767000 120.917000
44.000000 161.700000 24.850000 120.917000
6.500000 332.600000 14.583000 120.967000
10.400000 272.000000 6.067000 121.000000
23.200000 218.900000 5.933000 121.033000
11.200000 339.800000 12.350000 121.100000
6.800000 216.800000 18.617000 121.100000
18.000000 192.600000 22.833000 121.183000
16.300000 4.600000 13.433000 121.183000
10.200000 205.400000 18.867000 121.283000
21.000000 204.200000 23.117000 121.400000
20.900000 194.100000 15.200000 121.433000
11.800000 280.100000 6.733000 121.467000
19.000000 213.000000 22.667000 121.483000
20.000000 217.900000 22.033000 121.567000
17.600000 12.800000 13.900000 121.600000
25.500000 197.800000 14.667000 121.617000
29.800000 210.300000 6.150000 121.833000
21.500000 195.300000 14.933000 121.833000
19.000000 203.300000 24.583000 121.867000
14.600000 230.300000 6.550000 121.867000
17.000000 235.300000 24.933000 121.883000
24.600000 190.100000 14.900000 121.967000
17.800000 3.000000 12.267000 121.983000
