   7.3950000e-01   7.4720000e-01  -2.9880000e-01   7.8790000e-01   1.0296000e+00   7.1490000e-01   4.9380000e-01   1.0399000e+00   5.4860000e-01   2.1075000e+00   1.0512000e+00   2.7520000e-01   2.1920000e-01   4.0900000e-01   5.7230000e-01  -1.1091000e+00  -1.2670000e-01   7.5170000e-01   1.6644000e+00   2.3640000e-01
  -2.8740000e-01   1.6702000e+00  -2.7310000e-01   2.7243000e+00   6.9140000e-01   1.7339000e+00   1.4485000e+00   1.0482000e+00   3.4500000e-01   2.2350000e-01   6.7620000e-01   1.9467000e+00  -1.8823000e+00  -2.7600000e-02   1.1070000e-01   1.7459000e+00   1.8887000e+00  -1.3930000e-01   1.9630000e-01  -8.3300000e-02
   1.6035000e+00  -4.0100000e-02   1.8280000e-01   1.4500000e-01   5.0210000e-01   2.0701000e+00  -7.0980000e-01   3.3960000e-01   6.1800000e-02   1.5882000e+00   6.2840000e-01   8.5750000e-01   2.8528000e+00   1.0051000e+00   5.3910000e-01   2.5880000e-01  -8.0950000e-01  -5.0400000e-02   6.4830000e-01  -1.1413000e+00
   1.4777000e+00  -3.0000000e-04   1.3220000e-01   2.6400000e-01   1.7445000e+00  -5.4250000e-01   4.0940000e-01   2.0146000e+00   3.9710000e-01   6.9600000e-01   1.0170000e-01   6.5170000e-01  -4.7860000e-01   5.4450000e-01  -5.4360000e-01   5.3350000e-01   8.0030000e-01   1.2900000e+00  -4.1000000e-03   3.4500000e-01
  -2.7536000e+00  -1.5990000e+00   1.3153000e+00   1.2690000e+00   6.0170000e-01  -3.7610000e-01   2.2910000e-01  -9.5700000e-02  -3.3340000e-01  -5.7030000e-01  -1.3716000e+00  -1.9717000e+00  -4.0440000e-01  -5.6110000e-01  -1.0035000e+00  -1.2461000e+00  -3.7000000e-01   4.3400000e-02  -3.1030000e+00   9.0510000e-01
   1.7786000e+00   1.3037000e+00  -4.3320000e-01   1.3189000e+00   1.3530000e+00   4.6030000e-01   1.7060000e-01   7.9720000e-01   1.7948000e+00   5.7360000e-01   1.1022000e+00   1.7870000e+00   7.6890000e-01  -5.1950000e-01  -1.9103000e+00  -4.2710000e-01   4.6080000e-01   3.2266000e+00   1.6442000e+00   8.3390000e-01
   2.7935000e+00   2.9900000e-02  -1.0752000e+00  -1.2082000e+00  -5.7630000e-01   1.4091000e+00  -9.3790000e-01  -1.0959000e+00   6.8800000e-02   1.9812000e+00   8.0010000e-01  -4.8280000e-01  -8.5320000e-01  -6.7700000e-01   3.3080000e-01  -1.4210000e+00  -7.6230000e-01  -4.1820000e-01  -2.1160000e-01  -1.8874000e+00
   1.1509000e+00  -6.4440000e-01  -8.6760000e-01  -2.9340000e-01   1.6661000e+00   4.8080000e-01  -1.2502000e+00   5.7000000e-01   2.0056000e+00  -1.4690000e-01  -5.6170000e-01   8.1840000e-01   8.5780000e-01   1.2562000e+00  -8.8530000e-01   4.4680000e-01   9.3350000e-01  -1.2960000e-01   8.8250000e-01  -4.0750000e-01
   2.3710000e+00   1.1185000e+00  -3.6880000e-01   5.6630000e-01   2.8460000e-01   1.1395000e+00   3.1910000e-01   1.2060000e-01  -5.2430000e-01   1.6213000e+00   1.9758000e+00   6.3810000e-01   7.9060000e-01   2.6460000e-01   2.2194000e+00  -1.1126000e+00  -1.9820000e-01  -1.1150000e+00   7.5070000e-01   1.2630000e+00
  -2.7440000e-01  -2.7129000e+00  -1.5521000e+00   2.0220000e-01  -3.9840000e-01   4.9790000e-01  -1.5212000e+00  -7.5810000e-01  -4.9290000e-01   4.2800000e-01  -1.9410000e-01   1.9112000e+00   1.0760000e-01  -9.1540000e-01   7.7510000e-01   1.0320000e-01  -1.3300000e+00  -1.3605000e+00  -3.2870000e-01   2.8909000e+00
  -1.2789000e+00   4.4170000e-01   1.4872000e+00  -2.5710000e-01   7.1140000e-01  -1.3900000e-02  -1.6420000e+00   1.9683000e+00  -1.2510000e+00   4.4480000e-01   7.6800000e-01  -8.6400000e-02   1.0156000e+00  -1.1979000e+00  -9.3200000e-01  -9.6600000e-01   1.1464000e+00   3.6520000e-01  -1.4753000e+00  -2.1833000e+00
  -5.5850000e-01   4.8890000e-01   7.8880000e-01   7.9290000e-01  -3.3010000e-01  -3.4950000e-01   1.6456000e+00   1.3019000e+00  -3.1000000e-01   1.5200000e-02   8.3370000e-01   1.7834000e+00   1.7487000e+00   6.8200000e-01   1.5116000e+00  -6.7810000e-01   3.2690000e-01   2.0194000e+00   1.7243000e+00   5.1500000e-01
   1.1291000e+00   5.5820000e-01  -6.6580000e-01  -1.8270000e-01  -9.8850000e-01  -2.4866000e+00  -1.4295000e+00   2.1770000e-01   2.1041000e+00   9.9710000e-01   9.3660000e-01   6.9080000e-01   3.0450000e-01   1.2469000e+00  -1.1473000e+00   1.2010000e-01   1.1730000e-01  -1.8029000e+00   4.6210000e-01  -1.5028000e+00
  -6.3760000e-01  -7.8000000e-01  -7.8820000e-01  -3.4500000e-02  -1.1657000e+00   5.1050000e-01  -1.4798000e+00   1.1600000e-01   7.2940000e-01  -3.5300000e-02   3.0980000e-01  -7.0520000e-01   2.0400000e-01   9.1090000e-01  -8.3830000e-01  -2.7400000e-01  -1.0852000e+00   1.1379000e+00   1.0032000e+00  -3.0870000e-01
   5.1550000e-01  -1.4400000e-01  -1.9900000e-02  -7.7400000e-01  -9.9320000e-01  -1.1674000e+00   6.0880000e-01   5.8660000e-01  -9.2030000e-01  -1.7367000e+00  -2.3130000e-01   7.4180000e-01  -4.0320000e-01  -2.8149000e+00   2.5970000e-01   6.2110000e-01  -1.1289000e+00  -1.3431000e+00  -2.8872000e+00  -3.7210000e-01
   1.0090000e+00   5.1080000e-01   8.8530000e-01  -1.6136000e+00   1.1112000e+00  -2.1600000e-01  -7.3560000e-01  -5.7000000e-01   4.4860000e-01  -1.3582000e+00  -1.4607000e+00  -1.7266000e+00  -8.1900000e-02   5.3380000e-01  -5.0930000e-01  -1.3210000e+00   8.9610000e-01  -1.0631000e+00   7.1000000e-01  -6.1960000e-01
  -1.0960000e-01   3.7610000e-01   7.5570000e-01   9.9100000e-02  -4.4300000e-02  -8.3730000e-01   3.4470000e-01  -9.1780000e-01   9.3770000e-01   1.0242000e+00   6.2510000e-01   1.5680000e-01  -8.2690000e-01  -1.7243000e+00   2.2440000e-01  -8.7550000e-01  -8.8670000e-01  -2.1382000e+00  -2.0255000e+00   1.1363000e+00
  -8.8990000e-01   1.1888000e+00   4.7550000e-01   1.9046000e+00  -2.0000000e-01   1.6689000e+00   8.1390000e-01   1.3831000e+00   2.2062000e+00   1.3921000e+00   2.1240000e-01   1.3413000e+00   2.6990000e+00   7.3360000e-01  -1.6344000e+00  -2.4750000e-01  -6.6910000e-01  -1.5336000e+00   1.6536000e+00   1.1554000e+00
  -9.7220000e-01  -1.0470000e-01  -2.2760000e-01   4.4040000e-01   5.7830000e-01   6.8300000e-02  -1.5660000e+00  -9.5170000e-01  -1.6846000e+00   1.5180000e-01  -5.7630000e-01  -3.4310000e-01   2.0670000e-01   8.6790000e-01  -1.2441000e+00  -1.6745000e+00   1.2700000e-02   3.9800000e-02   1.4254000e+00  -1.7934000e+00
  -2.7950000e-01   1.2516000e+00  -1.2764000e+00   9.0740000e-01   1.8345000e+00  -7.4560000e-01   1.7020000e-01   1.9179000e+00   7.9960000e-01   4.4260000e-01   2.3615000e+00   1.0979000e+00   3.1042000e+00   2.4560000e-01   1.1890000e-01  -1.3371000e+00  -3.8420000e-01   8.7720000e-01  -2.0100000e-02   2.0196000e+00
  -1.0651000e+00  -2.1043000e+00  -1.3847000e+00  -9.6830000e-01  -2.7110000e-01   3.6080000e-01  -9.0900000e-01  -1.1286000e+00  -8.8740000e-01   1.0500000e-02   8.2120000e-01  -2.0420000e+00  -8.7810000e-01  -6.3730000e-01  -8.6840000e-01  -5.8990000e-01  -1.4218000e+00   1.0005000e+00  -4.3950000e-01   1.4490000e-01
   6.2110000e-01   2.0747000e+00  -1.1010000e-01   4.3630000e-01  -5.8570000e-01   1.5724000e+00   1.4076000e+00  -2.1000000e-02   1.1878000e+00   8.1880000e-01   1.3670000e-01   1.1558000e+00   1.2580000e+00   9.6260000e-01   1.7789000e+00  -1.8864000e+00   1.7505000e+00   8.6020000e-01   1.0604000e+00  -3.3470000e-01
  -8.9910000e-01   8.2560000e-01  -4.8740000e-01  -1.9460000e-01   1.0143000e+00   3.1110000e-01  -1.0736000e+00   4.0000000e-02  -5.8380000e-01   2.1340000e-01   7.9590000e-01  -6.9210000e-01  -1.3844000e+00  -6.3310000e-01  -7.2040000e-01  -1.3000000e-02  -3.9130000e-01   1.2390000e-01  -1.0166000e+00   8.0340000e-01
  -2.3140000e-01   2.2658000e+00   1.7833000e+00   1.1388000e+00   2.9380000e-01  -1.3775000e+00   1.2770000e-01  -7.2810000e-01   1.4158000e+00   5.2560000e-01   9.2810000e-01   3.8160000e-01   1.2131000e+00  -3.5300000e-01   9.9480000e-01  -5.6000000e-01  -7.1700000e-02   7.2880000e-01   7.8710000e-01  -9.2380000e-01
   9.5550000e-01   3.1486000e+00   1.2565000e+00  -2.7800000e-02  -1.2444000e+00  -6.3420000e-01   2.3546000e+00   7.7200000e-01   2.3130000e-01   5.1970000e-01  -4.8610000e-01   1.6818000e+00   8.6070000e-01   2.5670000e-01   2.7254000e+00  -1.2651000e+00   2.6070000e-01   1.1726000e+00   9.1600000e-01   1.9370000e-01
   4.8150000e-01  -4.9520000e-01   1.4425000e+00   1.3450000e+00  -5.3740000e-01   6.8720000e-01   1.0019000e+00   4.8550000e-01  -3.6710000e-01  -1.5390000e-01   3.7330000e-01  -4.7910000e-01   4.4210000e-01   1.7111000e+00   4.7220000e-01   3.6560000e-01  -1.6560000e-01   1.2163000e+00  -1.0600000e+00   3.5160000e-01
   6.8540000e-01  -1.5501000e+00   1.0298000e+00  -2.9908000e+00  -2.1494000e+00  -2.3427000e+00  -4.9760000e-01  -6.3640000e-01  -3.6690000e-01  -4.8020000e-01   4.8530000e-01  -9.1110000e-01   3.1150000e-01   1.3352000e+00  -1.5171000e+00  -7.4930000e-01   4.2320000e-01  -8.0200000e-02   1.4000000e-01  -4.2120000e-01
  -9.5530000e-01   8.1170000e-01  -8.3160000e-01   1.0588000e+00  -4.7900000e-02   7.3180000e-01   4.7000000e-03  -1.7553000e+00  -6.1240000e-01   8.6790000e-01  -1.1039000e+00   1.7810000e-01   9.4500000e-02  -2.8114000e+00  -1.9413000e+00  -6.2890000e-01  -7.8690000e-01   3.4050000e-01  -1.8652000e+00   2.1500000e-01
  -3.1850000e-01  -6.8260000e-01   1.1000000e+00  -1.4400000e-01   1.2479000e+00  -1.0525000e+00   2.3097000e+00  -8.8410000e-01  -4.9300000e-02   1.4661000e+00   9.6250000e-01   2.0846000e+00   2.5372000e+00  -4.5310000e-01   3.4660000e-01   9.5200000e-02  -1.0602000e+00  -1.1422000e+00   5.0480000e-01   1.4537000e+00
  -8.1750000e-01  -3.0030000e-01  -9.7960000e-01  -2.3833000e+00  -1.3339000e+00  -8.5230000e-01   1.8170000e-01  -4.4100000e-02  -1.5706000e+00   1.0500000e-01   9.0730000e-01  -1.6698000e+00  -9.2870000e-01  -1.0412000e+00  -1.0461000e+00  -2.6614000e+00  -3.2054000e+00  -8.4490000e-01  -2.4459000e+00   2.3000000e-02
  -8.7930000e-01   8.5660000e-01  -6.2410000e-01  -1.4048000e+00  -8.3350000e-01  -1.5653000e+00   1.3616000e+00   3.4930000e-01  -4.2280000e-01   7.8200000e-02   2.2750000e-01  -9.5140000e-01  -6.8690000e-01  -7.9730000e-01  -1.2572000e+00  -3.9610000e-01  -9.3010000e-01   3.4030000e-01   1.9840000e-01   9.0000000e-01
  -6.9650000e-01   5.5290000e-01   5.3400000e-01  -2.8890000e+00  -2.4500000e-01  -1.6065000e+00   1.7430000e-01   9.4000000e-02  -2.1503000e+00  -2.5000000e-01  -3.0540000e-01  -1.4470000e-01  -7.0500000e-02  -7.5900000e-01   8.3600000e-01  -2.3024000e+00  -9.7770000e-01  -1.1800000e-02  -2.0225000e+00  -1.4963000e+00
   1.3416000e+00  -5.4240000e-01   2.7150000e-01   8.7800000e-01  -1.5719000e+00   1.6285000e+00  -7.4030000e-01  -1.2900000e-02   1.1169000e+00  -1.3820000e-01   1.7984000e+00   5.9630000e-01  -1.6800000e+00   6.5680000e-01   4.8780000e-01  -4.9900000e-01   9.6540000e-01   1.8351000e+00   1.9797000e+00   1.0612000e+00
   8.3680000e-01   2.4929000e+00   1.2023000e+00   4.9370000e-01   9.5960000e-01  -1.0390000e+00   3.9330000e-01  -2.7200000e-02   1.4097000e+00   1.9662000e+00  -8.6340000e-01   2.7346000e+00  -1.7664000e+00   4.9180000e-01   2.9150000e-01  -4.1200000e-01   1.0487000e+00   1.4928000e+00   3.3180000e-01   1.9413000e+00
   5.1670000e-01   2.7160000e-01   2.0830000e-01   1.5435000e+00   1.1818000e+00   1.7279000e+00   1.5830000e-01  -1.1691000e+00  -6.0500000e-02  -1.7520000e-01   5.9290000e-01  -6.5870000e-01   1.4950000e-01  -2.1700000e-01   1.8590000e-01   2.5215000e+00  -1.3316000e+00   2.0570000e-01   1.4821000e+00   7.9230000e-01
   7.2340000e-01  -7.1560000e-01  -1.3704000e+00  -1.6000000e-03   7.1510000e-01  -1.2330000e-01   5.7950000e-01   1.6310000e-01  -6.8700000e-01  -3.1999000e+00   2.9600000e-02  -1.1700000e-01  -2.2180000e-01  -3.7276000e+00  -1.6749000e+00   3.1190000e-01   9.2940000e-01  -4.8170000e-01  -2.5257000e+00   1.7227000e+00
  -1.7785000e+00  -1.3095000e+00   2.2477000e+00   4.6890000e-01  -7.1260000e-01   2.0425000e+00  -4.4640000e-01   4.1860000e-01   2.5440000e-01  -2.3247000e+00  -1.2710000e-01  -1.7308000e+00  -1.0269000e+00  -2.9470000e-01   1.0507000e+00   1.7750000e-01  -1.9313000e+00  -3.9630000e-01  -1.4185000e+00  -2.8240000e-01
   1.0240000e+00  -1.6900000e-01  -5.8400000e-01  -4.1280000e-01   1.9397000e+00  -1.1478000e+00   7.2530000e-01   1.2957000e+00  -7.0920000e-01   3.8240000e-01   2.9760000e-01   1.2696000e+00  -5.9400000e-01   1.5370000e-01  -3.1900000e-01  -4.3800000e-02   4.6590000e-01  -5.5900000e-01   6.3770000e-01   1.3481000e+00
  -1.0528000e+00  -1.2574000e+00   1.6970000e+00  -1.0805000e+00   1.2370000e-01   2.2380000e-01  -1.5012000e+00   1.0948000e+00   9.7720000e-01  -1.9226000e+00   7.7890000e-01  -1.4520000e-01  -1.8546000e+00  -1.3946000e+00  -1.1568000e+00  -2.4666000e+00  -2.4286000e+00   9.2790000e-01  -8.2660000e-01   5.7920000e-01
   3.8300000e-02  -5.4000000e-02   1.3140000e-01   1.5891000e+00   1.8973000e+00   8.0300000e-02  -1.3011000e+00  -8.7520000e-01   1.7575000e+00   1.0740000e+00   5.8880000e-01  -1.1976000e+00   1.6663000e+00   1.5023000e+00  -3.5610000e-01   1.9305000e+00   5.3840000e-01   5.7570000e-01   2.3933000e+00   1.1048000e+00
   1.3504000e+00   4.7100000e-02   4.6330000e-01   1.9315000e+00  -4.1800000e-02   3.6660000e-01  -2.1000000e-02  -1.1759000e+00   2.0302000e+00   1.0856000e+00   8.5740000e-01   1.0516000e+00  -4.2450000e-01   1.9879000e+00   2.8514000e+00   1.8954000e+00  -1.0162000e+00   1.0321000e+00   5.8520000e-01   1.3132000e+00
   6.9820000e-01   8.2300000e-02   7.0230000e-01   5.8570000e-01  -7.2200000e-02  -9.7500000e-02   1.6530000e+00  -5.4180000e-01   2.4236000e+00   5.7060000e-01   2.6102000e+00  -2.0160000e-01   1.1399000e+00   1.3734000e+00   1.4383000e+00  -1.4690000e-01   4.4530000e-01   1.5509000e+00   6.2940000e-01  -1.1895000e+00
  -1.3613000e+00  -6.1840000e-01  -8.6960000e-01  -1.7244000e+00   4.6700000e-02  -5.0850000e-01  -9.7350000e-01   1.2083000e+00  -8.3380000e-01  -2.1158000e+00  -5.1300000e-02  -4.0280000e-01  -8.4280000e-01  -1.2182000e+00  -6.1920000e-01   4.4600000e-01  -1.2764000e+00  -2.3264000e+00   4.2800000e-01  -1.5129000e+00
   1.7230000e+00   1.4362000e+00  -4.3790000e-01   4.0630000e-01   6.5400000e-01   1.3370000e+00   1.4907000e+00   1.9437000e+00   1.0110000e-01  -2.0600000e-01  -1.1307000e+00  -2.6690000e-01  -7.8000000e-01   1.7003000e+00   8.3170000e-01  -2.5320000e-01  -1.4260000e-01  -3.8410000e-01   1.0136000e+00   9.6460000e-01
  -1.1660000e-01   6.9610000e-01   1.1955000e+00  -1.6540000e-01  -1.4818000e+00   2.5640000e-01   2.8640000e-01  -7.8000000e-03  -5.6950000e-01   8.2150000e-01   6.4000000e-03   6.8000000e-02  -1.4728000e+00  -8.7240000e-01  -8.6400000e-02  -3.8390000e-01  -1.5107000e+00   8.4530000e-01  -1.3244000e+00  -4.0600000e-01
  -6.1130000e-01   1.5341000e+00   4.8200000e-01   1.0515000e+00   1.8824000e+00   1.2031000e+00  -2.8980000e-01  -5.4490000e-01   1.9834000e+00  -4.0750000e-01   1.0398000e+00   2.0738000e+00  -5.5140000e-01   2.2044000e+00   1.3320000e+00  -1.1252000e+00  -1.2854000e+00  -7.3270000e-01   2.3127000e+00   1.2658000e+00
  -8.9420000e-01   6.4890000e-01   1.3440000e+00   1.4245000e+00   9.1800000e-01   2.0277000e+00  -6.2950000e-01   5.8910000e-01   2.0699000e+00   4.8100000e-01   5.4230000e-01   1.5180000e-01  -3.3710000e-01   1.5154000e+00   1.4299000e+00  -2.6570000e+00  -6.0570000e-01  -6.6160000e-01   7.0340000e-01   6.1750000e-01
   4.7750000e-01  -7.3170000e-01   1.1764000e+00  -2.1957000e+00  -3.9650000e-01  -2.7500000e-01  -8.9080000e-01  -1.2005000e+00  -9.4950000e-01   8.1030000e-01   4.2000000e-01  -6.5100000e-02   1.4700000e-01  -6.9930000e-01  -3.1870000e-01  -7.4740000e-01  -1.8280000e+00  -1.7052000e+00   8.6100000e-02  -6.5490000e-01
  -2.2673000e+00   2.1020000e-01   9.7280000e-01   5.1670000e-01   4.8220000e-01   2.4910000e-01   2.0200000e-01  -5.5910000e-01  -6.3710000e-01   7.4310000e-01  -1.0573000e+00   1.3690000e-01   1.0769000e+00  -1.2849000e+00  -4.2910000e-01   1.4504000e+00  -3.9230000e-01   1.3884000e+00   2.8230000e-01  -1.5730000e-01
  -8.7010000e-01  -5.7100000e-02  -1.4830000e-01  -8.9540000e-01  -4.0910000e-01   8.6390000e-01  -1.9290000e-01  -8.0560000e-01  -1.8800000e-01  -1.4524000e+00  -1.5018000e+00   7.5770000e-01  -3.9620000e-01  -8.9510000e-01  -6.4960000e-01   1.2525000e+00  -1.1414000e+00  -2.6960000e-01  -1.4917000e+00  -1.7056000e+00
   3.5600000e-02  -1.2610000e-01  -5.3400000e-01   4.9250000e-01  -3.7150000e-01  -1.7600000e-02   6.6030000e-01   1.8823000e+00   8.3000000e-03   8.7100000e-02  -1.1309000e+00   2.1220000e-01   2.1662000e+00   2.7483000e+00   1.6320000e-01   4.4370000e-01   1.3175000e+00   1.3807000e+00   1.5100000e+00   1.0366000e+00
   1.5990000e-01   8.3100000e-01   1.2731000e+00  -1.7640000e-01  -7.1420000e-01  -2.5760000e-01  -1.9810000e-01   9.2440000e-01   1.1890000e+00   1.6045000e+00   9.1310000e-01   4.9860000e-01   8.3490000e-01  -1.8800000e-02   1.1344000e+00  -1.5710000e-01  -7.6050000e-01  -8.2140000e-01   1.8005000e+00   1.6814000e+00
  -1.9446000e+00  -1.8593000e+00  -1.8460000e+00  -2.2770000e-01  -4.5800000e-02  -1.1878000e+00   6.7140000e-01  -1.8871000e+00  -7.9510000e-01  -3.1260000e-01  -1.3042000e+00  -4.5010000e-01  -9.6110000e-01   2.7130000e-01  -2.3012000e+00   4.1550000e-01  -1.2573000e+00  -6.8500000e-02  -1.5690000e-01   1.1315000e+00
  -1.2711000e+00  -1.2979000e+00  -8.7400000e-01  -1.6857000e+00  -1.2816000e+00  -1.2688000e+00  -1.0400000e-01  -3.0090000e-01  -9.3910000e-01  -2.1727000e+00   1.0442000e+00  -9.4200000e-01  -9.6750000e-01  -8.8570000e-01   1.6800000e-01  -8.1260000e-01  -2.1502000e+00   8.6980000e-01  -1.2448000e+00  -7.0380000e-01
  -7.3040000e-01   4.7300000e-02   1.0055000e+00  -3.1090000e-01   1.8997000e+00  -1.9260000e-01   1.6003000e+00  -6.7410000e-01  -4.7710000e-01  -2.5380000e-01   4.9660000e-01   1.7175000e+00   2.0349000e+00  -7.8600000e-01  -3.6830000e-01   1.4405000e+00  -4.5980000e-01  -4.1730000e-01   8.9130000e-01   1.2210000e+00
   2.1082000e+00   1.4006000e+00   2.0813000e+00  -5.7900000e-01   1.5980000e+00   4.3490000e-01   6.3600000e-02   3.3900000e-01  -1.9300000e-01  -8.1000000e-03   1.6095000e+00   1.7965000e+00  -2.8058000e+00   2.3358000e+00  -7.2720000e-01  -7.4950000e-01   7.4430000e-01  -8.0350000e-01   1.2800000e+00   1.8138000e+00
  -1.2340000e+00  -2.9650000e-01   2.1720000e-01  -6.9970000e-01  -6.2310000e-01   1.2264000e+00  -2.2770000e-01  -2.1137000e+00   1.2070000e-01   7.1200000e-01  -8.2240000e-01   6.7030000e-01  -1.3168000e+00   6.6490000e-01   1.0276000e+00   8.1700000e-02  -1.1494000e+00   4.3140000e-01   8.2100000e-01   2.0430000e-01
  -1.0431000e+00  -2.6733000e+00  -1.4400000e+00  -3.8400000e-02   5.5850000e-01   2.2590000e-01   3.9900000e-02  -2.8010000e-01   5.1580000e-01  -1.0600000e-02  -1.7610000e-01   1.3490000e-01  -2.2972000e+00  -7.6640000e-01  -5.9050000e-01  -4.1720000e-01  -1.8949000e+00  -4.2420000e-01  -9.9070000e-01   1.2528000e+00
   1.7638000e+00   1.6364000e+00   2.9170000e-01  -5.3260000e-01  -2.7860000e-01  -1.1910000e-01   3.8800000e+00  -2.4450000e-01   2.6602000e+00  -4.0000000e-02   7.3820000e-01  -1.9333000e+00   3.5250000e-01   3.9900000e-01  -7.2690000e-01  -4.9310000e-01   1.1796000e+00   1.0540000e+00   6.6820000e-01   1.4124000e+00
  -2.8250000e-01  -1.1387000e+00  -2.6810000e-01  -1.4449000e+00   3.9840000e-01  -3.4720000e-01   1.0372000e+00  -7.2040000e-01  -2.6123000e+00   7.3470000e-01  -1.7337000e+00   5.0120000e-01   1.6300000e+00  -2.0836000e+00  -1.7851000e+00  -1.4748000e+00   1.9490000e-01  -2.1260000e-01  -2.0744000e+00  -5.9830000e-01
   7.8200000e-02  -2.5650000e-01   1.7161000e+00  -2.0054000e+00   1.4270000e-01  -5.1400000e-02  -1.4774000e+00   5.9600000e-01  -6.3650000e-01  -7.5060000e-01   5.8200000e-02  -1.4867000e+00  -1.7353000e+00   1.8450000e-01   3.9970000e-01  -3.7220000e-01  -7.2130000e-01   1.7460000e-01  -4.3290000e-01   3.2150000e-01
  -1.9310000e-01  -5.5740000e-01  -1.2770000e+00   1.4740000e-01  -4.8080000e-01  -1.5354000e+00   1.4350000e-01   4.4990000e-01  -9.6320000e-01  -4.9310000e-01  -2.5470000e-01  -6.0030000e-01   5.8770000e-01   3.2870000e-01   1.6230000e+00   3.2990000e-01   8.2260000e-01  -7.8360000e-01  -5.3840000e-01  -1.2251000e+00
   1.0388000e+00   1.3870000e+00  -8.2210000e-01   2.8730000e-01  -4.5110000e-01   8.3320000e-01   3.1342000e+00   1.4810000e-01  -5.8290000e-01   1.9739000e+00   2.4087000e+00   1.3910000e+00  -4.2280000e-01  -1.1482000e+00   5.8930000e-01   8.5180000e-01   2.0850000e-01  -1.1510000e-01   3.8780000e-01  -1.3430000e-01
  -3.6500000e-01  -2.2913000e+00  -8.5380000e-01  -7.2830000e-01  -4.7560000e-01  -1.6723000e+00  -7.1600000e-02   2.0995000e+00  -1.8434000e+00  -2.1665000e+00  -1.6444000e+00  -1.7462000e+00  -4.9870000e-01  -4.1520000e-01   8.1090000e-01  -7.0540000e-01  -1.2305000e+00  -9.7520000e-01  -1.0904000e+00  -9.0100000e-01
  -7.6210000e-01   5.5710000e-01  -9.1710000e-01  -8.8000000e-01  -1.7548000e+00   7.3000000e-01  -2.0478000e+00  -8.5250000e-01  -2.6930000e-01   2.7068000e+00  -3.3210000e-01   1.2192000e+00   1.4359000e+00  -3.5300000e-01   2.7280000e-01   4.1010000e-01  -5.8900000e-02  -1.0709000e+00  -7.2370000e-01  -1.4051000e+00
   2.3966000e+00   1.7523000e+00   2.4730000e-01   7.1690000e-01   5.7330000e-01   1.4247000e+00   1.4293000e+00   3.8010000e-01   4.0500000e-01   8.6370000e-01   4.3590000e-01   3.4910000e-01   1.1368000e+00   1.6162000e+00   1.7195000e+00   5.7200000e-02   8.3000000e-02   2.4088000e+00   9.3840000e-01   2.3382000e+00
   7.6310000e-01   2.8280000e-01   2.1186000e+00   5.2100000e-01   2.8820000e-01   2.0796000e+00  -6.9310000e-01   1.0830000e-01   7.5510000e-01   1.4840000e+00   2.3320000e-01  -1.1797000e+00   1.6182000e+00   1.0155000e+00   7.7790000e-01   1.0306000e+00   5.2600000e-01   1.0666000e+00   1.6396000e+00   2.6930000e-01
  -1.5716000e+00   9.8800000e-01   1.6520000e+00   3.5390000e-01  -2.8100000e-02   1.1380000e-01  -1.4182000e+00  -1.2210000e+00  -1.5531000e+00   1.1131000e+00  -2.8470000e-01  -1.0000000e-01  -1.0390000e-01  -9.7210000e-01  -4.8170000e-01  -1.4525000e+00  -2.8180000e-01   5.5980000e-01   2.0900000e-01  -5.5820000e-01
  -4.0300000e-02  -1.6524000e+00  -1.3576000e+00  -3.9980000e-01  -1.0799000e+00   1.2070000e-01   1.9617000e+00  -1.3645000e+00  -7.1620000e-01  -1.0578000e+00  -1.0700000e+00  -6.4710000e-01   5.5820000e-01  -1.0630000e+00  -3.6464000e+00  -3.8890000e-01  -1.0254000e+00  -5.5380000e-01   5.9060000e-01  -1.2799000e+00
   4.0660000e-01   1.6670000e-01  -1.5685000e+00   4.2710000e-01   6.7640000e-01   1.7160000e-01   2.0670000e-01  -1.8960000e-01   1.8320000e+00  -1.1130000e-01   1.2870000e-01   1.5735000e+00  -1.8840000e-01   8.3480000e-01  -1.8100000e-01   1.8119000e+00   1.9914000e+00   7.8420000e-01   1.7605000e+00  -2.8190000e-01
  -9.3400000e-01  -6.4500000e-01  -7.2570000e-01  -7.1000000e-02  -1.3105000e+00  -5.1820000e-01  -1.1860000e-01   3.8980000e-01   3.3160000e-01  -1.0424000e+00  -1.3710000e+00  -1.1495000e+00  -6.7850000e-01  -6.8300000e-01  -4.2250000e-01  -1.5304000e+00   1.2332000e+00  -9.8870000e-01  -1.4065000e+00   2.6660000e-01
   6.7420000e-01   1.7705000e+00  -8.5460000e-01   4.7130000e-01   4.5570000e-01   8.7350000e-01  -5.8060000e-01   9.0870000e-01   5.3100000e-02   1.0050000e+00   1.5381000e+00   1.1448000e+00   2.3549000e+00   1.1177000e+00  -1.6696000e+00  -1.4260000e-01   3.0580000e-01   4.0930000e-01   7.1410000e-01   1.3290000e+00
   3.8690000e-01   1.9760000e-01   2.9120000e-01   6.9620000e-01   7.0640000e-01   9.7930000e-01  -2.8380000e-01  -1.7070000e+00   5.4010000e-01   4.1350000e-01   2.1140000e-01   3.7420000e-01   4.9540000e-01   2.2253000e+00  -1.0289000e+00  -1.1498000e+00   1.0360000e+00   1.8720000e-01  -2.3196000e+00   3.2000000e-03
   7.8990000e-01  -2.4330000e-01  -2.5640000e-01   5.1400000e-01   2.0420000e+00   1.9498000e+00   3.7920000e-01  -5.2710000e-01   1.3326000e+00   1.1768000e+00  -5.1780000e-01   8.0430000e-01   9.9540000e-01   2.1840000e+00   2.2059000e+00  -1.0475000e+00   9.8140000e-01  -1.3227000e+00  -1.8700000e-01  -6.8600000e-01
  -2.0490000e-01  -6.5630000e-01  -1.5563000e+00   6.3380000e-01  -2.0794000e+00  -7.6040000e-01   1.1650000e-01  -4.5710000e-01  -9.0960000e-01  -6.8450000e-01   6.9600000e-02   4.7330000e-01   9.6910000e-01  -8.0590000e-01  -7.3080000e-01   1.0283000e+00   5.6830000e-01  -2.4098000e+00  -1.6730000e+00   5.3170000e-01
   9.2460000e-01   4.0830000e-01   6.6100000e-02   1.3312000e+00  -4.9660000e-01   8.1600000e-02  -1.6737000e+00  -1.0773000e+00   7.6830000e-01   9.4040000e-01  -9.4570000e-01   7.5220000e-01  -7.8610000e-01  -8.0420000e-01   6.5990000e-01   1.0829000e+00  -1.0896000e+00  -1.3940000e-01   1.0983000e+00   1.6424000e+00
  -3.5260000e-01  -4.7600000e-02   1.8445000e+00  -1.1960000e-01   1.7233000e+00  -5.0950000e-01  -9.2560000e-01   1.1870000e+00   2.5640000e-01   1.9055000e+00   1.7030000e-01  -4.9900000e-02   5.7950000e-01   1.0369000e+00   8.3950000e-01   9.3360000e-01   1.9331000e+00   1.6919000e+00  -9.9600000e-01   1.5320000e+00
  -2.0522000e+00  -7.6150000e-01   1.1291000e+00   5.2360000e-01  -1.1797000e+00   3.8130000e-01  -1.1317000e+00   1.7701000e+00  -7.1890000e-01  -1.4066000e+00   4.3900000e-02  -9.2050000e-01  -7.6020000e-01   6.2620000e-01   4.1720000e-01  -1.2936000e+00   1.8770000e-01  -7.9840000e-01  -2.2588000e+00  -2.6930000e-01
   2.0284000e+00   3.5190000e-01  -1.4070000e-01   1.1478000e+00  -4.2790000e-01  -3.6800000e-01  -1.7156000e+00   9.0210000e-01   8.5800000e-02  -7.8500000e-02   1.0256000e+00   1.0845000e+00   1.6670000e-01   5.7640000e-01  -1.1117000e+00   4.6450000e-01   3.7520000e-01  -1.1642000e+00   5.2230000e-01  -1.1196000e+00
  -6.3420000e-01   8.9680000e-01  -1.0681000e+00  -7.3820000e-01   3.2600000e-02   7.7010000e-01   1.1436000e+00  -1.2530000e+00   4.4850000e-01   6.4990000e-01  -1.2130000e-01   6.9110000e-01  -3.1070000e-01   1.0500000e-02  -1.1702000e+00  -1.0035000e+00   9.6400000e-02  -2.1570000e+00  -1.6090000e-01  -9.5290000e-01
   7.8350000e-01  -7.0700000e-02  -2.6160000e-01  -1.4029000e+00   1.0642000e+00  -1.4526000e+00   7.2640000e-01  -1.7681000e+00   1.2280000e-01  -1.1781000e+00  -1.2000000e-02   9.6720000e-01  -1.2840000e-01  -3.2500000e-01  -2.0161000e+00   7.5110000e-01   5.3420000e-01   7.4000000e-01  -2.5234000e+00   4.0540000e-01
  -5.9690000e-01   5.2400000e-02  -4.3630000e-01  -1.8350000e-01   3.1500000e-01   4.3210000e-01  -1.1529000e+00  -1.3173000e+00   3.4670000e-01  -2.5921000e+00   4.0000000e-04  -1.3567000e+00  -1.0471000e+00  -3.0115000e+00  -1.5920000e-01  -1.1607000e+00  -7.4810000e-01  -2.1920000e-01  -2.6092000e+00  -2.1260000e-01
   1.6971000e+00  -5.3820000e-01   4.6090000e-01  -4.9520000e-01   1.2847000e+00  -1.1886000e+00   1.1339000e+00  -9.4860000e-01   1.3676000e+00   1.6010000e+00   1.2129000e+00   2.1300000e-01   7.5590000e-01   1.3912000e+00   2.7840000e-01  -1.3001000e+00  -4.1630000e-01   1.1609000e+00  -4.6010000e-01   1.6870000e-01
   1.6270000e-01  -2.4409000e+00   4.6760000e-01   7.3940000e-01   1.2475000e+00   1.3317000e+00  -1.3270000e-01   3.6340000e-01  -1.9670000e-01   6.2260000e-01   2.8130000e-01   1.3852000e+00   1.1048000e+00   3.4220000e-01   2.0140000e-01   1.0447000e+00   1.0729000e+00   4.3470000e-01   6.3550000e-01   1.1283000e+00
   7.6030000e-01  -1.2782000e+00  -1.5045000e+00  -9.8500000e-01  -1.9287000e+00   1.8810000e-01  -2.3990000e-01  -1.1140000e-01   1.2610000e-01  -9.5010000e-01  -1.2136000e+00   4.4360000e-01   1.8060000e-01  -3.0280000e-01   1.1273000e+00   9.0280000e-01  -1.1120000e-01  -1.9571000e+00   6.2540000e-01  -1.6539000e+00
   3.1850000e-01   2.6025000e+00   2.7410000e-01   8.2040000e-01  -1.8550000e-01   1.0209000e+00  -3.0140000e-01   9.2660000e-01   1.5220000e-01   6.8590000e-01   2.4412000e+00   2.0290000e-01  -6.6000000e-02  -6.2220000e-01   1.6767000e+00  -8.1150000e-01  -7.2110000e-01   1.0720000e-01   1.1153000e+00   4.6930000e-01
   5.7330000e-01  -2.2389000e+00   1.8444000e+00   1.4339000e+00   8.8590000e-01   2.0268000e+00   8.8850000e-01   6.3880000e-01   2.5511000e+00   1.7580000e-01   5.8680000e-01   8.6220000e-01   1.0182000e+00   1.5870000e+00   1.5698000e+00   1.0450000e-01   7.6330000e-01   4.5210000e-01   9.7090000e-01  -4.7870000e-01
  -1.1250000e-01  -1.2454000e+00   1.0943000e+00  -7.5530000e-01  -1.9764000e+00  -8.1360000e-01  -1.1427000e+00  -8.6150000e-01  -7.9590000e-01  -2.1260000e-01  -2.9149000e+00  -5.4560000e-01   1.2674000e+00  -3.4270000e-01  -2.8390000e-01  -1.0327000e+00  -1.1070000e-01  -3.1900000e-01  -8.8200000e-01  -1.8020000e-01
  -1.5635000e+00  -1.7240000e+00  -3.6550000e-01  -2.9790000e-01   5.6930000e-01   6.4900000e-01  -1.7093000e+00  -9.1850000e-01   9.1450000e-01  -2.2641000e+00   1.3201000e+00  -3.1100000e-02   5.6570000e-01   8.9840000e-01  -5.6260000e-01  -2.9240000e-01  -5.3430000e-01   4.1000000e-01  -1.2256000e+00  -1.1697000e+00
  -2.0280000e-01  -8.1070000e-01  -3.6470000e-01  -1.7533000e+00  -2.0782000e+00  -8.5530000e-01  -9.1290000e-01  -1.0944000e+00   4.9200000e-01  -1.3709000e+00  -1.9408000e+00  -2.1933000e+00   2.1880000e-01   2.3330000e-01  -3.1006000e+00  -9.4300000e-02   4.5000000e-03  -1.6518000e+00  -6.0900000e-01  -3.5500000e-01
  -1.5851000e+00   9.1150000e-01  -2.3900000e-01   1.2580000e+00   6.3400000e-02  -4.3310000e-01   6.6580000e-01   1.3971000e+00  -8.0760000e-01   2.1783000e+00   7.7830000e-01   6.2500000e-01   1.9412000e+00  -3.4210000e-01  -3.2500000e-02   1.7051000e+00   5.0380000e-01   7.4960000e-01   3.2530000e-01   2.3624000e+00
  -4.0780000e-01  -6.7410000e-01  -5.1810000e-01  -8.3890000e-01  -7.5950000e-01   1.7673000e+00   1.1598000e+00  -1.8433000e+00  -1.6239000e+00   5.6790000e-01   1.0690000e+00  -2.3997000e+00  -6.0520000e-01  -5.5460000e-01   5.0010000e-01   2.8040000e-01  -2.9280000e-01  -1.2450000e+00   8.4260000e-01   4.6290000e-01
  -4.5200000e-01   1.2300000e-01   9.4430000e-01   6.1910000e-01   7.9000000e-03  -5.3570000e-01  -1.3033000e+00   9.5090000e-01  -7.1160000e-01   1.3830000e-01  -1.3668000e+00  -6.6540000e-01  -4.9910000e-01  -2.3289000e+00  -6.8940000e-01  -2.4609000e+00  -9.5600000e-02  -1.1473000e+00   1.4200000e-02  -1.7434000e+00
   5.5320000e-01  -6.0090000e-01   7.7350000e-01  -3.6410000e-01   6.3990000e-01   1.4492000e+00   1.2343000e+00   5.4320000e-01  -3.9510000e-01   2.2580000e-01  -1.3131000e+00  -1.1389000e+00   8.4050000e-01  -1.0149000e+00   1.8819000e+00  -1.6091000e+00   1.8956000e+00   2.7520000e-01  -5.7570000e-01  -1.3961000e+00
  -1.2993000e+00  -9.8110000e-01   8.4560000e-01   1.0183000e+00  -4.8630000e-01   4.2720000e-01  -8.8920000e-01  -4.4240000e-01  -3.9610000e-01  -4.2700000e-01   1.7758000e+00  -5.5840000e-01  -1.9061000e+00  -7.4500000e-01   7.0900000e-02  -5.1590000e-01  -5.6850000e-01  -6.9330000e-01   6.4500000e-02   7.7300000e-02
  -1.2854000e+00  -4.6230000e-01  -2.6150000e-01  -1.3700000e-02  -1.2803000e+00  -1.3350000e+00   5.3720000e-01  -1.8144000e+00  -3.0040000e-01   1.0082000e+00   9.9300000e-02  -5.4340000e-01  -3.7300000e-02  -2.1850000e+00   1.0875000e+00  -4.6900000e-01  -6.8520000e-01  -1.6519000e+00  -1.1140000e-01   6.9660000e-01
   2.4390000e-01  -8.8110000e-01  -1.7792000e+00   1.3865000e+00   1.0958000e+00   1.1775000e+00   2.2558000e+00   2.4610000e-01  -1.5774000e+00  -9.0900000e-01   1.6650000e-01  -7.6340000e-01   4.8710000e-01   2.3973000e+00   1.2934000e+00   3.8830000e-01   5.5850000e-01  -1.7730000e-01   1.6607000e+00   3.2750000e-01
   1.7832000e+00  -2.4740000e-01  -6.4080000e-01   5.7000000e-01   8.5100000e-02  -1.3131000e+00  -9.3910000e-01  -6.5880000e-01  -2.0638000e+00  -2.9800000e-01  -6.6570000e-01   3.9860000e-01  -9.1740000e-01   5.3710000e-01  -5.4510000e-01   1.0162000e+00  -1.9060000e-01  -6.9990000e-01  -4.8600000e-01  -1.6161000e+00
   1.6546000e+00   1.2540000e-01   6.4740000e-01   6.2270000e-01  -4.4390000e-01  -1.2010000e-01   1.3640000e-01  -7.2440000e-01   2.1409000e+00  -7.8600000e-02   1.2275000e+00   2.5983000e+00   8.2800000e-01   2.0230000e-01   1.2328000e+00   9.7940000e-01   5.2050000e-01  -2.9057000e+00   1.3347000e+00   1.0348000e+00
  -1.8850000e-01  -1.5176000e+00   2.5631000e+00   5.5380000e-01   9.5270000e-01   1.3236000e+00   1.1782000e+00  -6.0930000e-01  -1.6267000e+00  -1.1970000e+00  -2.0763000e+00  -1.2384000e+00   1.9330000e-01  -1.1349000e+00   4.9590000e-01  -6.6070000e-01   5.1940000e-01   1.2085000e+00   6.1550000e-01  -1.2430000e+00
   1.9530000e-01  -8.0670000e-01  -4.9660000e-01  -2.6730000e-01  -1.0690000e-01  -6.8610000e-01  -1.2249000e+00   1.3939000e+00  -1.5360000e+00   3.7450000e-01  -7.9140000e-01  -2.6760000e+00  -6.3120000e-01   2.1800000e-02  -7.5550000e-01  -7.5530000e-01  -1.1286000e+00  -1.5005000e+00  -9.2660000e-01  -2.3561000e+00
  -2.0735000e+00   8.6460000e-01  -1.4256000e+00  -5.2220000e-01   1.4010000e-01  -4.6690000e-01  -9.2380000e-01   1.3500000e+00  -4.1590000e-01   5.7810000e-01  -6.7180000e-01   2.8120000e-01  -1.2900000e-02  -2.5805000e+00  -2.8550000e-01  -8.6010000e-01  -1.0359000e+00   2.2650000e-01  -1.6062000e+00  -2.7588000e+00
  -6.8200000e-01  -1.6979000e+00  -5.1100000e-01  -2.3716000e+00  -1.3480000e+00   8.1850000e-01  -2.1660000e-01  -7.1000000e-01  -6.8760000e-01  -6.2470000e-01  -1.2434000e+00  -1.8939000e+00   9.1080000e-01  -2.0510000e-01  -2.3485000e+00  -1.1176000e+00  -2.4592000e+00  -2.5330000e-01  -4.4860000e-01  -9.0330000e-01
  -1.2207000e+00  -4.5450000e-01  -7.9250000e-01  -1.3289000e+00   7.8100000e-01  -7.8800000e-01  -5.3110000e-01  -3.3500000e-01  -3.1200000e-01   3.6900000e-02   3.9870000e-01  -2.2019000e+00  -2.0680000e-01  -9.7350000e-01  -9.5810000e-01  -1.4658000e+00  -6.6840000e-01  -1.1627000e+00  -2.9370000e-01  -1.6310000e+00
  -6.8560000e-01  -1.6618000e+00   6.8700000e-01   1.6630000e-01   3.1510000e-01  -5.1760000e-01   2.2650000e-01  -1.2300000e+00  -9.8500000e-01  -6.5770000e-01  -7.0560000e-01   5.7850000e-01   3.3410000e-01   4.4320000e-01   8.2710000e-01   9.4800000e-02  -3.3190000e-01  -8.0850000e-01  -2.3001000e+00  -6.3810000e-01
   1.2704000e+00   2.0786000e+00  -3.2510000e-01   1.9478000e+00   7.1770000e-01   8.3880000e-01   1.2350000e-01   3.0330000e-01   1.2603000e+00  -7.8100000e-02   1.4173000e+00   6.3550000e-01   8.2450000e-01   2.4560000e-01  -1.8940000e-01   1.1541000e+00  -1.4241000e+00   1.3419000e+00   1.7660000e-01   1.6431000e+00
   1.5803000e+00   1.8003000e+00  -1.5302000e+00  -1.3592000e+00  -8.8300000e-01  -1.9436000e+00   1.1797000e+00  -7.9100000e-02  -9.8960000e-01  -4.7640000e-01  -6.9300000e-02  -1.0794000e+00  -2.1600000e+00  -1.3980000e+00  -9.5550000e-01   6.1750000e-01  -1.9461000e+00  -8.9470000e-01   1.2354000e+00  -8.5700000e-01
  -1.0976000e+00  -1.1082000e+00   4.8700000e-01  -1.1824000e+00  -1.5066000e+00   2.2499000e+00   7.1410000e-01  -1.2682000e+00  -5.2930000e-01  -7.0840000e-01  -3.7870000e-01   6.5800000e-02  -2.4497000e+00   2.1630000e-01  -1.1362000e+00   7.2210000e-01  -2.4660000e-01  -4.2170000e-01  -1.6040000e+00   3.1760000e-01
   1.5462000e+00  -1.4610000e-01   1.0788000e+00  -8.3720000e-01   5.1300000e-02   1.3800000e-02  -4.8920000e-01   3.7800000e-02  -1.2970000e-01  -3.4600000e-01  -1.6169000e+00   2.8820000e-01  -1.8584000e+00  -4.6500000e-02   2.3670000e-01   4.2970000e-01  -5.7220000e-01  -6.2980000e-01   6.5900000e-01   1.6647000e+00
  -2.4440000e-01   3.6440000e-01  -6.8350000e-01  -6.4450000e-01  -5.0610000e-01  -1.1910000e-01  -7.9280000e-01  -1.9496000e+00  -2.2033000e+00  -7.5530000e-01   9.0060000e-01  -1.2934000e+00  -9.2280000e-01  -1.1766000e+00   7.1970000e-01  -2.0130000e-01  -2.3823000e+00  -5.7630000e-01   3.8250000e-01  -2.2600000e-02
  -7.2130000e-01   6.7610000e-01  -2.1110000e+00  -1.5409000e+00   4.0920000e-01  -1.4604000e+00  -7.0760000e-01  -2.1810000e-01  -9.5350000e-01   2.2460000e-01  -6.3160000e-01  -1.2145000e+00  -1.3806000e+00   1.5800000e-02  -8.9220000e-01   1.4699000e+00  -1.5949000e+00  -6.8960000e-01  -6.8940000e-01  -1.2322000e+00
  -1.8390000e+00  -1.4969000e+00  -1.9574000e+00   8.5440000e-01  -2.6010000e-01   2.8720000e-01  -1.1869000e+00  -4.8490000e-01  -6.6900000e-01   2.0700000e-02   6.5250000e-01  -1.7274000e+00   6.0700000e-01   1.7901000e+00  -9.0120000e-01   9.0050000e-01  -5.5190000e-01  -8.7860000e-01  -1.7403000e+00  -2.3107000e+00
   7.1180000e-01   2.2140000e-01   8.6600000e-01   1.3470000e-01  -5.4970000e-01  -2.2140000e-01  -1.2529000e+00   6.0870000e-01   1.6400000e-01  -7.5200000e-02   5.6260000e-01  -1.3480000e-01   5.4910000e-01   4.0140000e-01   4.2280000e-01  -4.1500000e-01   5.8800000e-01   1.5207000e+00  -5.7920000e-01  -2.1560000e-01
   8.2790000e-01   8.1980000e-01   9.6150000e-01  -4.6920000e-01   1.6340000e-01  -3.3340000e-01   9.1740000e-01   7.0540000e-01   3.0404000e+00   2.8910000e-01   1.7286000e+00   4.3390000e-01  -1.1910000e+00  -6.3800000e-01  -2.0800000e-02  -9.8500000e-02  -2.2932000e+00   5.2520000e-01   1.4131000e+00   6.7230000e-01
   7.5440000e-01   2.4900000e-01   6.9090000e-01  -1.3266000e+00  -1.4972000e+00  -1.1151000e+00   8.2390000e-01   1.5520000e-01  -7.4300000e-01  -2.2723000e+00  -8.7910000e-01  -2.6474000e+00   8.6870000e-01  -8.2930000e-01  -2.9826000e+00   5.6690000e-01  -2.6510000e-01   6.3800000e-01  -1.4540000e+00  -3.2460000e-01
  -9.5080000e-01  -3.6110000e-01  -1.5582000e+00   1.5480000e-01   1.1667000e+00  -2.1333000e+00  -2.0162000e+00  -1.3090000e+00  -1.3114000e+00  -1.1439000e+00   1.1227000e+00  -3.3300000e-02  -1.4108000e+00   1.2500000e-02   1.1142000e+00  -1.6240000e+00   1.8648000e+00  -2.0949000e+00  -1.7736000e+00  -9.4160000e-01
   3.5900000e-02   1.3040000e+00  -3.3380000e-01   2.7790000e-01  -8.1790000e-01   1.9666000e+00   5.5950000e-01   4.2370000e-01   6.0420000e-01   1.8395000e+00   3.1940000e-01  -7.5790000e-01   9.8230000e-01   1.3887000e+00  -7.7150000e-01   6.1480000e-01   1.5988000e+00   9.0230000e-01   6.6730000e-01   2.1948000e+00
  -1.3271000e+00  -1.6638000e+00   2.2910000e-01   7.2900000e-02  -1.5380000e-01  -1.4660000e-01  -1.1490000e-01  -7.8520000e-01  -2.5725000e+00  -1.1810000e+00  -4.2210000e-01   7.8630000e-01  -1.3658000e+00  -1.6063000e+00  -1.9072000e+00  -2.0410000e+00  -4.0340000e-01  -1.0518000e+00   1.3353000e+00  -5.6560000e-01
   1.1355000e+00  -4.2850000e-01   8.7580000e-01  -2.2095000e+00  -1.1340000e+00  -1.9530000e-01   8.6680000e-01   9.1250000e-01  -1.5257000e+00  -9.7690000e-01  -1.2644000e+00  -4.4790000e-01  -6.8510000e-01   3.9570000e-01  -5.4460000e-01  -1.9674000e+00  -9.7090000e-01  -9.4820000e-01  -7.0300000e-01  -1.5114000e+00
   7.5380000e-01   1.5750000e-01  -9.7390000e-01   1.1740000e+00  -2.4620000e-01   2.3840000e-01   1.7860000e+00   1.3045000e+00  -8.6370000e-01   7.5300000e-01   1.7111000e+00   2.4034000e+00   1.0421000e+00   3.6940000e-01   5.6710000e-01   1.8170000e-01   1.1130000e-01   1.2171000e+00  -1.6223000e+00  -3.0620000e-01
  -1.9018000e+00  -1.4011000e+00  -1.0062000e+00  -6.8650000e-01   6.8030000e-01   2.4300000e-02   3.0440000e-01  -1.1007000e+00  -1.8750000e+00  -6.7510000e-01   4.8860000e-01  -1.3176000e+00  -8.6050000e-01  -5.9310000e-01   1.5179000e+00  -6.8570000e-01  -5.2610000e-01  -1.2000000e-02  -9.9800000e-02  -1.1286000e+00
   1.2469000e+00  -1.2412000e+00   8.0300000e-01   2.0953000e+00   8.2670000e-01   1.8181000e+00   1.0550000e+00   2.8700000e-01  -8.1130000e-01   1.1685000e+00   9.9070000e-01   2.5373000e+00   2.0108000e+00   1.0558000e+00  -7.4160000e-01   4.8510000e-01  -6.8070000e-01   8.5550000e-01  -1.1700000e+00   1.2989000e+00
   2.3510000e-01   1.5361000e+00  -7.9100000e-02   1.4431000e+00   9.5220000e-01  -7.1500000e-02  -1.2363000e+00  -2.2810000e-01   1.1310000e+00  -3.8960000e-01   2.0324000e+00   3.6140000e-01  -1.3540000e-01   2.0901000e+00   4.0260000e-01  -6.9000000e-02   8.1520000e-01   1.4062000e+00  -1.0185000e+00  -1.1095000e+00
  -1.4051000e+00  -1.4257000e+00  -2.0783000e+00   1.7220000e-01  -1.2480000e+00  -9.7420000e-01   1.4650000e-01  -5.9290000e-01  -1.3495000e+00  -2.1030000e-01  -8.8430000e-01   1.2196000e+00   3.0720000e-01   1.1492000e+00  -2.0410000e-01  -1.6395000e+00   3.4860000e-01  -2.8380000e-01  -1.2180000e-01   1.2290000e-01
   1.8762000e+00  -1.5918000e+00  -1.2412000e+00   7.5100000e-02  -1.4840000e-01  -1.4910000e-01   1.6252000e+00  -2.0314000e+00   8.5690000e-01  -8.5030000e-01  -6.2770000e-01   2.7800000e-02  -1.5947000e+00  -2.0942000e+00  -7.2300000e-01  -5.5390000e-01   8.4870000e-01   8.1000000e-03   6.6270000e-01  -5.8970000e-01
  -8.1730000e-01  -1.0404000e+00   6.6490000e-01   6.3090000e-01   9.4960000e-01  -8.0660000e-01  -1.0149000e+00  -6.2320000e-01  -8.5510000e-01   1.4627000e+00  -3.3890000e-01  -7.6080000e-01   2.0441000e+00  -2.1466000e+00  -9.0220000e-01  -1.5630000e+00  -1.4760000e-01  -1.6454000e+00   4.9550000e-01   3.1280000e-01
   9.1950000e-01   8.9780000e-01  -2.8648000e+00   1.1860000e-01  -1.8300000e+00   7.4000000e-03  -9.7560000e-01   1.2350000e-01   1.7340000e-01  -6.8460000e-01   1.0154000e+00   7.5730000e-01   2.0000000e-01  -3.8790000e-01   4.2200000e-02  -8.5380000e-01   3.1323000e+00  -5.6430000e-01  -3.3260000e-01  -3.0600000e-01
   1.5285000e+00  -2.4860000e-01   2.6610000e-01   1.0450000e+00   4.4950000e-01   9.9860000e-01   1.3104000e+00   2.5722000e+00   2.8018000e+00   8.8730000e-01   1.2457000e+00   1.3438000e+00   1.3840000e+00  -4.3000000e-01   1.7260000e+00   6.5960000e-01  -4.5910000e-01  -1.0538000e+00   1.2964000e+00  -9.2770000e-01
   1.1060000e-01  -1.4599000e+00  -2.8690000e-01  -1.4233000e+00   3.3620000e-01   8.2690000e-01   1.6441000e+00  -1.1717000e+00  -1.0878000e+00  -1.4847000e+00   3.2000000e-02  -5.0670000e-01  -3.1480000e-01  -3.6100000e-02  -1.4117000e+00   1.3360000e-01   5.8870000e-01  -1.4827000e+00  -3.4400000e-01  -8.2200000e-02
   1.3947000e+00   2.4245000e+00  -1.6480000e-01  -2.6940000e-01   1.1577000e+00   1.1414000e+00   4.9380000e-01   1.2125000e+00  -1.0495000e+00   2.8140000e-01  -2.6600000e-02   2.2769000e+00  -2.6260000e-01  -1.1799000e+00  -1.3950000e-01   3.8670000e-01  -5.0270000e-01   2.0672000e+00   1.9160000e-01  -1.0643000e+00
  -1.7216000e+00   6.6130000e-01   1.0977000e+00  -6.8700000e-02   1.1340000e-01   3.1644000e+00   3.0630000e-01   3.6830000e-01   7.5550000e-01  -7.1380000e-01   1.3218000e+00   1.7389000e+00   1.5300000e-01  -2.9210000e-01   2.3080000e-01   1.5807000e+00  -9.5410000e-01  -6.9000000e-01   2.4420000e-01  -1.1520000e+00
   9.8210000e-01  -2.0590000e-01  -2.7980000e-01   3.6900000e-02  -5.0680000e-01   1.4162000e+00   1.3023000e+00   7.2580000e-01   5.7430000e-01   1.0862000e+00   5.9150000e-01  -1.2536000e+00   6.8620000e-01   4.3710000e-01   5.7970000e-01  -5.4100000e-02   5.9520000e-01   2.8650000e-01  -4.6710000e-01   1.1249000e+00
  -1.6483000e+00   1.6013000e+00   1.2480000e-01   1.8060000e-01  -1.4841000e+00   2.0797000e+00   5.9150000e-01   4.4540000e-01   7.8310000e-01   8.9360000e-01   7.3600000e-02   8.3510000e-01   1.1058000e+00   9.8990000e-01   1.2794000e+00  -2.4380000e-01   1.6018000e+00   4.4310000e-01  -1.1100000e-01   2.9160000e-01
  -3.6160000e-01   2.4310000e-01  -1.5628000e+00  -6.7070000e-01  -1.8040000e-01  -2.1312000e+00  -9.9150000e-01  -1.5926000e+00  -2.1875000e+00  -5.6370000e-01   4.9190000e-01  -1.4000000e-03   2.2460000e-01   7.5750000e-01  -2.5271000e+00   2.9310000e-01  -3.2950000e-01   5.9830000e-01   4.9140000e-01  -3.2690000e-01
   2.0004000e+00   2.1120000e-01  -9.1630000e-01  -4.5390000e-01   1.2557000e+00   9.0750000e-01   2.7220000e-01   5.0250000e-01   9.8930000e-01  -6.5350000e-01   1.1602000e+00  -8.4440000e-01   9.7370000e-01   3.0200000e-01  -1.4556000e+00  -1.2100000e+00  -1.2413000e+00   1.0286000e+00   6.4050000e-01  -2.0054000e+00
  -3.0470000e-01   2.2469000e+00   5.8700000e-02  -9.7180000e-01  -6.1000000e-02   8.9140000e-01  -8.0900000e-02   6.1470000e-01   9.5160000e-01   1.0541000e+00   1.9670000e-01   1.6440000e-01   2.1940000e-01   5.6000000e-02   3.0680000e-01   1.0166000e+00   1.0118000e+00  -1.2356000e+00   8.2380000e-01  -1.1438000e+00
  -1.2737000e+00   1.3905000e+00  -4.4110000e-01   4.5170000e-01  -1.4507000e+00  -6.4420000e-01  -4.7170000e-01   7.0530000e-01   1.3503000e+00  -4.1560000e-01   2.3840000e-01   1.0078000e+00   8.8600000e-01  -1.5232000e+00   6.7560000e-01   9.8330000e-01   1.5308000e+00   2.5890000e-01   1.0030000e-01  -7.1510000e-01
   1.1956000e+00  -7.3430000e-01  -5.7330000e-01   1.2165000e+00  -4.6460000e-01   2.5450000e-01   1.3699000e+00  -2.5860000e-01   1.9923000e+00   1.9260000e+00   4.6110000e-01  -9.6580000e-01   7.7540000e-01  -2.5219000e+00  -5.6670000e-01  -8.8640000e-01   8.5030000e-01   1.2504000e+00  -3.4100000e-02   9.8210000e-01
   5.1630000e-01   8.3040000e-01   9.0790000e-01  -1.2082000e+00  -1.0564000e+00   1.7598000e+00   2.2086000e+00   6.5620000e-01  -1.7637000e+00   2.6837000e+00  -1.4040000e-01   1.5669000e+00   2.2620000e-01   5.2200000e-02   9.4370000e-01   1.1399000e+00   8.2820000e-01   4.4680000e-01  -1.2828000e+00  -5.0400000e-02
  -6.9000000e-03   1.6558000e+00   1.0331000e+00  -4.4430000e-01  -4.2030000e-01   2.2181000e+00   4.2320000e-01  -4.0330000e-01  -3.4000000e-02   1.1088000e+00   4.3070000e-01   6.0730000e-01  -1.3070000e-01  -1.1334000e+00  -6.7950000e-01   1.0942000e+00   8.1880000e-01   6.5530000e-01   1.9354000e+00   2.6130000e-01
  -7.3980000e-01  -1.2630000e+00   4.8970000e-01  -2.0668000e+00   1.4820000e-01  -4.7560000e-01  -1.0868000e+00   6.5830000e-01  -6.8260000e-01  -2.4142000e+00   2.0030000e-01  -4.6810000e-01   1.1620000e-01  -1.7285000e+00   1.0580000e-01  -5.3250000e-01   1.1133000e+00  -6.7840000e-01   5.3080000e-01   1.9710000e+00
  -5.8150000e-01  -1.6900000e-02   4.4200000e-02  -2.5300000e-02  -2.3290000e+00  -1.1653000e+00  -1.4438000e+00   3.2090000e-01  -1.1638000e+00  -1.6031000e+00  -3.3250000e-01  -4.4440000e-01  -1.4689000e+00  -1.3438000e+00   6.4460000e-01  -7.9150000e-01  -2.7915000e+00   4.4870000e-01  -1.5973000e+00  -3.5440000e-01
   1.2101000e+00  -3.0650000e-01   3.1020000e-01   2.0553000e+00   1.8963000e+00   4.8660000e-01   2.3735000e+00   6.9830000e-01   1.4680000e-01   1.1438000e+00  -4.2620000e-01   6.9890000e-01  -3.5550000e-01   4.5600000e-01   1.2941000e+00  -1.5530000e+00  -2.5330000e-01  -6.0760000e-01   1.4906000e+00   1.6071000e+00
   2.7470000e-01   1.5649000e+00   1.4998000e+00   7.8800000e-01   2.5700000e-01   7.4120000e-01  -3.7920000e-01   1.7640000e-01   1.8081000e+00   1.4017000e+00   4.6730000e-01  -3.5900000e-01   1.7975000e+00   5.2430000e-01   9.8210000e-01  -9.5790000e-01   3.7630000e-01   1.1776000e+00  -1.9890000e-01   2.1110000e-01
  -8.7000000e-01  -2.1893000e+00  -1.5262000e+00  -2.0360000e-01   6.4770000e-01   1.5230000e-01   1.3560000e-01  -1.1619000e+00  -8.9020000e-01  -3.9730000e-01  -8.6100000e-01   8.0730000e-01  -1.3833000e+00   7.9400000e-02  -7.8450000e-01   9.2570000e-01  -1.5947000e+00   2.5160000e-01  -1.1707000e+00   1.6155000e+00
  -1.2865000e+00  -2.1127000e+00   1.3190000e-01  -2.8990000e-01  -2.0100000e-01  -1.5022000e+00  -8.0330000e-01   3.8540000e-01  -8.9210000e-01  -7.9950000e-01  -1.7579000e+00  -1.5156000e+00  -2.1244000e+00  -5.4140000e-01  -8.4670000e-01  -6.5460000e-01   3.3930000e-01  -4.7020000e-01   9.4420000e-01   6.7800000e-01
   2.1060000e-01  -8.2040000e-01  -1.2555000e+00  -2.0990000e-01  -8.0560000e-01  -1.2941000e+00  -1.9011000e+00  -1.9776000e+00  -9.5800000e-01  -1.0209000e+00   4.4580000e-01   2.4570000e-01  -4.4800000e-02   4.2240000e-01   5.7670000e-01  -2.6700000e-01  -3.1580000e-01  -9.8330000e-01  -2.9440000e-01  -1.0407000e+00
  -1.3695000e+00  -1.4299000e+00   3.3260000e-01  -2.4830000e-01  -6.1730000e-01  -2.9616000e+00  -1.2802000e+00   2.7000000e-03  -4.3460000e-01  -5.0610000e-01  -3.5810000e-01  -8.2100000e-02  -4.8630000e-01  -1.3360000e-01  -1.4631000e+00   7.8190000e-01   4.7620000e-01  -1.1977000e+00  -1.4070000e-01   2.3590000e-01
   3.9070000e-01  -4.2070000e-01   4.7910000e-01  -1.4730000e-01  -1.1728000e+00  -2.8750000e-01   1.1849000e+00  -2.9143000e+00   4.3860000e-01  -2.2728000e+00  -7.9230000e-01   4.1080000e-01  -2.6610000e-01   1.6657000e+00  -1.8472000e+00   8.3950000e-01  -1.0746000e+00   2.2430000e-01  -1.7580000e+00  -1.6989000e+00
   9.6400000e-02  -4.5740000e-01  -8.4210000e-01  -3.5100000e-01   1.5460000e-01  -7.0610000e-01  -9.4540000e-01   1.1591000e+00  -1.3913000e+00  -9.8900000e-02  -3.9160000e-01  -1.0892000e+00  -3.4050000e-01  -6.4970000e-01  -6.6630000e-01  -1.2942000e+00  -7.7400000e-02  -3.6430000e-01   6.7800000e-02  -1.6576000e+00
  -6.9730000e-01   1.6833000e+00   8.3650000e-01  -1.8741000e+00   4.2000000e-02  -1.4188000e+00  -1.2081000e+00  -2.4090000e-01  -6.7340000e-01  -1.0306000e+00  -2.1229000e+00  -7.4220000e-01  -1.6321000e+00  -9.4830000e-01  -6.8140000e-01  -7.0800000e-01  -4.2980000e-01  -8.5470000e-01  -5.0980000e-01   1.6540000e-01
  -1.3910000e-01   1.2224000e+00   4.2530000e-01   1.1227000e+00   7.5390000e-01  -7.8400000e-01   1.8795000e+00   2.0660000e-01   1.6298000e+00  -5.8550000e-01   2.0535000e+00   3.5980000e-01   4.6730000e-01   6.3350000e-01   3.6670000e-01   8.2600000e-02   9.2900000e-02   1.8545000e+00  -2.7970000e-01  -2.0210000e-01
   9.6940000e-01  -1.0386000e+00  -2.0505000e+00  -1.5698000e+00  -2.6508000e+00   5.9590000e-01   2.0310000e-01  -1.3779000e+00   1.2904000e+00  -1.5724000e+00   7.4600000e-01  -9.5000000e-01  -1.6255000e+00  -7.1780000e-01  -2.5490000e-01  -1.1638000e+00  -1.0459000e+00  -9.3420000e-01  -4.1060000e-01  -1.7640000e-01
  -7.6200000e-02  -4.3310000e-01  -9.0520000e-01   5.3580000e-01  -7.7870000e-01   1.5600000e-01  -2.1444000e+00  -1.0270000e-01  -6.3130000e-01   3.4580000e-01  -1.5850000e-01   8.1690000e-01  -9.2480000e-01   5.3330000e-01  -2.1948000e+00  -1.5426000e+00  -2.6218000e+00  -1.6234000e+00  -2.6900000e-02  -5.5320000e-01
  -2.8660000e-01  -2.3753000e+00  -7.9440000e-01  -4.6860000e-01  -9.0040000e-01   1.0888000e+00  -3.1010000e-01   2.0810000e-01  -1.0900000e+00   1.6797000e+00  -9.5700000e-01   1.9390000e+00  -1.2791000e+00  -9.5900000e-01   4.5110000e-01  -8.0490000e-01  -1.4390000e-01  -1.5081000e+00  -1.2586000e+00  -4.3830000e-01
   2.5920000e-01   2.2810000e-01   1.7995000e+00  -2.0960000e+00  -1.8862000e+00   3.0120000e-01   4.4480000e-01  -1.5256000e+00  -1.5254000e+00  -1.7148000e+00  -6.8650000e-01  -9.7360000e-01   2.1300000e-02  -2.1345000e+00  -4.5100000e-01   1.9650000e-01  -1.2036000e+00  -1.1437000e+00  -3.8900000e-01  -1.7892000e+00
   2.2415000e+00   1.7057000e+00   1.0542000e+00   7.8000000e-03   9.1650000e-01  -7.5490000e-01  -9.4560000e-01  -7.1260000e-01  -1.2618000e+00   8.0010000e-01   8.8940000e-01  -4.8670000e-01   7.5210000e-01   2.7750000e-01   1.6132000e+00  -9.3320000e-01   2.4609000e+00   1.0383000e+00   2.1510000e-01   1.6876000e+00
  -1.7600000e-02   4.2960000e-01   6.6380000e-01   1.5091000e+00  -4.7100000e-01  -6.8350000e-01  -1.4780000e-01   1.2145000e+00  -5.4120000e-01   1.1215000e+00   4.2630000e-01  -9.8920000e-01  -4.4530000e-01   1.0255000e+00   3.0450000e-01  -5.2920000e-01   1.5244000e+00  -5.3990000e-01  -1.3231000e+00   6.3610000e-01
  -1.1833000e+00  -1.9610000e-01  -1.5010000e+00  -8.4870000e-01  -2.3930000e-01  -6.8320000e-01  -3.0490000e+00   1.6463000e+00  -1.0689000e+00  -4.1760000e-01  -5.2300000e-01   1.2562000e+00  -8.5450000e-01   1.4474000e+00   9.5340000e-01  -1.0744000e+00  -4.6970000e-01  -7.8510000e-01  -7.5790000e-01  -2.0500000e-01
  -1.7904000e+00   9.7440000e-01  -2.2388000e+00   4.5000000e-03   1.8734000e+00  -7.2160000e-01   1.2080000e+00   8.3970000e-01  -6.8990000e-01  -8.8040000e-01   8.0810000e-01  -9.7320000e-01   8.6630000e-01  -1.0256000e+00  -2.4700000e-01   1.5335000e+00   9.4530000e-01   5.8800000e-02  -1.8670000e-01  -6.2000000e-01
   1.0188000e+00  -7.6920000e-01   1.0150000e-01  -5.9130000e-01  -2.0881000e+00   2.1321000e+00   1.2260000e+00   5.8030000e-01  -1.8264000e+00  -9.5080000e-01   7.4750000e-01  -1.1536000e+00  -1.8359000e+00   1.6880000e-01   2.7800000e-02   1.8660000e-01  -1.4503000e+00  -1.4928000e+00  -7.0700000e-02  -4.4250000e-01
   6.7680000e-01  -6.4430000e-01   1.0361000e+00   1.1047000e+00   1.2795000e+00  -1.4559000e+00  -4.4990000e-01   1.3011000e+00   5.9430000e-01   1.2865000e+00   8.6470000e-01   1.4929000e+00   2.2973000e+00   1.3624000e+00   2.8923000e+00  -2.1280000e-01   1.3995000e+00   1.1525000e+00   2.4922000e+00   8.6560000e-01
   1.2960000e-01   4.2180000e-01   3.9600000e-02   1.4140000e+00  -1.3336000e+00   1.1600000e-01  -2.4760000e-01  -1.3180000e+00   4.6520000e-01  -8.8020000e-01  -2.9576000e+00   2.8770000e-01   3.1570000e-01  -7.6900000e-02  -6.8000000e-03  -2.3110000e-01   5.8430000e-01  -1.9173000e+00  -1.8259000e+00  -8.3480000e-01
  -3.0500000e-01  -1.2518000e+00   3.2000000e-02  -9.7030000e-01  -8.8000000e-03  -3.8890000e-01  -3.1250000e-01  -4.6340000e-01   8.9720000e-01   2.7010000e-01  -8.7010000e-01  -5.5650000e-01  -5.1280000e-01  -4.0700000e-02  -2.2270000e-01   3.6910000e-01  -9.1840000e-01  -1.9220000e+00   3.5910000e-01  -1.9884000e+00
  -1.5728000e+00  -1.7637000e+00   1.5310000e-01  -7.0700000e-01  -7.5810000e-01   5.6980000e-01   1.0950000e+00   2.0400000e-01  -6.8240000e-01  -4.8470000e-01  -7.5880000e-01   5.1160000e-01  -2.1590000e+00  -1.2397000e+00   1.7013000e+00  -6.2740000e-01  -1.4938000e+00  -8.0790000e-01  -6.2310000e-01  -1.5289000e+00
  -4.7110000e-01  -1.3910000e+00   9.3460000e-01  -6.0660000e-01   1.3402000e+00   8.5370000e-01   9.4680000e-01   1.0540000e+00   1.2500000e+00   1.6498000e+00   8.2270000e-01   3.2150000e-01   1.2885000e+00  -7.6490000e-01   5.9880000e-01   2.6310000e-01  -5.9240000e-01   9.3600000e-01   7.2340000e-01   2.4930000e-01
   7.2530000e-01  -2.2600000e-02  -1.0528000e+00   7.3740000e-01   1.8792000e+00   1.8776000e+00  -1.6410000e-01   2.4547000e+00  -2.9070000e-01   5.4550000e-01  -1.1898000e+00   3.7580000e-01  -3.9170000e-01  -1.2103000e+00   2.4202000e+00   1.9341000e+00  -7.2990000e-01   6.5760000e-01   1.1379000e+00   3.4180000e-01
   1.9112000e+00   4.3220000e-01   4.5530000e-01   1.1875000e+00   1.0161000e+00  -1.2234000e+00   2.8450000e-01   5.9740000e-01   1.3690000e+00  -8.2200000e-02  -8.2480000e-01   1.8609000e+00   8.1270000e-01   3.2530000e-01  -4.6400000e-01  -1.1690000e+00   9.6860000e-01   1.3852000e+00   1.2929000e+00  -2.9250000e-01
  -2.2536000e+00  -6.7920000e-01  -4.9800000e-01   4.0760000e-01  -4.1970000e-01   7.4000000e-02  -6.8930000e-01   9.8260000e-01   1.1957000e+00  -1.1959000e+00   8.0360000e-01  -3.6950000e-01  -1.9740000e-01  -8.2540000e-01  -1.4248000e+00   8.1200000e-02  -1.2324000e+00   9.7450000e-01  -2.1115000e+00  -4.4500000e-01
  -7.6120000e-01  -3.0580000e-01  -6.6870000e-01   6.5330000e-01  -1.6000000e-01   2.5650000e-01  -6.4830000e-01   1.2788000e+00   8.2400000e-02   5.2620000e-01   3.6880000e-01   8.7980000e-01  -4.9150000e-01   1.2253000e+00  -1.6027000e+00   3.0395000e+00  -5.6320000e-01   1.3490000e-01  -1.1337000e+00   1.5710000e-01
   2.2799000e+00   2.9220000e-01   7.8180000e-01  -7.9000000e-02   3.0640000e-01  -1.1389000e+00   1.3281000e+00   9.3460000e-01   1.3518000e+00  -4.5590000e-01   1.1249000e+00   1.9938000e+00   6.4150000e-01  -5.6310000e-01  -9.9740000e-01   4.3100000e-02   4.6360000e-01   6.8310000e-01   6.9160000e-01  -2.1500000e-02
   3.2910000e-01  -4.7130000e-01  -1.9650000e-01  -3.6610000e-01  -8.4930000e-01   4.0910000e-01   8.6400000e-02   1.6102000e+00   9.4500000e-02  -1.2462000e+00  -1.9600000e-02  -1.3130000e-01   7.2690000e-01   1.1186000e+00  -6.8890000e-01   5.8760000e-01   1.8518000e+00   2.9400000e-02   2.3400000e-01  -9.5200000e-01
   6.6860000e-01   7.9700000e-01   1.5550000e-01   1.9000000e-02   2.0255000e+00   1.7467000e+00   2.6290000e-01   5.9050000e-01  -1.1243000e+00  -8.7720000e-01   6.2160000e-01   1.2740000e-01   1.1143000e+00   2.4524000e+00  -1.0506000e+00   1.1520000e-01   1.0880000e-01  -1.1055000e+00   5.3670000e-01  -3.9810000e-01
  -1.5549000e+00  -2.1717000e+00  -1.2407000e+00  -5.3760000e-01   1.5565000e+00   3.1000000e-03   8.1230000e-01  -3.7110000e-01  -6.5200000e-01  -1.7621000e+00   4.4800000e-01  -5.1540000e-01  -1.8864000e+00  -3.4715000e+00   9.9700000e-01  -1.5883000e+00  -5.6310000e-01  -3.1260000e-01  -1.4791000e+00  -5.2890000e-01
   7.8120000e-01   2.1240000e-01  -1.3241000e+00  -1.0017000e+00   1.6306000e+00  -1.3230000e-01   1.6064000e+00   5.5950000e-01   9.4790000e-01   1.2055000e+00   8.7270000e-01   1.2750000e-01   1.0668000e+00   7.5050000e-01   3.5990000e-01   9.5500000e-02   1.1118000e+00   2.3420000e-01   1.3746000e+00   4.6370000e-01
   2.3960000e-01  -4.8530000e-01  -5.4450000e-01   3.9620000e-01   1.3707000e+00  -4.3100000e-02  -2.0709000e+00  -1.3011000e+00  -1.3044000e+00  -2.1736000e+00  -1.9410000e-01  -1.0470000e-01   5.8840000e-01  -9.8740000e-01  -1.3530000e+00  -1.3708000e+00  -6.2110000e-01  -3.7150000e-01   1.0848000e+00  -7.6600000e-01
   8.0560000e-01  -1.2970000e-01  -8.6920000e-01   2.3940000e-01  -3.0890000e-01   4.4730000e-01   4.6680000e-01  -2.3170000e-01   1.9058000e+00  -4.1500000e-02  -1.2430000e-01   6.3620000e-01  -3.2890000e-01  -6.5700000e-01   2.5920000e-01  -1.5637000e+00  -1.1309000e+00   2.4788000e+00   5.1520000e-01   1.2602000e+00
   4.8390000e-01   2.1507000e+00   2.8721000e+00   3.7530000e-01   5.0540000e-01   4.7150000e-01  -5.6700000e-02   1.5844000e+00   2.2800000e-02   7.8600000e-02   3.5580000e-01   1.8653000e+00  -4.9440000e-01   1.6059000e+00  -1.9930000e-01   6.9520000e-01   3.0490000e-01   1.6912000e+00   8.7510000e-01   7.6280000e-01
   3.9630000e-01   7.0210000e-01   3.6770000e-01  -1.5153000e+00   1.3230000e-01   4.9830000e-01  -2.6966000e+00   1.4177000e+00  -1.2402000e+00  -9.6700000e-01   3.9880000e-01   2.4430000e-01  -2.0830000e-01   4.9320000e-01  -5.6290000e-01   2.4690000e-01   8.5060000e-01   9.5200000e-02   1.2290000e-01  -2.4540000e-01
  -1.9158000e+00   1.4860000e-01  -4.3700000e-02  -3.2000000e-01   5.4640000e-01   2.5340000e-01  -1.8690000e-01  -3.3660000e-01  -8.8500000e-01  -1.3866000e+00  -5.5030000e-01  -3.6280000e-01  -1.1561000e+00   9.6600000e-02  -8.0830000e-01  -8.4770000e-01  -6.7980000e-01  -1.4129000e+00  -2.4383000e+00   1.2900000e+00
  -1.3860000e-01   7.6450000e-01  -1.1678000e+00   5.4310000e-01   3.0170000e-01   9.1080000e-01   2.6110000e+00   9.7430000e-01   7.5390000e-01  -7.9650000e-01  -9.5000000e-03  -5.7910000e-01   8.3060000e-01  -7.3500000e-02   7.3210000e-01   5.7420000e-01  -1.7204000e+00   2.1827000e+00   6.5800000e-01  -1.0916000e+00
   3.5110000e-01   1.1351000e+00   4.2180000e-01   1.9037000e+00   6.6840000e-01   5.8960000e-01   1.9351000e+00   8.0670000e-01   1.4195000e+00   2.1494000e+00  -2.0845000e+00   7.2600000e-02   2.5323000e+00  -1.4000000e-01   1.2470000e-01  -4.0100000e-01  -1.0600000e+00   1.0779000e+00   1.0101000e+00   7.0390000e-01
   9.6080000e-01   2.4770000e-01  -1.0468000e+00   8.4110000e-01  -2.4970000e-01  -1.0802000e+00  -1.2160000e+00   3.3740000e-01  -2.2503000e+00   1.4146000e+00   5.8280000e-01  -6.8230000e-01  -1.5364000e+00   9.6250000e-01  -1.2728000e+00   2.2640000e-01   6.1600000e-02   4.1200000e-01  -2.0741000e+00  -4.1630000e-01
  -1.3496000e+00  -2.0208000e+00  -1.9040000e+00   1.8756000e+00   3.1260000e-01   9.7120000e-01   3.7110000e-01  -3.8460000e-01   6.2170000e-01  -2.1961000e+00  -2.2196000e+00   3.4700000e-02   9.4700000e-02  -1.3520000e-01  -1.6703000e+00   6.3730000e-01  -1.1593000e+00  -4.6960000e-01  -4.8410000e-01  -8.8940000e-01
  -3.7410000e-01  -1.5431000e+00   8.4470000e-01   8.8450000e-01   1.3406000e+00  -1.7746000e+00  -1.0953000e+00  -5.2770000e-01  -1.8721000e+00   8.0760000e-01  -1.9998000e+00   9.8000000e-01  -1.2089000e+00  -1.5130000e-01   1.2943000e+00   8.4270000e-01   4.1620000e-01   1.2860000e-01   1.3727000e+00   1.0901000e+00
   1.6405000e+00   9.4540000e-01  -6.2410000e-01   4.7340000e-01   3.8530000e-01  -1.1151000e+00  -6.0780000e-01   1.4713000e+00   2.1171000e+00   1.9773000e+00   1.0499000e+00   8.4090000e-01   2.6875000e+00   3.1324000e+00   1.4809000e+00   1.0376000e+00   1.3990000e-01  -2.0560000e-01  -3.5200000e-02   4.8920000e-01
   1.5723000e+00  -7.6540000e-01  -1.5868000e+00   2.4548000e+00   1.5337000e+00   6.7860000e-01   4.3900000e-01  -7.6390000e-01   4.1150000e-01  -3.6760000e-01   4.3970000e-01   1.7862000e+00   3.7120000e-01   1.1470000e-01   9.5790000e-01  -1.2040000e-01   2.5690000e-01  -2.9806000e+00   6.4440000e-01   1.0035000e+00
   1.2390000e+00   5.4560000e-01  -1.3816000e+00   9.1960000e-01  -5.9500000e-02   4.8780000e-01   1.6289000e+00   8.1740000e-01  -1.2450000e+00   2.3000000e-03   1.6880000e-01   7.5040000e-01   2.0910000e-01   4.2420000e-01   1.7353000e+00  -4.8240000e-01  -4.5070000e-01  -5.6400000e-02   8.2490000e-01  -4.2200000e-02
   2.7052000e+00  -8.0300000e-02   7.3800000e-01   7.9210000e-01   3.0300000e-02   5.3940000e-01   5.8300000e-02   2.7940000e-01   4.5300000e-02   7.5470000e-01  -9.3710000e-01   2.1311000e+00  -6.7630000e-01   3.7470000e-01  -1.3782000e+00   8.5120000e-01  -1.0122000e+00   1.4410000e-01   1.4405000e+00   8.8800000e-02
  -4.7080000e-01   6.9890000e-01  -7.4180000e-01   1.7340000e-01   2.5000000e-03  -4.5810000e-01   5.0590000e-01  -2.1101000e+00  -9.5420000e-01  -4.1080000e-01  -2.0336000e+00  -2.1837000e+00   5.7490000e-01  -1.1319000e+00  -1.1229000e+00  -2.0228000e+00  -1.9029000e+00  -1.8454000e+00   1.8434000e+00  -1.8277000e+00
  -5.6700000e-02   1.4276000e+00   1.5167000e+00   5.9020000e-01   1.4460000e+00   1.3041000e+00   1.3262000e+00  -2.1820000e-01   1.4116000e+00   3.3280000e-01   1.8442000e+00   5.5040000e-01   8.9590000e-01  -1.6665000e+00   2.8301000e+00   5.3240000e-01   1.0205000e+00   3.0210000e-01   4.2650000e-01   9.6230000e-01
  -1.9599000e+00  -5.8640000e-01   1.6050000e+00  -3.8090000e-01   7.9670000e-01   2.0720000e-01  -6.2450000e-01   7.1060000e-01  -7.9050000e-01  -5.9700000e-01  -5.8950000e-01  -5.7900000e-01   9.6700000e-02   1.2544000e+00   2.4290000e-01  -1.3832000e+00  -1.5728000e+00  -1.9140000e-01  -2.0537000e+00  -1.2685000e+00
   1.4720000e-01   4.0440000e-01   2.8480000e-01   7.7420000e-01   7.2660000e-01   9.6140000e-01  -1.4350000e-01   6.0740000e-01   8.0640000e-01  -1.0462000e+00  -1.3866000e+00  -3.0500000e-01   2.7540000e-01   7.0080000e-01  -4.8380000e-01   5.7600000e-01  -1.9059000e+00   1.9000000e-02  -4.0870000e-01   3.5000000e-03
  -2.4266000e+00  -6.8000000e-01  -7.1200000e-01  -6.4680000e-01  -9.8250000e-01   4.6600000e-02  -1.3331000e+00   1.3012000e+00  -1.3729000e+00  -1.1270000e-01  -1.2204000e+00  -1.1975000e+00  -1.5479000e+00  -1.0829000e+00   8.7320000e-01  -1.6523000e+00  -3.5620000e-01  -1.1912000e+00  -1.4812000e+00  -1.7300000e-01
   6.2440000e-01  -2.4462000e+00  -7.9320000e-01   4.3410000e-01  -1.0744000e+00  -5.1510000e-01  -1.0478000e+00  -5.6000000e-02  -7.4340000e-01  -7.6300000e-02  -1.4745000e+00  -1.8490000e-01   1.8920000e-01   6.4690000e-01  -5.0270000e-01  -1.7925000e+00  -1.4240000e-01  -9.7810000e-01   1.8140000e+00   4.4330000e-01
  -4.6700000e-01  -8.7530000e-01   3.5340000e-01  -2.9700000e-01  -1.7364000e+00  -2.0284000e+00   1.4320000e+00  -2.5973000e+00   3.1930000e-01  -1.4759000e+00   9.2480000e-01   6.9980000e-01   1.3093000e+00   3.6240000e-01  -1.9906000e+00  -4.4340000e-01  -1.1410000e-01  -2.3150000e-01  -2.9490000e-01  -3.2080000e-01
  -1.4049000e+00   1.7643000e+00   9.9200000e-02  -1.6263000e+00  -1.3305000e+00   9.4600000e-02  -6.6930000e-01  -5.2830000e-01  -1.2613000e+00  -7.6250000e-01  -2.0290000e-01  -1.1218000e+00  -2.1250000e-01  -1.7338000e+00  -5.1100000e-01  -9.7030000e-01   7.8600000e-01  -6.6720000e-01   1.3920000e-01  -1.1802000e+00
  -9.3760000e-01  -4.5270000e-01  -9.1380000e-01   5.7520000e-01  -5.0240000e-01   1.1726000e+00   1.0517000e+00  -3.0190000e-01   5.1400000e-01  -7.5120000e-01   1.0741000e+00  -2.4410000e-01  -8.0950000e-01   2.8508000e+00   3.5620000e-01   1.0467000e+00   6.9800000e-02   2.7400000e-02   1.8320000e-01   1.8248000e+00
   5.2350000e-01  -2.9020000e-01   3.3300000e-02   1.2900000e-01  -3.0920000e-01   1.1652000e+00  -5.3800000e-02   2.0816000e+00   6.4640000e-01   4.9410000e-01  -1.5422000e+00  -3.4130000e-01   5.0000000e-03   2.5723000e+00   9.3860000e-01   4.0860000e-01  -4.1480000e-01  -2.2078000e+00   2.2613000e+00  -8.6410000e-01
  -5.4100000e-02   9.6340000e-01   4.1550000e-01  -2.0310000e-01   1.0271000e+00  -1.3861000e+00  -1.4281000e+00  -5.8190000e-01   6.3070000e-01   1.7450000e-01   3.6270000e-01  -2.1240000e-01  -1.3501000e+00  -1.5891000e+00  -1.3001000e+00   2.4930000e-01   2.9490000e-01  -8.4480000e-01   1.1243000e+00  -9.3380000e-01
   3.8900000e-02  -1.0325000e+00  -3.3200000e-01  -5.0700000e-01  -1.2282000e+00   1.1030000e-01   8.3010000e-01   6.3200000e-02  -6.5430000e-01   1.1608000e+00  -1.5420000e-01   9.6900000e-01   8.9830000e-01   1.6373000e+00   2.7400000e-01  -9.8510000e-01   1.1767000e+00   8.1390000e-01   3.3650000e-01   4.3480000e-01
   4.5010000e-01   1.5339000e+00   3.1959000e+00   1.1690000e-01  -5.6640000e-01   1.4496000e+00  -8.5700000e-02  -5.5520000e-01   2.5990000e-01   1.4479000e+00   8.6340000e-01  -2.6510000e-01  -9.0100000e-02   1.2660000e-01  -6.9000000e-03   1.4940000e-01   2.4395000e+00   7.7480000e-01   2.4048000e+00   2.0100000e-01
   1.0463000e+00   9.5340000e-01   6.9520000e-01  -2.5308000e+00   5.4400000e-01   1.7227000e+00   8.8430000e-01  -1.4736000e+00  -6.0470000e-01  -4.6000000e-03   1.0417000e+00   8.9800000e-01  -5.9350000e-01   3.7700000e-01   7.6690000e-01   1.1137000e+00   1.2030000e+00   1.8255000e+00   3.0860000e-01   6.5280000e-01
  -2.1833000e+00   6.9270000e-01  -1.5200000e+00  -8.0200000e-02   3.4230000e-01   1.4150000e-01  -2.0526000e+00   6.5100000e-01  -6.3810000e-01  -7.1280000e-01  -2.9390000e+00   8.5280000e-01   1.4686000e+00  -2.6690000e-01   5.8500000e-02  -1.1980000e+00  -1.8160000e-01   2.2460000e-01  -9.5760000e-01   5.7270000e-01
  -5.8750000e-01   4.2990000e-01   6.7150000e-01   1.5668000e+00   2.4382000e+00  -1.7260000e-01  -1.6615000e+00   4.9220000e-01  -2.3045000e+00   5.6540000e-01  -1.3961000e+00  -7.0270000e-01   1.0132000e+00  -1.8964000e+00   1.2821000e+00  -1.1365000e+00   1.0840000e-01  -3.0200000e-02  -1.5483000e+00   2.0345000e+00
   1.9780000e-01   4.1660000e-01   2.9300000e-01   5.7040000e-01   6.9730000e-01  -3.3360000e-01  -1.7240000e-01   1.4100000e+00   1.4771000e+00   7.0780000e-01   2.4837000e+00   1.2673000e+00   3.7817000e+00   2.5549000e+00   2.3260000e-01   2.8220000e-01   2.7310000e-01   1.1403000e+00   2.4573000e+00   1.1555000e+00
  -7.3170000e-01  -7.6010000e-01  -1.6613000e+00  -1.3164000e+00  -1.2845000e+00  -9.3910000e-01   1.1917000e+00  -1.7329000e+00  -4.9430000e-01  -4.8440000e-01  -1.3512000e+00   2.9080000e-01  -1.9060000e-01   1.1298000e+00  -6.7280000e-01  -1.0447000e+00  -2.2930000e-01  -1.6385000e+00   1.5830000e-01  -3.9870000e-01
  -3.0200000e-02   1.9016000e+00   1.3894000e+00   1.6540000e-01   4.7280000e-01   5.2920000e-01   8.6490000e-01   1.1431000e+00   3.8350000e-01  -6.4310000e-01  -9.7400000e-01   8.6950000e-01   1.2303000e+00   5.6270000e-01   2.3330000e-01  -2.4240000e-01   1.1993000e+00   2.7610000e-01   1.4824000e+00  -1.7620000e-01
   1.0158000e+00   1.4100000e-01   1.4813000e+00  -3.5200000e-02   3.8520000e-01  -1.5660000e-01   1.3288000e+00  -9.6720000e-01   7.9200000e-02   8.3600000e-02   5.5630000e-01  -1.2398000e+00   4.7100000e-02   1.9731000e+00   1.0753000e+00   1.0241000e+00   1.0104000e+00   1.9600000e-02  -1.3600000e-01  -1.2960000e-01
  -1.8597000e+00   1.1271000e+00  -8.5000000e-03  -1.3271000e+00   6.1160000e-01  -4.7250000e-01  -2.0709000e+00  -1.8677000e+00  -8.3650000e-01  -1.6594000e+00  -1.1757000e+00  -2.9400000e-02  -4.3100000e-02   1.1160000e-01   1.8532000e+00  -3.6530000e-01  -7.4600000e-01   9.7770000e-01   3.0220000e-01  -1.5370000e+00
  -3.0470000e-01   4.6310000e-01  -2.4887000e+00  -1.2987000e+00   1.8250000e-01  -1.9775000e+00  -6.6130000e-01  -2.0535000e+00   1.0883000e+00  -9.7610000e-01   1.0141000e+00  -1.7370000e-01  -1.4756000e+00  -4.6430000e-01   1.3961000e+00  -1.4498000e+00   3.1260000e-01  -6.8360000e-01   2.1540000e-01  -2.1530000e-01
   3.3900000e-01  -7.3840000e-01   6.8910000e-01   1.2110000e-01  -2.5561000e+00  -7.9980000e-01  -1.3320000e-01  -1.5730000e-01   4.6810000e-01   5.4400000e-01   1.6608000e+00  -1.0066000e+00  -5.0410000e-01  -1.7793000e+00  -9.0200000e-01  -2.2550000e-01   3.0760000e-01  -9.0080000e-01  -1.0540000e-01  -1.9278000e+00
   1.9081000e+00  -1.5401000e+00  -1.5067000e+00  -1.1110000e+00   3.0580000e-01   1.1185000e+00  -9.9700000e-02   4.3320000e-01  -1.7674000e+00   5.0610000e-01  -7.4510000e-01   1.3780000e-01  -1.2877000e+00  -2.0700000e-02   1.1390000e-01   8.0020000e-01   6.2200000e-01  -8.7050000e-01  -2.8601000e+00  -4.1890000e-01
   7.1020000e-01   6.8560000e-01  -5.7300000e-02  -1.7160000e-01  -1.8820000e-01   9.4040000e-01   1.6775000e+00   1.0713000e+00   1.4696000e+00  -1.0876000e+00   3.3480000e-01   2.2330000e-01   5.4410000e-01   2.6340000e+00  -4.2540000e-01   2.3315000e+00   5.3720000e-01   1.6801000e+00   1.9290000e-01   1.5444000e+00
   1.5302000e+00  -2.8104000e+00  -1.0958000e+00  -8.1370000e-01   9.0940000e-01  -1.0410000e+00  -1.9930000e-01  -6.8690000e-01   1.1339000e+00  -2.5899000e+00  -1.5604000e+00   1.3877000e+00   2.0690000e-01  -1.2627000e+00   1.3378000e+00   4.4200000e-02   1.7157000e+00  -3.6140000e-01  -1.1000000e+00   5.2080000e-01
   1.2473000e+00  -2.9530000e-01   3.8710000e-01   2.7616000e+00   1.4100000e+00   1.8115000e+00   9.4910000e-01   1.2688000e+00  -8.2560000e-01  -1.6000000e-02  -1.3003000e+00  -7.3280000e-01   1.1035000e+00   4.7700000e-01   1.1652000e+00  -5.9200000e-01   5.2190000e-01  -8.3220000e-01   9.3070000e-01   8.3880000e-01
  -2.6830000e-01  -5.9370000e-01   1.0144000e+00   4.3730000e-01   6.2440000e-01   1.6429000e+00   8.5950000e-01   9.3010000e-01   7.1020000e-01   2.3407000e+00  -7.8650000e-01   4.8030000e-01  -1.0250000e+00   9.5800000e-01   2.1915000e+00   4.7470000e-01   5.6800000e-01   1.4449000e+00  -3.9070000e-01   8.6160000e-01
  -1.3920000e-01  -1.1844000e+00   3.1620000e-01  -3.4800000e-01  -8.7830000e-01  -5.4640000e-01  -2.5670000e-01  -6.0200000e-01   7.7260000e-01   6.7240000e-01  -3.3700000e-01   5.8000000e-03  -1.9879000e+00  -1.2830000e-01  -3.1390000e-01   1.3670000e-01  -1.8705000e+00  -2.9629000e+00   1.2210000e-01   1.8367000e+00
   2.1272000e+00  -1.9000000e-02   6.4590000e-01  -1.5642000e+00   5.3010000e-01   5.4100000e-01   5.4610000e-01  -9.9800000e-02   6.0260000e-01  -6.6610000e-01  -1.1265000e+00   2.2640000e-01  -1.0225000e+00  -2.4421000e+00  -4.6960000e-01   2.3020000e-01  -2.1998000e+00  -1.9257000e+00  -3.3200000e-02  -1.6720000e+00
   1.2084000e+00  -1.2915000e+00   2.6580000e-01   7.5320000e-01  -9.1510000e-01   5.1430000e-01  -3.4700000e-02   2.0163000e+00   1.7228000e+00   1.4183000e+00   8.9000000e-01  -5.2470000e-01   6.7990000e-01   4.0800000e-01  -1.1360000e-01  -4.8160000e-01  -2.3340000e-01   2.4570000e+00  -5.5820000e-01   9.6930000e-01
   6.2850000e-01  -3.9110000e-01  -9.3960000e-01  -1.9599000e+00  -3.6300000e-01  -3.9340000e-01  -7.6490000e-01  -7.1040000e-01   5.8520000e-01  -1.8671000e+00  -1.6700000e-02  -2.3313000e+00   1.3493000e+00   5.9750000e-01  -7.9570000e-01   1.5610000e-01   5.5100000e-02  -7.1110000e-01  -4.1400000e-02  -2.0301000e+00
   5.3660000e-01   8.9750000e-01  -1.9267000e+00  -3.3420000e-01  -2.6287000e+00  -1.6700000e-02  -6.0310000e-01  -1.9898000e+00  -3.9560000e-01   5.7070000e-01  -5.3370000e-01  -3.0630000e-01  -2.6200000e-02  -6.8200000e-01   5.8830000e-01   1.0276000e+00  -4.1910000e-01   7.6790000e-01  -8.6120000e-01  -8.5280000e-01
  -4.5080000e-01   5.8960000e-01   6.8500000e-02   6.1600000e-02   8.0600000e-02   2.1536000e+00   9.8920000e-01   1.4956000e+00   5.7520000e-01  -8.0090000e-01   5.0490000e-01  -9.8130000e-01   3.6600000e-02  -1.1257000e+00   1.0863000e+00   5.6630000e-01   2.8320000e-01  -9.2430000e-01   1.3170000e-01   8.0990000e-01
  -9.0330000e-01   1.2577000e+00   2.0103000e+00   1.1660000e-01   2.6570000e-01  -1.0817000e+00   2.2926000e+00   1.7489000e+00   9.9510000e-01   1.8716000e+00   7.7880000e-01  -3.9900000e-02  -3.2460000e-01   1.2409000e+00   1.7186000e+00   2.3620000e-01   1.6283000e+00   1.3560000e-01  -2.7420000e-01   1.1855000e+00
  -9.0890000e-01  -8.1200000e-01  -6.9820000e-01   1.0965000e+00  -2.0797000e+00  -3.2550000e-01  -2.7565000e+00   2.6910000e-01   4.5940000e-01  -8.6150000e-01  -2.2439000e+00  -1.7260000e-01  -4.4400000e-02  -1.0313000e+00  -1.0301000e+00  -2.5152000e+00  -4.9630000e-01  -4.5910000e-01   1.5479000e+00   6.0740000e-01
   1.5887000e+00  -5.4110000e-01   6.8650000e-01   2.3530000e-01  -2.7310000e-01   1.0900000e-02  -4.0220000e-01  -6.8420000e-01  -2.3430000e-01  -1.0966000e+00  -8.0790000e-01  -4.1920000e-01  -4.3890000e-01   1.1235000e+00  -1.8984000e+00   4.4760000e-01   1.1621000e+00  -6.9540000e-01  -1.5352000e+00  -2.6790000e-01
  -1.5424000e+00  -7.1800000e-02  -1.6064000e+00  -3.7190000e-01  -1.5576000e+00  -1.1180000e-01  -3.5300000e-01   2.7910000e-01  -2.6510000e-01  -7.9350000e-01   2.2360000e-01  -1.9514000e+00  -1.0401000e+00  -4.5610000e-01   2.2725000e+00  -1.0614000e+00  -5.4420000e-01   3.0360000e-01  -4.9680000e-01  -4.6970000e-01
   1.7680000e-01   1.8405000e+00  -1.1280000e+00   2.1000000e-02   3.0000000e-02  -2.9270000e-01  -1.2870000e+00  -2.7830000e-01  -3.3790000e-01  -9.7920000e-01   1.6052000e+00   1.7300000e-02   6.5920000e-01  -2.7190000e-01  -7.7720000e-01  -5.4790000e-01   8.5910000e-01   3.6180000e-01   9.9840000e-01  -1.0070000e-01
   2.1371000e+00   3.3500000e-01  -2.3772000e+00  -3.4340000e-01   9.3400000e-01   1.0124000e+00   1.0165000e+00   4.1210000e-01   7.7540000e-01   1.3882000e+00   1.4737000e+00  -7.8700000e-01   1.4352000e+00  -3.7910000e-01   1.1163000e+00   8.1080000e-01   9.4690000e-01  -2.5520000e-01  -2.7130000e-01   1.8020000e+00
  -4.3500000e-01  -6.6860000e-01   1.8200000e-01   2.4350000e-01  -1.2727000e+00  -1.2485000e+00   6.5100000e-02  -7.0940000e-01   7.4880000e-01   7.3360000e-01   7.1500000e-02   6.5510000e-01   5.5140000e-01  -2.3656000e+00   2.9880000e-01  -4.7960000e-01  -2.3787000e+00  -1.0175000e+00   2.8910000e-01  -5.9750000e-01
  -4.2800000e-02  -1.1397000e+00   2.6920000e-01   2.1500000e-02   1.6640000e-01   2.8550000e-01  -1.0475000e+00   9.1640000e-01  -1.8552000e+00   1.4556000e+00   1.7510000e-01  -5.0110000e-01  -9.5040000e-01   1.5920000e-01   8.4210000e-01   3.5000000e-02  -1.3719000e+00   2.9040000e-01  -6.3400000e-02   4.9600000e-01
   4.3010000e-01   7.0050000e-01   1.0080000e-01   1.5410000e-01  -1.1424000e+00  -1.4260000e-01   3.7390000e-01  -2.2640000e-01   9.8000000e-02  -6.3880000e-01   7.8020000e-01  -5.7520000e-01   4.9330000e-01   1.7979000e+00   4.9140000e-01   2.0604000e+00   6.6210000e-01  -1.0674000e+00  -8.5990000e-01   2.1020000e-01
  -1.9434000e+00  -7.0510000e-01  -1.3162000e+00  -7.9010000e-01   1.2540000e-01  -1.4696000e+00   1.5880000e+00  -1.8934000e+00  -5.0170000e-01  -9.2990000e-01  -9.5500000e-02  -1.1655000e+00  -3.4600000e-02  -8.7680000e-01  -8.2630000e-01  -4.6380000e-01   8.8040000e-01   2.1857000e+00   2.8600000e-01   4.2800000e-01
   1.1640000e+00  -8.8370000e-01   3.9270000e-01   5.1530000e-01   1.0715000e+00   1.3735000e+00   1.9539000e+00   3.0340000e-01   1.0727000e+00  -1.4020000e-01   1.2020000e+00   5.1000000e-03  -1.3201000e+00  -1.9640000e-01  -2.5130000e-01  -6.7080000e-01  -4.0740000e-01   7.7510000e-01  -3.2360000e-01  -3.7090000e-01
   1.0004000e+00  -2.0703000e+00  -1.9797000e+00  -6.4530000e-01  -5.5730000e-01   5.6880000e-01   4.5000000e-03  -1.1730000e-01  -6.1520000e-01   1.5260000e-01  -8.6840000e-01   1.6659000e+00  -3.1550000e-01  -1.4234000e+00  -2.2770000e-01  -7.1700000e-01  -9.4750000e-01  -5.3600000e-01  -1.0940000e-01   1.4528000e+00
  -1.2509000e+00  -1.6650000e-01  -1.7740000e-01   2.7710000e-01   2.6800000e-02   1.1720000e-01  -6.4480000e-01  -7.9350000e-01   4.5010000e-01  -1.8720000e-01  -1.8491000e+00  -1.0018000e+00   5.0640000e-01   5.3070000e-01  -1.8060000e-01   6.8610000e-01  -1.3920000e+00   1.0650000e+00  -9.6000000e-01  -1.4756000e+00
  -4.1140000e-01  -1.3921000e+00   8.6570000e-01   9.2810000e-01   1.0760000e-01  -5.0470000e-01   1.4941000e+00   5.5030000e-01  -9.0340000e-01   1.0171000e+00  -6.5690000e-01   1.0721000e+00   9.2060000e-01   8.0220000e-01  -1.4290000e+00  -5.3200000e-02   3.1900000e-02   7.3140000e-01  -5.4000000e-01  -7.6860000e-01
   5.5650000e-01   5.0300000e-01   1.3022000e+00   1.3320000e+00   3.7450000e-01  -4.2000000e-02  -5.3030000e-01  -6.6100000e-02   6.2700000e-01   1.5990000e-01   3.3870000e-01   2.5540000e-01   2.2723000e+00   4.5910000e-01   3.9340000e-01   8.6400000e-02  -1.4560000e-01  -4.6000000e-01   1.3568000e+00  -1.2391000e+00
  -4.4690000e-01  -1.0676000e+00  -2.1640000e-01  -8.8280000e-01   7.0210000e-01  -1.0786000e+00   6.7880000e-01   5.5020000e-01  -1.3216000e+00  -2.0278000e+00  -1.2410000e+00  -3.4704000e+00  -1.0690000e-01   1.1991000e+00  -1.5100000e+00   2.1946000e+00   6.2210000e-01  -1.0206000e+00  -6.0640000e-01  -1.2731000e+00
  -2.1337000e+00   1.1503000e+00   5.5260000e-01   1.8387000e+00   3.9700000e-01  -1.0161000e+00   7.2090000e-01  -1.2223000e+00   6.0020000e-01   6.6400000e-02   6.1060000e-01  -5.6760000e-01  -1.0460000e-01  -8.3000000e-02   1.2322000e+00  -3.7920000e-01   9.1760000e-01   6.0770000e-01   1.0270000e-01   3.7530000e-01
   6.7580000e-01  -1.1461000e+00  -8.9370000e-01   1.8750000e-01   9.6980000e-01   4.1880000e-01   4.5710000e-01  -3.5850000e-01  -1.5710000e-01  -8.3570000e-01   3.1990000e-01   2.1370000e-01  -3.5700000e-02  -2.1005000e+00  -1.0708000e+00   5.9600000e-02  -5.5310000e-01   3.9800000e-01  -1.4159000e+00  -2.4470000e-01
   2.5850000e-01  -2.1134000e+00   4.8720000e-01  -1.4252000e+00   4.7770000e-01  -2.4113000e+00  -8.1810000e-01   1.3305000e+00   2.5800000e-02  -1.9015000e+00   1.3562000e+00   1.8649000e+00  -1.4959000e+00  -4.3400000e-02   2.1200000e-02  -3.3590000e-01  -1.5910000e+00  -5.1900000e-02  -1.7488000e+00  -3.5940000e-01
  -5.0250000e-01  -6.2840000e-01   9.7990000e-01  -2.9830000e-01   1.4608000e+00  -1.3368000e+00  -9.5920000e-01  -9.8440000e-01  -6.8630000e-01  -2.4900000e-01   2.2440000e-01  -1.3500000e-01   1.0744000e+00   9.7070000e-01   8.0000000e-02  -1.8874000e+00  -4.5170000e-01  -3.0810000e-01   6.5200000e-02  -1.0731000e+00
   1.2162000e+00  -7.7680000e-01   1.4820000e-01  -6.0620000e-01  -4.4170000e-01   2.7730000e-01   4.9140000e-01  -5.2180000e-01  -2.1087000e+00  -3.6150000e-01  -2.7537000e+00  -7.8050000e-01   1.7990000e-01  -9.7020000e-01   4.4490000e-01  -1.1424000e+00   1.4236000e+00  -7.0260000e-01  -1.3291000e+00  -1.9056000e+00
   4.9080000e-01  -2.6902000e+00   1.0505000e+00  -1.5810000e+00  -2.1428000e+00   1.0230000e-01   4.7520000e-01   5.4820000e-01   7.7410000e-01  -1.3778000e+00   4.8900000e-02  -5.8600000e-02  -1.9053000e+00  -6.7200000e-01   8.2170000e-01  -1.2798000e+00  -1.1090000e+00   1.9700000e-02  -1.5399000e+00  -7.8350000e-01
   3.7210000e-01   9.4040000e-01  -7.8620000e-01  -4.7300000e-01   5.3340000e-01   2.9220000e-01   1.5181000e+00   1.1491000e+00   1.0918000e+00   2.3270000e-01   1.0883000e+00  -6.1600000e-01  -1.2420000e-01  -1.5400000e-01  -8.0380000e-01  -9.8610000e-01   2.1100000e-01   4.4880000e-01   4.6600000e-01  -1.4426000e+00
  -6.0500000e-02  -2.5060000e-01  -8.8940000e-01   9.6830000e-01   1.1921000e+00   5.8380000e-01   7.1890000e-01   8.8150000e-01   8.6860000e-01  -8.2830000e-01   7.4020000e-01  -8.1620000e-01   1.7639000e+00  -6.5190000e-01   3.4220000e-01   1.4082000e+00   2.8949000e+00  -1.4325000e+00  -8.1960000e-01  -4.5680000e-01
   1.6792000e+00  -2.3850000e-01   7.5340000e-01   8.2090000e-01   1.2518000e+00   1.8390000e+00  -2.6170000e-01   4.7320000e-01   8.2440000e-01  -6.6200000e-02  -6.5680000e-01   8.1370000e-01   4.2580000e-01   1.1549000e+00   1.2118000e+00  -5.7700000e-01   1.2100000e-02   1.1682000e+00   1.4901000e+00   1.0407000e+00
   7.2010000e-01   1.4900000e-02  -1.7570000e-01   5.3500000e-02  -1.2566000e+00  -1.2896000e+00  -1.8274000e+00  -1.1191000e+00  -1.1081000e+00  -1.5670000e+00   2.8000000e-01  -3.1410000e-01  -2.0186000e+00   4.5710000e-01  -2.7395000e+00   9.7400000e-02  -3.1360000e-01  -1.8397000e+00  -3.3300000e-02  -1.1064000e+00
  -1.2481000e+00  -1.8000000e-03  -1.3790000e-01   1.2816000e+00  -9.3120000e-01  -2.0277000e+00  -1.5930000e-01   2.5412000e+00   1.4105000e+00   2.0174000e+00   1.9753000e+00   1.6292000e+00   1.2854000e+00   3.8000000e-01   1.1822000e+00  -1.6033000e+00   1.0360000e+00   1.4330000e-01   4.4730000e-01  -2.4180000e-01
   5.4920000e-01   2.2345000e+00  -5.0830000e-01   1.1524000e+00   2.0429000e+00   1.6033000e+00   2.1000000e-02   1.0638000e+00   1.2752000e+00  -1.1200000e-02   1.3484000e+00  -4.0100000e-01   2.1457000e+00   4.6540000e-01  -1.0912000e+00  -6.5900000e-01   1.1041000e+00   3.7610000e-01  -1.9120000e-01  -3.6220000e-01
  -4.8370000e-01   1.0007000e+00   1.3182000e+00   8.1940000e-01  -9.0240000e-01  -7.6950000e-01   1.0143000e+00   2.5436000e+00  -2.6020000e-01   9.4360000e-01  -2.5390000e-01  -1.2461000e+00   6.6570000e-01  -1.2026000e+00  -8.7950000e-01   1.3059000e+00   8.1500000e-02   1.2718000e+00   1.7325000e+00   2.7600000e-02
   1.0900000e-02  -1.3946000e+00  -1.3479000e+00  -1.5120000e+00   3.1840000e-01   1.4253000e+00  -1.6552000e+00  -1.6365000e+00  -2.1166000e+00  -1.4090000e-01  -2.0985000e+00  -1.1147000e+00  -2.7060000e-01  -1.1940000e+00  -9.2550000e-01  -3.9680000e-01  -6.8900000e-02   1.3744000e+00   5.1300000e-02  -2.3340000e-01
   2.0663000e+00  -4.0370000e-01   2.6930000e-01   7.8030000e-01  -3.9470000e-01   7.4260000e-01   1.7837000e+00   2.0791000e+00   5.4980000e-01   1.7194000e+00   5.7210000e-01  -3.7450000e-01   1.1139000e+00  -3.3330000e-01  -1.6756000e+00   9.4850000e-01  -5.0040000e-01  -4.9590000e-01   1.4473000e+00   2.1135000e+00
  -1.5986000e+00   4.1450000e-01  -3.4120000e-01  -1.5110000e+00   2.3530000e+00   1.0851000e+00  -3.3140000e-01  -1.2258000e+00  -4.1280000e-01  -5.0340000e-01  -5.4220000e-01   1.0417000e+00  -1.4304000e+00   1.0678000e+00  -1.6804000e+00  -1.6056000e+00  -8.9760000e-01  -7.9430000e-01   1.2830000e+00  -1.6712000e+00
  -4.5280000e-01  -9.5690000e-01   1.2694000e+00   5.7580000e-01   8.4180000e-01   3.0480000e-01  -1.4926000e+00  -6.1180000e-01  -4.0380000e-01   6.4780000e-01   5.5580000e-01  -5.9990000e-01  -1.8035000e+00  -1.1632000e+00  -1.5033000e+00  -8.3190000e-01  -5.3580000e-01  -2.1380000e-01  -7.2650000e-01   6.1770000e-01
   7.6330000e-01  -3.4190000e-01  -2.1130000e-01  -9.2280000e-01  -1.5800000e-02   4.1010000e-01  -1.4040000e-01  -6.5460000e-01  -3.5700000e-02   5.9340000e-01  -1.4633000e+00   1.9006000e+00  -1.0805000e+00   8.4820000e-01   2.4700000e-02   1.7356000e+00  -2.5090000e-01   6.4050000e-01  -5.1500000e-02   1.1550000e+00
   5.4910000e-01   7.9300000e-02   4.8270000e-01   1.4250000e+00   4.0300000e-01  -9.5020000e-01   2.0918000e+00  -9.0780000e-01   8.5820000e-01  -1.2822000e+00   6.0830000e-01   3.3400000e-01   2.6190000e-01   2.6990000e+00   7.2750000e-01  -1.7659000e+00   1.8945000e+00  -6.2850000e-01   7.2650000e-01   3.1470000e-01
   4.6750000e-01   3.2740000e-01  -1.7147000e+00   1.2278000e+00   7.5210000e-01   3.6270000e-01   8.8400000e-01  -4.8710000e-01  -1.0412000e+00   9.2010000e-01  -2.6290000e-01  -4.0000000e-01  -2.1333000e+00   7.3780000e-01  -7.7150000e-01  -1.4902000e+00  -5.9400000e-01  -3.0938000e+00  -1.2218000e+00  -1.6073000e+00
  -4.5900000e-01  -5.4560000e-01   1.0125000e+00  -6.4590000e-01   6.6640000e-01   1.2780000e-01  -1.0701000e+00   2.7723000e+00   1.0935000e+00   8.1770000e-01  -9.6210000e-01   1.3175000e+00  -1.3389000e+00   2.6050000e-01   2.8635000e+00   2.0465000e+00   1.0670000e+00   4.3140000e-01   2.1075000e+00   3.4730000e-01
   1.2936000e+00  -1.0503000e+00   7.3020000e-01   1.2487000e+00  -1.1004000e+00   1.1668000e+00   9.7910000e-01  -3.7900000e-02   1.5010000e-01   2.2900000e-02   1.1092000e+00   6.3450000e-01   1.9841000e+00   1.0883000e+00   1.5070000e-01   7.0250000e-01   1.3996000e+00   8.2370000e-01   1.0633000e+00  -3.1480000e-01
   2.0730000e-01   5.1200000e-01  -5.1800000e-01   3.8640000e-01  -1.4344000e+00   5.3210000e-01  -1.5780000e-01   1.4949000e+00   1.0587000e+00   6.9240000e-01   1.3433000e+00   1.4118000e+00   4.1200000e-02   4.1270000e-01  -1.0522000e+00  -1.1467000e+00   5.8700000e-02  -3.3260000e-01  -8.5030000e-01   5.5880000e-01
   3.7900000e-02  -7.4460000e-01  -1.2000000e+00  -7.7860000e-01   1.8250000e-01  -9.3170000e-01  -1.7773000e+00   1.3712000e+00  -1.4460000e-01  -5.6200000e-01  -6.3270000e-01   1.8470000e-01   1.5500000e-01  -3.8050000e-01  -2.3980000e-01  -4.9130000e-01  -2.6530000e-01  -2.8430000e-01   4.9050000e-01  -2.3069000e+00
   1.4665000e+00   2.1744000e+00  -8.6030000e-01   3.9870000e-01   1.2832000e+00   4.9630000e-01   1.6200000e-01   1.8590000e-01   1.4196000e+00   2.4067000e+00   4.3100000e-02   7.0520000e-01   1.1242000e+00   1.7519000e+00   4.9050000e-01   1.3670000e-01   1.0634000e+00   1.4678000e+00  -1.2750000e-01  -3.7100000e-02
  -1.3972000e+00   7.7970000e-01  -9.4780000e-01  -1.0955000e+00  -1.2714000e+00  -1.1786000e+00   2.8220000e-01  -6.4520000e-01   5.6300000e-01  -4.0430000e-01  -5.2700000e-02  -8.2870000e-01  -1.7461000e+00   2.0223000e+00   4.4900000e-01  -2.2545000e+00   1.7220000e-01  -6.5100000e-02  -2.0384000e+00  -6.3700000e-02
   1.7580000e-01   2.1618000e+00   8.6680000e-01   1.4072000e+00  -5.9650000e-01   1.3358000e+00  -2.5480000e-01   1.0272000e+00   1.7932000e+00  -2.4520000e-01  -1.8290000e-01   1.4402000e+00  -2.5130000e-01  -1.1693000e+00   8.7410000e-01   7.8430000e-01   6.4080000e-01   6.0170000e-01   1.2341000e+00   1.4225000e+00
  -6.0040000e-01  -9.3980000e-01  -1.3224000e+00  -1.6699000e+00   1.0500000e+00   1.0263000e+00  -4.7540000e-01  -1.2445000e+00  -8.6800000e-02  -8.0950000e-01   9.0640000e-01  -1.6319000e+00  -9.1690000e-01  -1.8520000e+00  -3.1650000e-01   2.5113000e+00  -1.9898000e+00  -9.7500000e-02  -3.3720000e-01   1.5970000e+00
   9.2470000e-01  -1.6620000e+00  -5.1650000e-01  -7.9480000e-01   8.6320000e-01  -2.4405000e+00  -1.0536000e+00   1.3030000e-01   2.0427000e+00   6.2510000e-01   1.1431000e+00   1.9624000e+00  -9.8090000e-01   4.6130000e-01  -2.5059000e+00  -1.5481000e+00   3.7680000e-01   4.0740000e-01  -1.1005000e+00  -8.7630000e-01
   1.2427000e+00   1.4684000e+00  -1.7718000e+00  -1.8363000e+00   1.2860000e-01   1.9100000e-01  -9.7750000e-01  -1.0746000e+00   1.7401000e+00   1.6690000e-01  -5.8600000e-01  -7.5700000e-02   2.8050000e-01  -1.9298000e+00  -1.0209000e+00   3.0400000e-01  -5.7670000e-01   2.3800000e-01  -1.8839000e+00  -1.3439000e+00
   7.8100000e-01  -1.8589000e+00  -7.8260000e-01  -9.8000000e-01   9.1630000e-01   1.3210000e-01  -1.8395000e+00  -2.7650000e-01   5.8190000e-01   1.1272000e+00   1.0450000e-01  -9.6300000e-01   1.6480000e-01   5.2960000e-01  -1.4140000e-01  -8.1460000e-01  -7.7840000e-01  -1.2823000e+00   1.2330000e-01  -1.9814000e+00
   2.6960000e-01   8.6310000e-01  -5.1520000e-01  -4.5100000e-02   1.1675000e+00   3.1170000e-01  -4.4420000e-01   9.4020000e-01   1.2606000e+00   2.4466000e+00   1.8620000e-01   4.9620000e-01  -2.5550000e-01   2.8820000e+00  -7.7000000e-02   7.0360000e-01   1.9850000e+00  -6.1020000e-01   2.4910000e+00   9.9590000e-01
  -1.6898000e+00  -4.5870000e-01  -6.6800000e-01   4.1570000e-01  -7.0900000e-01   2.9540000e-01  -9.4200000e-02   2.1230000e-01  -1.8216000e+00   8.8990000e-01   1.2428000e+00  -1.2207000e+00  -6.0650000e-01   2.1990000e-01  -1.0641000e+00   9.1390000e-01  -1.0258000e+00  -4.5390000e-01  -6.6540000e-01  -1.6660000e-01
   2.3840000e-01   1.1402000e+00  -1.2062000e+00  -1.3134000e+00  -9.2860000e-01  -1.2511000e+00   1.6787000e+00  -7.2040000e-01   1.2952000e+00  -9.0820000e-01   2.0521000e+00   1.5246000e+00   6.2270000e-01   2.1669000e+00   3.2040000e-01  -4.2360000e-01   6.5670000e-01   9.1780000e-01   1.7697000e+00  -1.8695000e+00
   1.1019000e+00   1.1200000e+00   7.4010000e-01   3.5140000e+00   1.4512000e+00  -1.7680000e-01  -5.3520000e-01   1.4720000e-01  -1.8830000e-01  -1.5710000e+00   7.8390000e-01  -3.1100000e-01   6.5500000e-01   1.3860000e-01  -1.8271000e+00  -7.5450000e-01   5.1700000e-01   4.5300000e-02  -2.2700000e-01   6.6090000e-01
  -1.6250000e-01   5.6530000e-01  -2.5530000e-01   1.8614000e+00  -9.8940000e-01   1.3834000e+00   7.5700000e-01   1.0342000e+00   2.4366000e+00   8.2210000e-01  -1.1668000e+00   1.0852000e+00  -3.0930000e-01   6.3720000e-01  -8.3380000e-01   2.5616000e+00   1.0602000e+00   6.1580000e-01   9.8750000e-01   4.9680000e-01
  -2.9280000e-01   3.5950000e-01   1.3154000e+00  -9.7450000e-01  -9.3720000e-01   6.7580000e-01  -1.9210000e-01   1.1630000e+00   1.2191000e+00   1.3970000e+00  -1.5723000e+00   1.5271000e+00   9.2720000e-01   7.4400000e-02   4.2130000e-01  -3.6630000e-01   2.4870000e-01   5.7220000e-01   8.6390000e-01  -4.2270000e-01
   8.9360000e-01   7.5290000e-01   1.4512000e+00   4.3430000e-01   4.9170000e-01   3.5700000e-02  -1.8720000e-01  -1.0762000e+00   2.1350000e-01   4.4900000e-02   1.4034000e+00   8.3410000e-01   3.4195000e+00   1.0424000e+00  -1.2288000e+00  -8.9100000e-02  -9.8500000e-02  -9.1420000e-01  -8.8500000e-02  -7.5990000e-01
   5.0380000e-01   5.8100000e-01   8.1260000e-01   2.2740000e-01   1.1074000e+00   1.4871000e+00  -3.0150000e-01  -2.7400000e-02   5.0230000e-01  -2.0340000e-01  -1.0865000e+00  -4.0410000e-01   1.4452000e+00   5.4280000e-01  -8.1060000e-01   2.4239000e+00   2.2944000e+00  -6.7000000e-02  -1.2330000e-01   7.1870000e-01
   1.4534000e+00   1.0830000e+00  -8.4500000e-02  -3.3950000e-01  -5.5710000e-01  -6.6840000e-01  -1.8105000e+00  -5.2960000e-01  -2.5160000e-01   7.4120000e-01  -9.9700000e-02  -4.0620000e-01  -5.2580000e-01   1.7810000e-01  -1.0530000e+00  -9.7110000e-01   2.6910000e-01  -1.6979000e+00   4.8200000e-02   1.2040000e-01
  -1.3872000e+00   1.1569000e+00   6.2270000e-01  -6.6000000e-02  -2.0121000e+00  -1.0908000e+00  -7.4800000e-02  -9.2950000e-01  -1.5506000e+00  -2.5820000e-01  -2.0909000e+00  -7.3950000e-01  -4.4040000e-01  -1.5797000e+00   9.7740000e-01   6.1940000e-01   1.5627000e+00   1.1640000e+00  -5.1540000e-01  -1.7113000e+00
   1.1650000e-01   8.1430000e-01  -1.0819000e+00   3.2780000e-01  -2.4073000e+00  -1.6588000e+00   1.2500000e-01   4.8720000e-01   3.0860000e-01  -9.1960000e-01  -1.6783000e+00  -1.5703000e+00  -1.3085000e+00   3.4750000e-01  -2.9440000e-01  -1.4587000e+00  -9.5270000e-01  -1.6845000e+00  -7.6010000e-01   7.5270000e-01
  -3.0810000e-01   5.1190000e-01  -9.6510000e-01  -1.2297000e+00  -9.2900000e-02  -2.3300000e-02  -1.2047000e+00   7.1260000e-01  -1.5583000e+00  -4.4800000e-01  -8.7700000e-01  -1.5515000e+00   8.0700000e-01  -1.0980000e+00  -1.4276000e+00   6.1400000e-02  -1.2037000e+00  -1.8185000e+00  -4.3910000e-01  -2.7379000e+00
  -1.3130000e-01   3.2930000e-01   1.4057000e+00  -3.6180000e-01   8.7390000e-01  -9.0090000e-01   1.3012000e+00  -3.1220000e-01   1.1430000e+00   4.8740000e-01  -4.6780000e-01  -7.1150000e-01   2.3450000e-01  -7.2340000e-01  -1.0300000e-02  -2.8741000e+00   2.6980000e-01  -7.5450000e-01   2.1470000e-01   6.9340000e-01
   1.3092000e+00   6.1620000e-01   5.5250000e-01  -6.2340000e-01   8.8860000e-01  -1.2307000e+00  -2.8510000e-01  -2.8280000e-01   5.2640000e-01  -7.7810000e-01   2.2373000e+00  -2.3520000e-01   5.2710000e-01  -5.9710000e-01   9.8800000e-02   9.3500000e-01  -1.6810000e-01   1.4312000e+00   1.9130000e+00   1.6725000e+00
  -1.0009000e+00  -1.8174000e+00   1.1100000e-02  -4.8750000e-01  -1.8123000e+00   7.4400000e-01  -1.1633000e+00  -1.2644000e+00  -1.3716000e+00   1.2428000e+00  -1.8937000e+00  -4.2520000e-01  -1.1692000e+00  -1.2155000e+00  -3.4700000e-01  -4.7550000e-01  -9.3450000e-01   6.0800000e-02  -2.4500000e-02  -1.3999000e+00
  -3.8600000e-01  -2.3003000e+00   4.7550000e-01   9.3710000e-01   1.1073000e+00   4.6200000e-01  -8.9060000e-01   2.3200000e-01   5.7890000e-01  -9.9490000e-01   2.7180000e-01   2.8723000e+00   4.1620000e-01  -6.3190000e-01  -1.3470000e-01  -9.6900000e-02   9.7430000e-01   2.6292000e+00   1.5042000e+00   8.6750000e-01
   4.8020000e-01  -8.2070000e-01   1.1663000e+00   3.1920000e-01   1.5726000e+00   7.6790000e-01   7.3020000e-01   7.6500000e-02   1.9320000e-01  -1.9630000e-01   1.4518000e+00  -3.9510000e-01   1.4172000e+00   7.8640000e-01  -1.4310000e-01   1.1125000e+00   2.3730000e-01   1.8604000e+00  -2.0396000e+00   1.1419000e+00
  -1.1214000e+00  -6.6940000e-01  -3.2300000e-01  -6.1550000e-01  -3.9930000e-01   5.5480000e-01  -2.0535000e+00  -1.5523000e+00  -1.1382000e+00  -1.8878000e+00   1.8510000e-01  -2.0888000e+00   6.8970000e-01   6.6800000e-01  -8.1750000e-01  -1.6870000e-01   7.9580000e-01  -3.6310000e-01   1.8770000e-01  -1.1639000e+00
   7.5200000e-01   4.6580000e-01   5.6610000e-01   1.3400000e-01   5.8240000e-01   6.7010000e-01   5.6760000e-01   2.6540000e-01   5.8160000e-01   1.9610000e-01   1.5362000e+00  -3.0240000e-01   1.8026000e+00   7.3770000e-01   2.1920000e-01   7.6890000e-01   2.8210000e-01  -1.6300000e-02   1.5418000e+00  -6.4380000e-01
   1.5409000e+00   5.5870000e-01   1.9770000e-01   2.1523000e+00  -1.1580000e-01   1.6781000e+00   4.2370000e-01   1.7571000e+00   1.0806000e+00   6.9860000e-01   9.4800000e-01   4.8500000e-02  -2.6690000e-01  -1.4880000e-01  -5.0660000e-01  -5.6010000e-01   2.3054000e+00  -2.6060000e-01   6.9290000e-01   4.5230000e-01
  -4.7640000e-01   5.0590000e-01   8.7800000e-02  -4.5170000e-01  -5.3650000e-01  -8.9700000e-02  -3.8490000e-01  -1.6936000e+00  -9.0780000e-01  -3.6460000e-01  -1.7517000e+00  -3.3720000e-01  -2.3585000e+00  -8.9570000e-01   2.1019000e+00  -3.7510000e-01   1.0114000e+00   6.1860000e-01  -1.9978000e+00   1.2050000e-01
   3.3579000e+00  -6.3400000e-02  -1.1079000e+00  -5.8700000e-01  -4.1330000e-01   2.8825000e+00  -2.5000000e-01   2.0663000e+00   2.2380000e-01   1.7675000e+00  -2.5750000e-01   2.9687000e+00   8.7050000e-01   2.7748000e+00   8.1850000e-01  -1.0767000e+00   1.4772000e+00   1.1860000e-01   9.0480000e-01   7.8410000e-01
   1.1057000e+00   3.1800000e-02  -1.1330000e-01   4.6710000e-01  -1.6118000e+00  -7.2360000e-01  -2.6471000e+00  -1.7355000e+00   1.2619000e+00  -4.5850000e-01   2.0800000e-01   3.7710000e-01  -1.8899000e+00  -2.2427000e+00  -8.8660000e-01  -2.4740000e-01  -9.3900000e-01   6.3700000e-02   1.1975000e+00  -1.1491000e+00
  -2.7900000e-01  -1.5729000e+00   5.6130000e-01  -1.0050000e+00  -1.0196000e+00  -4.0070000e-01   9.3920000e-01   5.8960000e-01  -2.6830000e+00  -1.6261000e+00  -4.9410000e-01  -2.4027000e+00  -2.0308000e+00   1.4139000e+00  -3.0854000e+00  -1.2210000e-01  -4.9430000e-01   1.1290000e-01  -9.9760000e-01   2.1450000e-01
  -8.8030000e-01  -1.2254000e+00  -4.7720000e-01   1.9745000e+00  -2.4430000e-01  -9.5170000e-01  -5.8270000e-01  -1.2777000e+00  -1.3955000e+00   3.4320000e-01  -6.7120000e-01   4.6900000e-02  -2.3070000e-01   4.4540000e-01  -2.1493000e+00  -1.4126000e+00   1.3602000e+00   6.7170000e-01   1.1400000e-01  -6.2720000e-01
   1.0633000e+00   1.4248000e+00  -3.0610000e-01   2.0310000e-01  -6.3530000e-01   6.5330000e-01   1.2161000e+00   6.0510000e-01   1.4264000e+00  -4.7480000e-01   1.0499000e+00   8.2290000e-01  -4.4790000e-01  -4.7900000e-01   3.5610000e-01   1.2514000e+00   1.4870000e-01  -7.1200000e-02   1.7620000e-01  -9.0400000e-02
   1.6380000e-01  -2.2569000e+00  -2.4675000e+00  -7.8300000e-02  -3.7760000e-01  -1.2369000e+00  -1.8781000e+00   1.9108000e+00  -1.8160000e+00  -1.1933000e+00  -9.6200000e-01  -7.5930000e-01  -1.2052000e+00  -1.9850000e-01  -5.5940000e-01  -6.5760000e-01  -7.3640000e-01   7.7000000e-02  -1.6389000e+00  -3.3090000e-01
   8.5920000e-01  -1.7540000e-01  -1.3818000e+00   6.0830000e-01   6.3570000e-01  -1.3629000e+00   9.8930000e-01   6.4750000e-01   8.0500000e-02   2.0549000e+00   1.7027000e+00   1.0294000e+00   7.0700000e-01   1.6247000e+00   2.5280000e-01   1.6266000e+00   7.9210000e-01  -1.3827000e+00   4.9770000e-01   1.9734000e+00
   1.2080000e-01   8.4540000e-01   6.8870000e-01  -6.7110000e-01  -7.7200000e-01  -5.9080000e-01  -6.1670000e-01  -1.5717000e+00  -1.4447000e+00  -2.2281000e+00  -7.0000000e-02   3.9950000e-01  -1.2828000e+00  -2.0780000e-01   5.7770000e-01   8.9800000e-02  -1.9196000e+00   3.3520000e-01  -8.5780000e-01   1.3600000e+00
   1.2132000e+00   2.2039000e+00   4.1960000e-01   1.6171000e+00  -8.1120000e-01   2.6586000e+00   9.9370000e-01  -7.9200000e-01   7.4140000e-01  -8.4020000e-01  -5.2990000e-01  -1.1578000e+00   1.4816000e+00  -5.7070000e-01  -2.6960000e-01  -4.2500000e-01   2.0530000e-01   2.5704000e+00   2.3124000e+00   1.7970000e+00
