    距离（m）       方位(度)        俯仰（度）         时间（s）   传感器标号 
  6.1709257e+004  2.9025749e+001  2.8113635e-001  3.6620400e+004         1
  6.1566089e+004  2.9298999e+001  1.8411389e-001  3.6621400e+004         1
  6.1556807e+004  3.0005196e+001  3.9184353e-001  3.6622400e+004         1
  6.1363009e+004  3.0240173e+001  3.4887902e-001  3.6623400e+004         1
  6.1365556e+004  2.9778269e+001  1.6884355e-001  3.6624400e+004         1
  6.1151310e+004  2.9455560e+001  1.4172489e+000  3.6625400e+004         1
  6.0924038e+004  2.9627955e+001  3.4168897e-001  3.6627400e+004         1
  6.0817721e+004  2.9077318e+001 -1.6447141e-001  3.6628400e+004         1
  6.0801700e+004  3.0225009e+001  3.6579707e-001  3.6629400e+004         1
  6.0656470e+004  3.0424156e+001 -1.2408057e-001  3.6630400e+004         1
  6.0536258e+004  2.9980347e+001  6.4441987e-001  3.6631400e+004         1
  6.0421505e+004  3.0653464e+001  6.9032162e-001  3.6632400e+004         1
  6.0366631e+004  3.0096935e+001  3.0829764e-001  3.6633400e+004         1
  6.0278270e+004  3.0549093e+001  1.0437633e+000  3.6634400e+004         1
  6.0164889e+004  3.0503457e+001  5.0976442e-001  3.6635400e+004         1
  6.0122813e+004  3.0411065e+001  4.9408007e-001  3.6636400e+004         1
  5.9988535e+004  2.9946802e+001  3.7855374e-001  3.6637400e+004         1
  5.9848930e+004  3.1031853e+001  9.6555559e-002  3.6638400e+004         1
  5.9739829e+004  2.9925441e+001  3.7306364e-001  3.6639400e+004         1
  5.9751579e+004  3.0332015e+001  2.7023885e-002  3.6640400e+004         1
  5.9297356e+004  3.0364824e+001  3.9771819e-001  3.6643400e+004         1
  5.9258401e+004  3.0757517e+001  6.1911631e-001  3.6644400e+004         1
  5.9122627e+004  3.0321449e+001  2.6125193e-001  3.6645400e+004         1
  5.9068973e+004  2.9444259e+001  2.8332541e-001  3.6646400e+004         1
  5.8913075e+004  3.1067773e+001  6.0779740e-001  3.6647400e+004         1
  5.8873316e+004  3.0106920e+001  4.3514043e-001  3.6648400e+004         1
  5.8660861e+004  3.0517587e+001  4.5842339e-001  3.6650400e+004         1
  5.8576880e+004  3.0701812e+001  3.7672340e-001  3.6651400e+004         1
  5.8459402e+004  3.1066373e+001  8.7206445e-001  3.6653400e+004         1
  5.8213995e+004  3.0860865e+001  6.4123824e-001  3.6654400e+004         1
  5.8162204e+004  3.0528061e+001  4.9847207e-001  3.6655400e+004         1
  5.8049635e+004  3.1487721e+001  8.7414341e-001  3.6656400e+004         1
  5.7940315e+004  3.0718662e+001 -5.7413434e-002  3.6657400e+004         1
  5.7821136e+004  3.1116464e+001  8.3526055e-001  3.6658400e+004         1
  5.7731826e+004  3.1680866e+001  8.4228061e-001  3.6659400e+004         1
  5.7572462e+004  3.0962798e+001  9.4677418e-001  3.6660400e+004         1
  5.7497896e+004  3.0486905e+001  8.7768291e-001  3.6661400e+004         1
  5.7390837e+004  3.1281488e+001 -5.2542695e-001  3.6662400e+004         1
  5.7172348e+004  3.0425882e+001  5.0071775e-001  3.6663400e+004         1
  5.7193391e+004  3.1668548e+001  8.1163401e-001  3.6664400e+004         1
  5.7085909e+004  3.1482436e+001  7.9890647e-001  3.6665400e+004         1
  5.6998808e+004  3.1434053e+001  4.0979542e-001  3.6666400e+004         1
  5.6738121e+004  3.1329860e+001 -3.8868989e-002  3.6667400e+004         1
  5.6767076e+004  3.1907055e+001  6.4494877e-002  3.6668400e+004         1
  5.6631847e+004  3.1505313e+001  5.9262719e-001  3.6669400e+004         1
  5.6468937e+004  3.1596825e+001 -3.7922458e-001  3.6670400e+004         1
  5.6236523e+004  3.1657421e+001 -9.3214248e-002  3.6672400e+004         1
  5.6159602e+004  3.2676037e+001  9.3651090e-001  3.6673400e+004         1
  5.6100817e+004  3.1291699e+001  3.8219826e-001  3.6674400e+004         1
  5.6007456e+004  3.1787861e+001  1.1179070e+000  3.6675400e+004         1
  5.5877982e+004  3.2209221e+001  5.2470939e-001  3.6676400e+004         1
  5.5769525e+004  3.1676044e+001 -2.2820915e-001  3.6677400e+004         1
  5.5507604e+004  3.2123844e+001  7.2584971e-001  3.6679400e+004         1
  5.5385465e+004  3.1941532e+001  4.5400915e-001  3.6680400e+004         1
  5.5257046e+004  3.2343699e+001  4.1697737e-001  3.6682400e+004         1
  5.5097623e+004  3.2231277e+001 -7.6124448e-002  3.6683400e+004         1
  5.4964826e+004  3.2274033e+001  6.4506077e-001  3.6684400e+004         1
  5.4885721e+004  3.2497680e+001 -2.2602684e-001  3.6685400e+004         1
  5.4915599e+004  3.2787655e+001  3.7851746e-001  3.6686400e+004         1
  5.4636731e+004  3.3201642e+001  8.7596808e-001  3.6687400e+004         1
  5.4538694e+004  3.2625427e+001  2.6903407e-001  3.6688400e+004         1
  5.4448035e+004  3.2135272e+001  1.2026577e-001  3.6689400e+004         1
  5.4286157e+004  3.2838746e+001  4.2755294e-001  3.6690400e+004         1
  5.4279595e+004  3.2845284e+001 -1.2756083e-001  3.6691400e+004         1
  5.4138900e+004  3.2744027e+001  9.0806028e-001  3.6692400e+004         1
  5.4119443e+004  3.2943154e+001  9.1704206e-001  3.6693400e+004         1
  5.3918541e+004  3.2213192e+001  5.0037526e-001  3.6694400e+004         1
  5.3831608e+004  3.2641909e+001  3.0445593e-001  3.6695400e+004         1
  5.3716238e+004  3.2837965e+001  4.3461918e-001  3.6696400e+004         1
  5.3665938e+004  3.3005878e+001  1.1300946e+000  3.6697400e+004         1
  5.3620063e+004  3.2724905e+001  6.0281529e-001  3.6698400e+004         1
  5.3454621e+004  3.3304631e+001 -4.9414011e-001  3.6699400e+004         1
  5.3247651e+004  3.3281593e+001  9.5703032e-001  3.6700400e+004         1
  5.3255618e+004  3.3393383e+001 -6.1976523e-002  3.6701400e+004         1
  5.3072840e+004  3.3836043e+001  3.3608833e-001  3.6702400e+004         1
  5.2984670e+004  3.3519371e+001  3.1538678e-001  3.6703400e+004         1
  5.2852353e+004  3.3582254e+001  3.1091981e-001  3.6704400e+004         1
  5.2765775e+004  3.3490370e+001 -7.1424980e-002  3.6705400e+004         1
  5.2660891e+004  3.4167147e+001 -1.1286435e-001  3.6706400e+004         1
  5.2512974e+004  3.3206891e+001  7.5088410e-002  3.6707400e+004         1
  5.2532539e+004  3.3669071e+001  1.5705169e-001  3.6708400e+004         1
  5.2422180e+004  3.3649383e+001  5.2930803e-001  3.6709400e+004         1
  5.2215436e+004  3.3443285e+001  4.9102959e-002  3.6711400e+004         1
  5.2060636e+004  3.3705985e+001  5.2422987e-001  3.6712400e+004         1
  5.1965638e+004  3.3942912e+001  1.8675643e-001  3.6713400e+004         1
  5.1898779e+004  3.3620292e+001  3.8859186e-001  3.6714400e+004         1
  5.1785027e+004  3.4617272e+001  3.2170422e-002  3.6715400e+004         1
  5.1599499e+004  3.4351641e+001  6.2011136e-001  3.6716400e+004         1
  5.1641975e+004  3.4127207e+001  3.8779743e-001  3.6717400e+004         1
  5.1533040e+004  3.4164984e+001  1.3849910e+000  3.6718400e+004         1
  5.1336640e+004  3.3743028e+001 -1.6824990e-001  3.6719400e+004         1
  5.1343938e+004  3.4191090e+001  4.8515224e-001  3.6720400e+004         1
  5.1317861e+004  3.5073425e+001  7.5824278e-001  3.6721400e+004         1
  5.1096980e+004  3.4810360e+001 -4.6392528e-001  3.6722400e+004         1
  5.1153755e+004  3.5431471e+001  2.4499323e-001  3.6723400e+004         1
  5.1107874e+004  3.4732877e+001  3.0413281e-001  3.6724400e+004         1
  5.0984534e+004  3.4857619e+001 -2.5695661e-001  3.6725400e+004         1
  5.1067056e+004  3.4661841e+001  2.2831031e-001  3.6726400e+004         1
  5.0945928e+004  3.5341243e+001  1.5042814e-001  3.6727400e+004         1
  5.0959555e+004  3.4946062e+001 -5.3884991e-002  3.6728400e+004         1
  5.0888279e+004  3.4959015e+001  1.3249247e-001  3.6729400e+004         1
  5.0867226e+004  3.5695480e+001  8.6800792e-002  3.6730400e+004         1
  5.0842991e+004  3.5412651e+001  6.9086778e-001  3.6731400e+004         1
  5.0841110e+004  3.6247163e+001  6.8596334e-001  3.6732400e+004         1
  5.0896357e+004  3.5405111e+001  5.9121572e-001  3.6733400e+004         1
  5.0790850e+004  3.6063953e+001  8.9516050e-001  3.6734400e+004         1
  5.0971829e+004  3.5818120e+001 -1.8046706e-001  3.6735400e+004         1
  5.0888394e+004  3.6145767e+001  4.4342577e-001  3.6736400e+004         1
  5.0904319e+004  3.6023162e+001 -3.3638850e-001  3.6737400e+004         1
  5.0927718e+004  3.6278802e+001  3.1695628e-001  3.6738400e+004         1
  5.1010928e+004  3.5899865e+001  6.0576070e-002  3.6739400e+004         1
  5.1066795e+004  3.6438668e+001  6.8656152e-001  3.6740400e+004         1
  5.1144831e+004  3.6653693e+001  8.0805009e-001  3.6741400e+004         1
  5.1230087e+004  3.6669245e+001  9.1226866e-001  3.6742400e+004         1
  5.1245662e+004  3.7254966e+001  1.5084851e-001  3.6743400e+004         1
  5.1368492e+004  3.6726317e+001  9.2403215e-001  3.6744400e+004         1
  5.1417371e+004  3.6443036e+001  5.9596265e-001  3.6745400e+004         1
  5.1500929e+004  3.7159937e+001  4.6208174e-001  3.6746400e+004         1
  5.1682057e+004  3.7282867e+001  4.9116260e-001  3.6747400e+004         1
  5.1711226e+004  3.6883220e+001  8.8754449e-001  3.6749400e+004         1
  5.1910893e+004  3.6705925e+001  4.2948324e-001  3.6750400e+004         1
  5.1922510e+004  3.7299056e+001  3.3678104e-001  3.6751400e+004         1
  5.2101210e+004  3.6445457e+001 -4.3643990e-001  3.6752400e+004         1
  5.2169303e+004  3.6770718e+001 -2.7064755e-001  3.6753400e+004         1
  5.2257719e+004  3.7311495e+001  7.3918528e-001  3.6754400e+004         1
  5.2463019e+004  3.7135209e+001 -1.6407456e-001  3.6755400e+004         1
  5.2629232e+004  3.7992113e+001  2.6137311e-001  3.6756400e+004         1
  5.2713765e+004  3.7448873e+001  3.4680534e-001  3.6757400e+004         1
  5.2931816e+004  3.6347158e+001  2.3764011e-001  3.6758400e+004         1
  5.2924344e+004  3.7401884e+001  5.0084425e-001  3.6759400e+004         1
  5.3120473e+004  3.7498798e+001  7.0851870e-001  3.6760400e+004         1
  5.3259077e+004  3.7481140e+001  1.4564710e+000  3.6761400e+004         1
  5.3388573e+004  3.7197521e+001 -5.9609040e-002  3.6762400e+004         1
  5.3415814e+004  3.6903362e+001  6.8140258e-001  3.6763400e+004         1
  5.3532019e+004  3.6914845e+001  3.9832747e-001  3.6764400e+004         1
  5.3652682e+004  3.7153747e+001  4.9730263e-001  3.6765400e+004         1
  5.3813714e+004  3.6920621e+001  1.6432382e-004  3.6766400e+004         1
  5.3964260e+004  3.6822003e+001  6.7181065e-001  3.6767400e+004         1
  5.4168659e+004  3.6918379e+001  8.8973583e-001  3.6768400e+004         1
  5.4310293e+004  3.6701644e+001  7.4838769e-001  3.6770400e+004         1
  5.4389021e+004  3.6102639e+001  3.4940583e-002  3.6771400e+004         1
  5.4570865e+004  3.6500786e+001  3.2812568e-001  3.6772400e+004         1
  5.4729264e+004  3.6791050e+001  4.3912743e-001  3.6773400e+004         1
  5.4954458e+004  3.6656147e+001  6.1168189e-001  3.6775400e+004         1
  5.5071023e+004  3.6262055e+001  1.1094423e-001  3.6776400e+004         1
  5.5227070e+004  3.6081349e+001  3.9726705e-001  3.6777400e+004         1
  5.5280404e+004  3.5079185e+001  2.7755325e-002  3.6778400e+004         1
  5.5364268e+004  3.6239497e+001  3.2852072e-001  3.6779400e+004         1
  5.5640991e+004  3.5605665e+001  2.6090788e-001  3.6781400e+004         1
  5.5773818e+004  3.6530616e+001  6.1041586e-001  3.6782400e+004         1
  5.5809154e+004  3.6730336e+001  1.2659860e+000  3.6783400e+004         1
  5.5959013e+004  3.6583303e+001  2.0628280e-001  3.6784400e+004         1
  5.6170031e+004  3.5508725e+001 -3.4194323e-001  3.6785400e+004         1
  5.6262326e+004  3.6060256e+001  6.3672574e-001  3.6786400e+004         1
  5.6406763e+004  3.5755067e+001  7.5968946e-001  3.6787400e+004         1
  5.6448313e+004  3.5466380e+001  6.9247991e-001  3.6788400e+004         1
  5.6590654e+004  3.5588600e+001 -1.8837956e-001  3.6789400e+004         1
  5.6699349e+004  3.6348273e+001  7.5056933e-001  3.6790400e+004         1
  5.6778565e+004  3.5457719e+001 -8.0646661e-002  3.6791400e+004         1
  5.7068543e+004  3.6087422e+001  1.1331584e-001  3.6792400e+004         1
  5.6985322e+004  3.5191277e+001  7.0421748e-001  3.6793400e+004         1
  5.7169762e+004  3.6288798e+001  5.7196711e-001  3.6794400e+004         1
  5.7185439e+004  3.5956176e+001  1.2608254e+000  3.6795400e+004         1
  5.7299973e+004  3.5575814e+001  1.9959784e-001  3.6796400e+004         1
  5.7508369e+004  3.5785011e+001  2.4880847e-001  3.6797400e+004         1
  5.7568449e+004  3.5930209e+001 -3.5159970e-001  3.6798400e+004         1
  5.7720957e+004  3.5293818e+001  5.7626429e-001  3.6799400e+004         1
  5.7769327e+004  3.5585607e+001  2.7436007e-001  3.6800400e+004         1
  5.7888788e+004  3.5511832e+001 -3.6034576e-001  3.6801400e+004         1
  5.8004663e+004  3.5088917e+001  6.3573934e-001  3.6802400e+004         1
  5.8165771e+004  3.5810787e+001  3.0842359e-001  3.6803400e+004         1
  5.8277015e+004  3.5355124e+001  5.8423290e-001  3.6804400e+004         1
  5.8406289e+004  3.4959080e+001 -3.6674858e-001  3.6805400e+004         1
  5.8452798e+004  3.5502169e+001  2.1621121e-001  3.6806400e+004         1
  5.8406879e+004  3.5541084e+001  2.4342390e-001  3.6807400e+004         1
  5.8684839e+004  3.4691187e+001  6.3329041e-002  3.6808400e+004         1
  5.8797870e+004  3.4715100e+001 -5.2885511e-001  3.6809400e+004         1
  5.8881413e+004  3.5573556e+001  3.8786375e-001  3.6810400e+004         1
  5.8988023e+004  3.4696753e+001 -3.5560484e-002  3.6811400e+004         1
  5.9012489e+004  3.5026464e+001 -1.2633885e-002  3.6812400e+004         1
  5.9151378e+004  3.4940390e+001  1.4449256e-001  3.6813400e+004         1
  5.9304943e+004  3.5097653e+001 -2.4199932e-001  3.6814400e+004         1
  5.9275619e+004  3.6085952e+001  7.3271539e-001  3.6815400e+004         1
  5.9424234e+004  3.4555344e+001  5.6178246e-001  3.6816400e+004         1
  5.9647838e+004  3.4921340e+001 -4.5569687e-001  3.6818400e+004         1
  5.9747851e+004  3.5691049e+001  1.8417907e-001  3.6819400e+004         1
  5.9809425e+004  3.4647645e+001 -1.2764109e-001  3.6820400e+004         1
  6.0029293e+004  3.4631877e+001  5.1326963e-001  3.6821400e+004         1
  6.0066583e+004  3.5319843e+001  3.8596460e-001  3.6822400e+004         1
  6.0115466e+004  3.4745780e+001  2.6108877e-001  3.6823400e+004         1
  6.0263664e+004  3.5292777e+001  2.3773984e-001  3.6824400e+004         1
  6.0240227e+004  3.4448559e+001 -2.1797792e-001  3.6825400e+004         1
  6.0471701e+004  3.5339843e+001  1.0598224e+000  3.6826400e+004         1
  6.0524190e+004  3.5029789e+001  5.3628345e-001  3.6827400e+004         1
  6.0673736e+004  3.4083049e+001  5.5497321e-001  3.6828400e+004         1
  6.0691460e+004  3.4370179e+001  8.4974564e-001  3.6829400e+004         1
  6.0762411e+004  3.4705792e+001  1.1398534e+000  3.6830400e+004         1
  6.0934661e+004  3.4216830e+001  1.0038292e+000  3.6831400e+004         1
  6.1041011e+004  3.4183617e+001  6.7398532e-001  3.6832400e+004         1
  6.1052208e+004  3.4552796e+001  1.5043551e-001  3.6833400e+004         1
  6.1193212e+004  3.4433551e+001 -8.3842266e-002  3.6834400e+004         1
  6.1340007e+004  3.5180179e+001 -1.3604140e-001  3.6835400e+004         1
  6.1502601e+004  3.4308086e+001  4.6435416e-002  3.6837400e+004         1
  6.1555939e+004  3.4217321e+001  6.7867842e-001  3.6838400e+004         1
  6.1732170e+004  3.4577882e+001  1.6458724e-001  3.6839400e+004         1
  6.1824042e+004  3.4081975e+001  7.9925283e-001  3.6840400e+004         1
  6.1895722e+004  3.4326789e+001  4.7052305e-001  3.6841400e+004         1
  6.1998324e+004  3.5043295e+001  5.6796849e-001  3.6843400e+004         1
  6.2304721e+004  3.4474393e+001  4.4153127e-001  3.6844400e+004         1
  6.2218448e+004  3.3523869e+001  1.5462131e-001  3.6845400e+004         1
  6.2402013e+004  3.4081797e+001  1.0316873e+000  3.6846400e+004         1
  6.2475865e+004  3.4073759e+001  7.8551071e-001  3.6847400e+004         1
  6.2599526e+004  3.3897700e+001  1.6496959e-001  3.6848400e+004         1
  6.2692910e+004  3.3832961e+001 -9.9733250e-002  3.6849400e+004         1
  6.2741504e+004  3.4267868e+001  1.8542347e-001  3.6850400e+004         1
  6.2733377e+004  3.4288833e+001  1.0680158e+000  3.6851400e+004         1
  6.3006424e+004  3.3986111e+001  3.9950613e-001  3.6852400e+004         1
  6.3065303e+004  3.3729539e+001  1.8691928e-001  3.6853400e+004         1
  6.3136342e+004  3.4376421e+001  1.3440623e+000  3.6854400e+004         1
  6.3266962e+004  3.3444861e+001  8.5074500e-001  3.6855400e+004         1
  6.3559159e+004  3.3548407e+001  4.2270758e-001  3.6857400e+004         1
  6.3570965e+004  3.4881146e+001  1.4338070e+000  3.6858400e+004         1
  6.3570553e+004  3.3797746e+001 -5.7113077e-003  3.6859400e+004         1
  6.3712467e+004  3.3956142e+001  1.1769716e+000  3.6860400e+004         1
  6.3858331e+004  3.4372875e+001  8.2025297e-001  3.6861400e+004         1
  6.4027695e+004  3.4236284e+001  1.8311300e-001  3.6862400e+004         1
  6.4066000e+004  3.3509917e+001  5.8957127e-001  3.6863400e+004         1
  6.4176283e+004  3.3967286e+001  7.3015066e-001  3.6864400e+004         1
  6.4299346e+004  3.3939238e+001  3.5510465e-001  3.6865400e+004         1
  6.4431861e+004  3.4362551e+001  1.1955440e-001  3.6866400e+004         1
  6.4484888e+004  3.3667234e+001 -2.7761555e-002  3.6867400e+004         1
  6.4544572e+004  3.3865334e+001  9.6829764e-001  3.6868400e+004         1
  6.4730123e+004  3.4212761e+001 -6.7208480e-001  3.6869400e+004         1
  6.4796332e+004  3.3908591e+001 -1.9584544e-001  3.6870400e+004         1
  6.4905132e+004  3.3514567e+001  5.4588219e-001  3.6871400e+004         1
  6.4866158e+004  3.3799511e+001  8.0063919e-001  3.6872400e+004         1
  6.5030099e+004  3.2757685e+001  3.0433251e-001  3.6874400e+004         1
  5.6774487e+004  1.7360965e+002 -1.1712005e-001  3.6919400e+004         2
  5.6861941e+004  1.7389447e+002  2.1262308e-002  3.6920400e+004         2
  5.6846594e+004  1.7422286e+002  6.4455499e-001  3.6921400e+004         2
  5.6938998e+004  1.7413104e+002  3.0002694e-001  3.6922400e+004         2
  5.7233682e+004  1.7480905e+002  6.5434725e-002  3.6924400e+004         2
  5.7408335e+004  1.7491665e+002  5.9202802e-001  3.6925400e+004         2
  5.7447025e+004  1.7473106e+002  1.1859445e-001  3.6926400e+004         2
  5.7602518e+004  1.7488349e+002  2.3431708e-001  3.6927400e+004         2
  5.7744755e+004  1.7430283e+002  4.0457438e-001  3.6928400e+004         2
  5.7944101e+004  1.7477033e+002  2.6785927e-001  3.6930400e+004         2
  5.8072339e+004  1.7465929e+002  4.8521215e-001  3.6931400e+004         2
  5.8374114e+004  1.7486398e+002  8.3507529e-001  3.6933400e+004         2
  5.8422367e+004  1.7483119e+002  8.7352114e-002  3.6934400e+004         2
  5.8585241e+004  1.7497749e+002  4.2238540e-001  3.6935400e+004         2
  5.8645295e+004  1.7467906e+002  3.0098900e-001  3.6936400e+004         2
  5.8812413e+004  1.7557343e+002  1.8522588e-001  3.6937400e+004         2
  5.8876406e+004  1.7530137e+002  3.6796932e-002  3.6938400e+004         2
  5.9011345e+004  1.7508870e+002  3.2936827e-001  3.6939400e+004         2
  5.9272052e+004  1.7478157e+002  3.1058166e-001  3.6940400e+004         2
  5.9411326e+004  1.7471827e+002  6.3127556e-001  3.6942400e+004         2
  5.9532432e+004  1.7499260e+002  3.9415456e-001  3.6943400e+004         2
  5.9532265e+004  1.7462084e+002  4.4380997e-001  3.6944400e+004         2
  5.9728151e+004  1.7469576e+002  4.6387515e-002  3.6945400e+004         2
  5.9827516e+004  1.7491837e+002  1.9007603e-001  3.6946400e+004         2
  6.0026571e+004  1.7491477e+002  8.6077040e-001  3.6947400e+004         2
  6.0031008e+004  1.7505813e+002  5.9440996e-001  3.6948400e+004         2
  6.0211530e+004  1.7536176e+002  5.0259136e-001  3.6949400e+004         2
  6.0297799e+004  1.7475757e+002  1.7678251e-001  3.6950400e+004         2
  6.0465588e+004  1.7602344e+002  3.5963580e-001  3.6951400e+004         2
  6.0620289e+004  1.7575077e+002  1.3222688e-001  3.6952400e+004         2
  6.0700270e+004  1.7550635e+002  5.1376897e-001  3.6953400e+004         2
  6.0784515e+004  1.7543697e+002  6.5519942e-002  3.6954400e+004         2
  6.0903758e+004  1.7563053e+002  4.2934686e-002  3.6955400e+004         2
  6.1017409e+004  1.7535670e+002  6.5516384e-001  3.6956400e+004         2
  6.1159892e+004  1.7500066e+002  4.5152073e-003  3.6957400e+004         2
  6.1240828e+004  1.7581663e+002  6.9554247e-001  3.6958400e+004         2
  6.1405132e+004  1.7583767e+002  3.8804091e-001  3.6959400e+004         2
  6.1526699e+004  1.7546709e+002  5.5321325e-001  3.6960400e+004         2
  6.1580031e+004  1.7548869e+002  2.9957074e-001  3.6961400e+004         2
  6.1777911e+004  1.7542047e+002  1.1066125e+000  3.6962400e+004         2
  6.1837899e+004  1.7579689e+002  1.1052378e+000  3.6963400e+004         2
  6.1889510e+004  1.7552631e+002 -1.1042866e-001  3.6964400e+004         2
  6.2034958e+004  1.7569061e+002  7.1615744e-001  3.6965400e+004         2
  6.2160985e+004  1.7510135e+002  4.8290249e-001  3.6966400e+004         2
  6.2293129e+004  1.7500227e+002  1.3338757e-001  3.6968400e+004         2
  6.2456505e+004  1.7567100e+002  2.9962778e-001  3.6969400e+004         2
  6.2462612e+004  1.7545380e+002  2.6119587e-001  3.6970400e+004         2
  6.2655937e+004  1.7514651e+002  4.9926761e-001  3.6971400e+004         2
  6.2662298e+004  1.7498969e+002 -4.2851283e-002  3.6972400e+004         2
  6.2700704e+004  1.7491913e+002 -1.6769945e-002  3.6973400e+004         2
  6.2855628e+004  1.7459400e+002  2.8335528e-001  3.6974400e+004         2
  6.2894931e+004  1.7476357e+002  4.0582619e-001  3.6975400e+004         2
  6.2895180e+004  1.7471054e+002  7.9238504e-001  3.6976400e+004         2
  6.2908710e+004  1.7457388e+002  2.6073610e-001  3.6977400e+004         2
  6.2995530e+004  1.7409549e+002  1.9269810e-001  3.6978400e+004         2
  6.3031718e+004  1.7430815e+002  3.4138977e-001  3.6979400e+004         2
  6.3076634e+004  1.7419458e+002  4.2663401e-001  3.6980400e+004         2
  6.3126758e+004  1.7418140e+002  2.1522049e-001  3.6982400e+004         2
  6.3062957e+004  1.7339450e+002  2.1745700e-001  3.6983400e+004         2
  6.3140249e+004  1.7382637e+002  9.0955858e-002  3.6984400e+004         2
  6.3199386e+004  1.7395362e+002  1.0199734e+000  3.6985400e+004         2
  6.3177104e+004  1.7345080e+002  2.3099118e-001  3.6986400e+004         2
  6.3098122e+004  1.7344959e+002  5.1505663e-001  3.6987400e+004         2
  6.3175415e+004  1.7372798e+002  6.1417619e-001  3.6988400e+004         2
  6.3088649e+004  1.7350988e+002  4.1221898e-001  3.6990400e+004         2
  6.3096890e+004  1.7348431e+002  3.4185972e-001  3.6991400e+004         2
  6.3033955e+004  1.7299019e+002  5.6667353e-001  3.6992400e+004         2
  6.3018408e+004  1.7300581e+002  1.9074589e-001  3.6993400e+004         2
  6.2954178e+004  1.7245300e+002  3.5475630e-001  3.6994400e+004         2
  6.2883856e+004  1.7325752e+002  4.7075236e-001  3.6995400e+004         2
  6.2818729e+004  1.7261934e+002  3.7630952e-001  3.6996400e+004         2
  6.2743693e+004  1.7275873e+002  8.3193242e-001  3.6997400e+004         2
  6.2712926e+004  1.7229962e+002  1.4645321e-001  3.6998400e+004         2
  6.2594714e+004  1.7198357e+002 -1.4622490e-001  3.6999400e+004         2
  6.2481801e+004  1.7302639e+002 -3.5728263e-001  3.7000400e+004         2
  6.2420278e+004  1.7211318e+002  4.3162796e-001  3.7001400e+004         2
  6.2357797e+004  1.7230311e+002 -1.8069413e-001  3.7002400e+004         2
  6.2210571e+004  1.7257609e+002  3.6614907e-001  3.7003400e+004         2
  6.2143788e+004  1.7177020e+002  7.3994222e-001  3.7004400e+004         2
  6.2008471e+004  1.7204183e+002  3.5749800e-001  3.7005400e+004         2
  6.1955402e+004  1.7228437e+002  9.1562713e-001  3.7006400e+004         2
  6.1624252e+004  1.7156096e+002  3.1777518e-001  3.7008400e+004         2
  6.1584646e+004  1.7179006e+002  5.5148090e-001  3.7009400e+004         2
  6.1391847e+004  1.7230811e+002  3.9313190e-001  3.7010400e+004         2
  6.1377420e+004  1.7226679e+002  2.8061915e-001  3.7011400e+004         2
  6.1185460e+004  1.7215198e+002  4.4996681e-001  3.7012400e+004         2
  6.1030378e+004  1.7223176e+002  8.7939863e-001  3.7013400e+004         2
  6.0903133e+004  1.7208341e+002  1.6831460e-001  3.7014400e+004         2
  6.0845651e+004  1.7215514e+002  1.3452670e-001  3.7015400e+004         2
  6.0659079e+004  1.7198369e+002 -1.1137402e-001  3.7016400e+004         2
  6.0557095e+004  1.7208461e+002  2.2216732e-001  3.7017400e+004         2
  6.0491783e+004  1.7246111e+002  2.3817129e-002  3.7018400e+004         2
  6.0325170e+004  1.7231033e+002 -1.3235358e-001  3.7019400e+004         2
  6.0236099e+004  1.7233060e+002  9.1230391e-002  3.7020400e+004         2
  6.0111756e+004  1.7275381e+002  9.1405734e-001  3.7021400e+004         2
  6.0019740e+004  1.7262379e+002  3.3936289e-001  3.7023400e+004         2
  5.9867797e+004  1.7284952e+002 -4.9212821e-002  3.7024400e+004         2
  5.9969307e+004  1.7289159e+002  4.4135814e-001  3.7025400e+004         2
  5.9743791e+004  1.7319049e+002  4.7202456e-001  3.7026400e+004         2
  5.9762066e+004  1.7301684e+002  5.3864472e-001  3.7027400e+004         2
  5.9676402e+004  1.7350472e+002  8.2785011e-001  3.7028400e+004         2
  5.9646188e+004  1.7352331e+002  6.4392335e-001  3.7029400e+004         2
  5.9568605e+004  1.7381995e+002  3.0066725e-001  3.7031400e+004         2
  5.9538178e+004  1.7424934e+002  1.7857668e-001  3.7033400e+004         2
  5.9468127e+004  1.7389473e+002  2.6804218e-001  3.7034400e+004         2
  5.9445176e+004  1.7411908e+002  1.4761608e-001  3.7035400e+004         2
  5.9424063e+004  1.7412554e+002  1.3995676e+000  3.7036400e+004         2
  5.9450304e+004  1.7405861e+002  1.5251538e-001  3.7038400e+004         2
  5.9424669e+004  1.7470266e+002  3.6048971e-001  3.7039400e+004         2
  5.9352860e+004  1.7467484e+002  6.7004401e-001  3.7040400e+004         2
  5.9385551e+004  1.7498561e+002  5.0375531e-001  3.7041400e+004         2
  5.9369729e+004  1.7477533e+002 -2.8124281e-001  3.7042400e+004         2
  5.9349218e+004  1.7526509e+002  2.6057000e-001  3.7043400e+004         2
  5.9321738e+004  1.7448422e+002  3.5806896e-001  3.7044400e+004         2
  5.9402826e+004  1.7576538e+002  2.1921615e-001  3.7045400e+004         2
  5.9373614e+004  1.7571565e+002  6.1746282e-001  3.7046400e+004         2
  5.9358169e+004  1.7554849e+002  4.8862175e-001  3.7047400e+004         2
  5.9392036e+004  1.7578534e+002  2.3838257e-001  3.7048400e+004         2
  5.9282961e+004  1.7534216e+002  6.9314615e-001  3.7049400e+004         2
  5.9396875e+004  1.7625511e+002  6.6330385e-002  3.7050400e+004         2
  5.9377660e+004  1.7604410e+002  2.7195373e-001  3.7051400e+004         2
  5.9350974e+004  1.7590887e+002  2.6723644e-001  3.7052400e+004         2
  5.9422668e+004  1.7579851e+002  4.9831527e-001  3.7053400e+004         2
  5.9460697e+004  1.7643403e+002  7.8786362e-002  3.7054400e+004         2
  5.9490689e+004  1.7615411e+002  3.2886164e-001  3.7055400e+004         2
  5.9467970e+004  1.7669321e+002  6.6040418e-001  3.7056400e+004         2
  5.9535012e+004  1.7619645e+002  4.7907442e-001  3.7057400e+004         2
  5.9629680e+004  1.7680575e+002  4.0732622e-001  3.7058400e+004         2
  5.9515492e+004  1.7638924e+002  4.3363280e-001  3.7059400e+004         2
  5.9707531e+004  1.7677711e+002  3.4810125e-001  3.7061400e+004         2
  5.9743112e+004  1.7759644e+002 -6.1695610e-002  3.7062400e+004         2
  5.9822514e+004  1.7652541e+002  4.6697616e-001  3.7063400e+004         2
  5.9899579e+004  1.7742496e+002  6.0379297e-001  3.7064400e+004         2
  5.9961929e+004  1.7723838e+002  3.9111799e-001  3.7065400e+004         2
  6.0030591e+004  1.7718037e+002  3.0350430e-001  3.7066400e+004         2
  6.0251804e+004  1.7720280e+002  7.3018574e-001  3.7068400e+004         2
  6.0461168e+004  1.7701113e+002  5.5143102e-001  3.7070400e+004         2
  6.0634674e+004  1.7716854e+002  3.2523525e-001  3.7071400e+004         2
  6.0746924e+004  1.7727178e+002  2.2085157e-001  3.7072400e+004         2
  6.0842822e+004  1.7755183e+002 -6.0420742e-002  3.7073400e+004         2
  6.0866877e+004  1.7755181e+002  3.3381090e-001  3.7074400e+004         2
  6.0935620e+004  1.7735533e+002  4.3682430e-001  3.7075400e+004         2
  6.1050110e+004  1.7686064e+002  4.8162340e-001  3.7076400e+004         2
  6.1192658e+004  1.7767184e+002 -2.3209688e-002  3.7077400e+004         2
  6.1316739e+004  1.7746619e+002 -4.5926750e-002  3.7078400e+004         2
  6.1497268e+004  1.7670291e+002  3.3538313e-001  3.7079400e+004         2
  6.1436697e+004  1.7683774e+002  3.4930457e-001  3.7080400e+004         2
  6.1640295e+004  1.7676413e+002  7.8217513e-001  3.7082400e+004         2
  6.1678841e+004  1.7703262e+002  1.8263477e-001  3.7083400e+004         2
  6.1738272e+004  1.7642150e+002  2.5330377e-001  3.7084400e+004         2
  6.1850562e+004  1.7687486e+002 -4.0440589e-001  3.7086400e+004         2
  6.1977910e+004  1.7615265e+002  1.6529630e-001  3.7088400e+004         2
  6.2059600e+004  1.7648641e+002  6.0570284e-002  3.7089400e+004         2
  6.2090458e+004  1.7595986e+002  4.2145880e-001  3.7091400e+004         2
  6.2208123e+004  1.7601360e+002  9.0939410e-001  3.7092400e+004         2
  6.2205312e+004  1.7586897e+002  1.9000438e-001  3.7093400e+004         2
  6.2316369e+004  1.7571825e+002  3.8949336e-001  3.7095400e+004         2
  6.2388724e+004  1.7513023e+002  1.4080095e-001  3.7096400e+004         2
  6.2394495e+004  1.7558681e+002 -1.7323489e-001  3.7097400e+004         2
  6.2410159e+004  1.7473619e+002  1.1880297e-001  3.7098400e+004         2
  6.2514122e+004  1.7523774e+002 -1.4935083e-001  3.7099400e+004         2
  6.2678649e+004  1.7522568e+002  8.6254327e-002  3.7101400e+004         2
  6.2721881e+004  1.7498991e+002  5.5286607e-001  3.7102400e+004         2
  6.2737857e+004  1.7485417e+002  2.8373519e-001  3.7103400e+004         2
  6.2853337e+004  1.7496518e+002  4.7368740e-001  3.7105400e+004         2
  6.2934894e+004  1.7428693e+002 -1.9402971e-001  3.7106400e+004         2
  6.2946691e+004  1.7453122e+002 -3.2787601e-001  3.7107400e+004         2
  6.3054155e+004  1.7406519e+002  1.1947857e-001  3.7109400e+004         2
  6.3185319e+004  1.7465455e+002  1.0063785e-001  3.7110400e+004         2
  6.3224611e+004  1.7407343e+002 -2.5732765e-001  3.7111400e+004         2
  6.3300409e+004  1.7438490e+002  5.1811565e-001  3.7112400e+004         2
  6.3382935e+004  1.7359421e+002  1.8209755e-001  3.7114400e+004         2
  6.3419929e+004  1.7381209e+002  3.3311229e-001  3.7115400e+004         2
  6.3478848e+004  1.7372499e+002  1.1079142e-001  3.7117400e+004         2
  6.3463455e+004  1.7331911e+002  2.4483118e-001  3.7118400e+004         2
  6.3469370e+004  1.7370696e+002 -2.8664059e-001  3.7119400e+004         2
  1.8367969e+004  2.8083897e+002  1.6741423e+000  3.7119400e+004         3
  6.3348411e+004  1.7352657e+002 -1.2106050e-001  3.7120400e+004         2
  1.8346506e+004  2.8177676e+002  2.0385747e+000  3.7120400e+004         3
  6.3498511e+004  1.7328860e+002  5.1951035e-002  3.7121400e+004         2
  1.8245928e+004  2.8242395e+002  1.5821297e+000  3.7121400e+004         3
  6.3428971e+004  1.7335868e+002 -2.6266397e-001  3.7122400e+004         2
  1.8221112e+004  2.8043114e+002  1.3639304e+000  3.7122400e+004         3
  6.3443960e+004  1.7265767e+002  4.0158145e-001  3.7123400e+004         2
  1.7904932e+004  2.8145596e+002  2.0633227e+000  3.7124400e+004         3
  6.3283056e+004  1.7303095e+002  4.5967149e-001  3.7125400e+004         2
  1.7808545e+004  2.8257160e+002  1.7014494e+000  3.7125400e+004         3
  6.3330264e+004  1.7245785e+002  3.9993494e-001  3.7126400e+004         2
  1.7786540e+004  2.8286517e+002  1.0916798e+000  3.7126400e+004         3
  6.3227841e+004  1.7225971e+002  5.6215337e-001  3.7127400e+004         2
  1.7612500e+004  2.8317052e+002  1.6117615e+000  3.7127400e+004         3
  6.3235118e+004  1.7309663e+002 -1.0201093e-001  3.7128400e+004         2
  1.7607314e+004  2.8321404e+002  2.3242156e+000  3.7128400e+004         3
  1.7466320e+004  2.8242017e+002  2.2500735e+000  3.7129400e+004         3
  6.3104075e+004  1.7281878e+002  4.9879213e-001  3.7130400e+004         2
  1.7481015e+004  2.8438705e+002  1.9217615e+000  3.7130400e+004         3
  6.2990668e+004  1.7249254e+002  1.2067872e+000  3.7131400e+004         2
  1.7413113e+004  2.8325966e+002  2.3562878e+000  3.7131400e+004         3
  6.3011846e+004  1.7246822e+002  3.2927647e-001  3.7132400e+004         2
  1.7361433e+004  2.8399037e+002  1.4854239e+000  3.7132400e+004         3
  6.2816482e+004  1.7265096e+002  2.2490361e-001  3.7133400e+004         2
  1.7424515e+004  2.8476730e+002  2.1352473e+000  3.7133400e+004         3
  6.2786884e+004  1.7174584e+002 -2.7620709e-001  3.7134400e+004         2
  1.7308741e+004  2.8523343e+002  1.5339190e+000  3.7134400e+004         3
  6.2624848e+004  1.7188363e+002  2.2995724e-001  3.7135400e+004         2
  1.7275642e+004  2.8575239e+002  2.4391032e+000  3.7135400e+004         3
  6.2560296e+004  1.7218325e+002 -7.2245936e-002  3.7136400e+004         2
  1.7312543e+004  2.8580696e+002  1.6402662e+000  3.7136400e+004         3
  6.2386863e+004  1.7193473e+002  4.7705882e-001  3.7137400e+004         2
  1.7326159e+004  2.8597500e+002  1.6613011e+000  3.7137400e+004         3
  6.2387901e+004  1.7217072e+002  5.7433134e-001  3.7138400e+004         2
  1.7360706e+004  2.8666097e+002  1.8128439e+000  3.7138400e+004         3
  6.2231989e+004  1.7171973e+002  2.9167585e-001  3.7139400e+004         2
  6.2205382e+004  1.7237222e+002  3.0662408e-001  3.7140400e+004         2
  1.7360432e+004  2.8786324e+002  1.8256710e+000  3.7140400e+004         3
  6.2053452e+004  1.7175787e+002  2.4195276e-001  3.7141400e+004         2
  1.7513510e+004  2.8738810e+002  2.1353428e+000  3.7141400e+004         3
  6.1923478e+004  1.7230585e+002  5.0379260e-001  3.7142400e+004         2
  1.7475427e+004  2.8806354e+002  1.9097299e+000  3.7142400e+004         3
  1.7606299e+004  2.8741129e+002  2.0021426e+000  3.7143400e+004         3
  6.1707521e+004  1.7174028e+002  3.9955844e-001  3.7144400e+004         2
  1.7621345e+004  2.8933441e+002  2.3593984e+000  3.7144400e+004         3
  6.1646423e+004  1.7241247e+002  4.8068014e-001  3.7145400e+004         2
  1.7691758e+004  2.8886797e+002  2.4036799e+000  3.7145400e+004         3
  6.1472784e+004  1.7152233e+002  1.5110042e-001  3.7146400e+004         2
  1.7907559e+004  2.8840800e+002  8.6327387e-001  3.7146400e+004         3
  6.1430459e+004  1.7247174e+002  3.2777467e-001  3.7147400e+004         2
  1.7903448e+004  2.8881508e+002  1.4244124e+000  3.7147400e+004         3
  6.1305185e+004  1.7275419e+002  6.9008892e-001  3.7148400e+004         2
  1.7928777e+004  2.8891338e+002  1.3435974e+000  3.7148400e+004         3
  6.1218270e+004  1.7201608e+002  4.0364287e-001  3.7149400e+004         2
  1.8101084e+004  2.8952614e+002  1.2844891e+000  3.7149400e+004         3
  6.1167158e+004  1.7198058e+002  4.3342882e-001  3.7150400e+004         2
  1.8266750e+004  2.8992222e+002  8.5655718e-001  3.7150400e+004         3
  6.1044014e+004  1.7277155e+002  3.7076877e-001  3.7151400e+004         2
  6.1018669e+004  1.7312660e+002  9.3658821e-002  3.7152400e+004         2
  1.8547618e+004  2.8999290e+002  2.4086893e+000  3.7152400e+004         3
  6.0889103e+004  1.7245843e+002  7.9106610e-002  3.7153400e+004         2
  1.8636771e+004  2.8939422e+002  1.4279175e+000  3.7153400e+004         3
  1.8784204e+004  2.8928470e+002  1.7854317e+000  3.7154400e+004         3
  6.0845694e+004  1.7273002e+002  6.1340862e-001  3.7155400e+004         2
  6.0793686e+004  1.7279715e+002  8.0942468e-002  3.7156400e+004         2
  1.9061507e+004  2.8914952e+002  1.4380902e+000  3.7156400e+004         3
  6.0743945e+004  1.7303766e+002  6.2562049e-001  3.7157400e+004         2
  1.9181631e+004  2.8892575e+002  7.6663599e-001  3.7157400e+004         3
  6.0788639e+004  1.7322997e+002  6.0870086e-001  3.7158400e+004         2
  1.9251019e+004  2.8940763e+002  1.7262094e+000  3.7158400e+004         3
  6.0702634e+004  1.7354386e+002  1.7823111e-001  3.7159400e+004         2
  1.9461279e+004  2.8854244e+002  9.1310864e-001  3.7159400e+004         3
  1.9556260e+004  2.8867078e+002  2.2844913e+000  3.7160400e+004         3
  6.0647027e+004  1.7380027e+002  4.7372197e-001  3.7161400e+004         2
  1.9676519e+004  2.8920954e+002  2.0337882e+000  3.7161400e+004         3
  6.0527768e+004  1.7371663e+002  3.5012678e-001  3.7162400e+004         2
  1.9785184e+004  2.8813722e+002  2.1521111e+000  3.7162400e+004         3
  6.0506726e+004  1.7377316e+002  1.1869868e+000  3.7163400e+004         2
  2.0007439e+004  2.8863669e+002  2.3791167e+000  3.7163400e+004         3
  6.0582761e+004  1.7433123e+002  1.2832954e-001  3.7164400e+004         2
  1.9997482e+004  2.8933871e+002  9.4171282e-001  3.7164400e+004         3
  6.0465793e+004  1.7430735e+002  7.0691694e-001  3.7165400e+004         2
  2.0221168e+004  2.8871764e+002  1.4441421e+000  3.7165400e+004         3
  6.0524568e+004  1.7452052e+002  1.3392549e-001  3.7166400e+004         2
  6.0425586e+004  1.7449730e+002  6.5977563e-001  3.7167400e+004         2
  2.0442270e+004  2.8817939e+002  1.1897758e+000  3.7167400e+004         3
  6.0370144e+004  1.7449019e+002  5.1983284e-001  3.7168400e+004         2
  2.0684301e+004  2.8838357e+002  1.2397029e+000  3.7168400e+004         3
  6.0401904e+004  1.7444331e+002  4.4098692e-001  3.7169400e+004         2
  2.0751698e+004  2.8785053e+002  1.8856199e+000  3.7169400e+004         3
  6.0385720e+004  1.7436537e+002  3.0012511e-001  3.7170400e+004         2
  2.0827017e+004  2.8752268e+002  1.8295262e+000  3.7170400e+004         3
  6.0211688e+004  1.7526264e+002  1.1431424e+000  3.7171400e+004         2
  2.0918528e+004  2.8852055e+002  1.6329262e+000  3.7171400e+004         3
  6.0293682e+004  1.7486750e+002  4.1596238e-001  3.7172400e+004         2
  2.1091348e+004  2.8880552e+002  1.4828097e+000  3.7172400e+004         3
  6.0256375e+004  1.7561049e+002  4.6444642e-002  3.7173400e+004         2
  2.1204216e+004  2.8810886e+002  1.9709842e+000  3.7173400e+004         3
  6.0237059e+004  1.7520295e+002  7.3190336e-001  3.7174400e+004         2
  2.1277879e+004  2.8805249e+002  2.1123864e+000  3.7174400e+004         3
  2.1409731e+004  2.8854189e+002  1.5559973e+000  3.7175400e+004         3
  6.0178251e+004  1.7563265e+002  1.8448276e-001  3.7176400e+004         2
  2.1524752e+004  2.8722809e+002  1.5703088e+000  3.7176400e+004         3
  2.1706962e+004  2.8715603e+002  2.1439340e+000  3.7177400e+004         3
  2.1711479e+004  2.8832747e+002  1.1792043e+000  3.7178400e+004         3
  6.0184212e+004  1.7572134e+002  5.2740165e-001  3.7179400e+004         2
  2.1935203e+004  2.8727298e+002  3.3053139e-002  3.7179400e+004         3
  2.2017012e+004  2.8732515e+002  1.6641124e+000  3.7180400e+004         3
  6.0217765e+004  1.7625169e+002  2.6507455e-001  3.7181400e+004         2
  2.2192271e+004  2.8761070e+002  9.4950425e-001  3.7181400e+004         3
  6.0175931e+004  1.7604378e+002  2.7070176e-001  3.7182400e+004         2
  2.2451492e+004  2.8690085e+002  9.6865261e-001  3.7183400e+004         3
  6.0169879e+004  1.7663182e+002  7.6670152e-001  3.7184400e+004         2
  2.2523856e+004  2.8764571e+002  1.4021468e+000  3.7184400e+004         3
  6.0047274e+004  1.7624012e+002  4.3956252e-001  3.7185400e+004         2
  2.2625612e+004  2.8807828e+002  1.8238500e+000  3.7185400e+004         3
  6.0248674e+004  1.7702452e+002  4.3102541e-001  3.7186400e+004         2
  2.2648528e+004  2.8718972e+002  1.1228565e+000  3.7186400e+004         3
  6.0143230e+004  1.7726436e+002  3.1801510e-001  3.7187400e+004         2
  2.2819024e+004  2.8722579e+002  1.6430673e+000  3.7187400e+004         3
  6.0267512e+004  1.7683415e+002  1.0246781e-001  3.7188400e+004         2
  6.0275426e+004  1.7649148e+002 -2.5752027e-001  3.7189400e+004         2
  2.2813893e+004  2.8547285e+002  8.5689612e-001  3.7189400e+004         3
  6.0339600e+004  1.7711513e+002 -1.8759241e-001  3.7190400e+004         2
  2.2972945e+004  2.8597499e+002  1.4265408e+000  3.7190400e+004         3
  6.0372609e+004  1.7760689e+002  2.2227425e-001  3.7191400e+004         2
  6.0527392e+004  1.7741040e+002 -9.4763139e-002  3.7192400e+004         2
  2.3054150e+004  2.8607304e+002  1.0776206e+000  3.7192400e+004         3
  2.3145003e+004  2.8553386e+002  1.0480068e+000  3.7193400e+004         3
  6.0590684e+004  1.7721061e+002  4.3998421e-002  3.7194400e+004         2
  2.3191162e+004  2.8507630e+002  1.2164327e+000  3.7194400e+004         3
  6.0729355e+004  1.7739891e+002  4.1230962e-001  3.7195400e+004         2
  6.0851682e+004  1.7697106e+002  2.4379937e-001  3.7196400e+004         2
  2.3154720e+004  2.8459998e+002  1.2723745e+000  3.7196400e+004         3
  6.0900465e+004  1.7737713e+002  1.5735130e-001  3.7197400e+004         2
  2.3224962e+004  2.8419652e+002  1.4921428e+000  3.7197400e+004         3
  6.1088755e+004  1.7759383e+002  6.0638933e-001  3.7198400e+004         2
  2.3274561e+004  2.8412950e+002  1.1793713e+000  3.7198400e+004         3
  6.1112999e+004  1.7741113e+002  6.2444189e-001  3.7199400e+004         2
  2.3161968e+004  2.8346369e+002  6.9205088e-001  3.7199400e+004         3
  6.1241417e+004  1.7727080e+002 -2.5146257e-001  3.7200400e+004         2
  2.3188125e+004  2.8415522e+002  1.3389675e+000  3.7200400e+004         3
  6.1345858e+004  1.7709861e+002  1.0011287e-001  3.7201400e+004         2
  2.3230804e+004  2.8283581e+002  9.9422625e-001  3.7201400e+004         3
  6.1459536e+004  1.7739456e+002  6.8587189e-001  3.7202400e+004         2
  6.1577034e+004  1.7747802e+002  2.1714580e-001  3.7203400e+004         2
  2.3241432e+004  2.8297622e+002  3.7070330e-001  3.7203400e+004         3
  6.1679830e+004  1.7709537e+002  5.8406026e-001  3.7204400e+004         2
  2.3007104e+004  2.8281276e+002  1.6806403e+000  3.7204400e+004         3
  6.1680619e+004  1.7719051e+002  4.0567752e-001  3.7205400e+004         2
  2.3030548e+004  2.8248659e+002  1.0644560e+000  3.7205400e+004         3
  6.1825725e+004  1.7748567e+002  2.2726917e-001  3.7206400e+004         2
  2.2790288e+004  2.8258878e+002  1.6288583e+000  3.7206400e+004         3
  6.1851530e+004  1.7762883e+002  2.1056988e-001  3.7207400e+004         2
  2.2807768e+004  2.8251884e+002  3.7399077e-001  3.7207400e+004         3
  6.1942877e+004  1.7730106e+002  4.3469574e-001  3.7208400e+004         2
  2.2882184e+004  2.8170600e+002  1.7428084e+000  3.7208400e+004         3
  2.2728213e+004  2.8198696e+002  1.3880815e+000  3.7209400e+004         3
  6.2069482e+004  1.7685707e+002  2.2723884e-001  3.7210400e+004         2
  2.2701701e+004  2.8159196e+002  8.1763839e-001  3.7210400e+004         3
  6.2239477e+004  1.7694481e+002  8.3057252e-001  3.7211400e+004         2
  2.2587363e+004  2.8176688e+002  1.6460797e+000  3.7211400e+004         3
  6.2330068e+004  1.7694141e+002 -1.8086500e-001  3.7212400e+004         2
  2.2634705e+004  2.8109881e+002  1.7576466e+000  3.7212400e+004         3
  6.2408212e+004  1.7754547e+002 -7.7682771e-003  3.7213400e+004         2
  2.2349865e+004  2.8137263e+002  2.8324738e+000  3.7213400e+004         3
  6.2499267e+004  1.7700622e+002 -1.8930270e-001  3.7214400e+004         2
  2.2374791e+004  2.8132971e+002  1.7350041e+000  3.7214400e+004         3
  6.2466197e+004  1.7719909e+002  3.2558616e-001  3.7215400e+004         2
  2.2192748e+004  2.8083721e+002  1.2778372e+000  3.7215400e+004         3
  6.2567993e+004  1.7652431e+002  4.4647708e-001  3.7216400e+004         2
  2.2302479e+004  2.8118053e+002  1.3344137e+000  3.7216400e+004         3
  6.2603919e+004  1.7663263e+002  1.1966686e-001  3.7217400e+004         2
  2.1970813e+004  2.8127411e+002  1.0295269e+000  3.7217400e+004         3
  6.2696831e+004  1.7702093e+002  8.9409193e-001  3.7218400e+004         2
  2.1896757e+004  2.8125000e+002  2.3428652e-001  3.7218400e+004         3
  6.2684310e+004  1.7657700e+002 -1.4837611e-001  3.7219400e+004         2
  2.1893524e+004  2.8079014e+002  5.7370400e-001  3.7219400e+004         3
  2.1752967e+004  2.8127562e+002  6.4783711e-001  3.7220400e+004         3
  2.1797818e+004  2.8036206e+002  1.4072641e+000  3.7221400e+004         3
  2.1421894e+004  2.8128296e+002  1.5278001e+000  3.7222400e+004         3
  2.1424298e+004  2.8036815e+002  4.5821255e-001  3.7223400e+004         3
  2.1306990e+004  2.8018113e+002  9.0805814e-001  3.7224400e+004         3
  2.1093576e+004  2.8007380e+002  1.2830447e+000  3.7225400e+004         3
  2.1123377e+004  2.8011368e+002  1.1573251e+000  3.7226400e+004         3
  2.0945276e+004  2.8036418e+002  8.1798030e-001  3.7227400e+004         3
  2.1005697e+004  2.8045945e+002  1.7370061e+000  3.7228400e+004         3
  2.0706052e+004  2.8082549e+002  7.7985201e-001  3.7230400e+004         3
  2.0702610e+004  2.7996265e+002  1.2169649e+000  3.7231400e+004         3
  2.0466021e+004  2.7947042e+002  1.0488436e+000  3.7232400e+004         3
  2.0326421e+004  2.7946461e+002  9.5550353e-001  3.7233400e+004         3
  2.0244780e+004  2.7920656e+002  1.2090011e+000  3.7235400e+004         3
  2.0169684e+004  2.7920598e+002  2.1022982e+000  3.7236400e+004         3
  2.0000384e+004  2.8021680e+002  2.0329592e+000  3.7237400e+004         3
  1.9736896e+004  2.7898286e+002  2.1980439e+000  3.7239400e+004         3
  1.9626027e+004  2.7893377e+002  1.3733099e+000  3.7240400e+004         3
  1.9591203e+004  2.7939864e+002  8.4177663e-001  3.7241400e+004         3
  1.9382381e+004  2.7986930e+002  1.5114075e+000  3.7242400e+004         3
  1.9296189e+004  2.7914627e+002  2.1790627e+000  3.7243400e+004         3
  1.9270681e+004  2.7855354e+002  1.4328022e+000  3.7244400e+004         3
  1.9065891e+004  2.7979127e+002  2.5957615e+000  3.7245400e+004         3
  1.8925949e+004  2.7928081e+002  1.7563419e+000  3.7246400e+004         3
  1.8943594e+004  2.7942608e+002  8.5759727e-001  3.7247400e+004         3
  1.8953307e+004  2.7969002e+002  8.0794056e-001  3.7248400e+004         3
  1.8688306e+004  2.7961890e+002  1.7834974e+000  3.7249400e+004         3
  1.8655574e+004  2.7984554e+002  2.4005037e+000  3.7250400e+004         3
  1.8565811e+004  2.7988328e+002  1.2946980e+000  3.7251400e+004         3
  1.8489000e+004  2.7977940e+002  1.5653632e+000  3.7252400e+004         3
  1.8473154e+004  2.8084763e+002  1.9983906e+000  3.7253400e+004         3
  1.8386340e+004  2.8152492e+002  8.8383021e-001  3.7254400e+004         3
  1.8173202e+004  2.8125097e+002  1.4839005e+000  3.7255400e+004         3
  1.8101954e+004  2.8111285e+002  1.3521614e+000  3.7256400e+004         3
  1.8070298e+004  2.8088179e+002  1.3663899e+000  3.7257400e+004         3
  1.8067751e+004  2.8182398e+002  1.3146312e+000  3.7258400e+004         3
  1.8040063e+004  2.8233133e+002  1.2915744e+000  3.7259400e+004         3
  1.7883181e+004  2.8156779e+002  1.8296607e+000  3.7260400e+004         3
  1.7967286e+004  2.8267825e+002  1.7258191e+000  3.7261400e+004         3
  1.7969915e+004  2.8292807e+002  1.7611204e+000  3.7262400e+004         3
  1.7766699e+004  2.8269228e+002  1.7215075e+000  3.7263400e+004         3
  1.7837665e+004  2.8341848e+002  1.6173831e+000  3.7264400e+004         3
  1.7785706e+004  2.8356514e+002  1.5697433e+000  3.7265400e+004         3
  1.7596191e+004  2.8398783e+002  1.6863141e+000  3.7267400e+004         3
  1.7834734e+004  2.8409271e+002  1.9817070e+000  3.7268400e+004         3
  1.7744693e+004  2.8490844e+002  1.6037184e+000  3.7269400e+004         3
  1.7784323e+004  2.8489089e+002  1.1139047e+000  3.7270400e+004         3
  1.7777013e+004  2.8626030e+002  1.1942856e+000  3.7271400e+004         3
  1.7902256e+004  2.8657805e+002  1.1611703e+000  3.7272400e+004         3
  1.7930646e+004  2.8685563e+002  1.0506497e+000  3.7273400e+004         3
  1.7970953e+004  2.8660667e+002  1.7748671e+000  3.7276400e+004         3
  1.8178714e+004  2.8746749e+002  1.6475024e+000  3.7277400e+004         3
  1.8063805e+004  2.8868148e+002  2.0589463e+000  3.7278400e+004         3
  1.8233123e+004  2.8789178e+002  1.6960383e+000  3.7279400e+004         3
  1.8198539e+004  2.8896250e+002  2.1317897e+000  3.7280400e+004         3
  1.8412090e+004  2.8841205e+002  1.8940586e+000  3.7281400e+004         3
  1.8417278e+004  2.8790368e+002  1.2552899e+000  3.7282400e+004         3
  1.8493013e+004  2.8840566e+002  1.5478855e+000  3.7283400e+004         3
  1.8572033e+004  2.8818892e+002  1.1359509e+000  3.7284400e+004         3
  1.8627737e+004  2.8919777e+002  8.6755866e-001  3.7285400e+004         3
  1.8683295e+004  2.8885567e+002  2.6113414e+000  3.7286400e+004         3
  1.8939709e+004  2.9069262e+002  1.4199806e+000  3.7288400e+004         3
  1.9094827e+004  2.8986560e+002  1.5006414e+000  3.7289400e+004         3
  1.9222372e+004  2.9024133e+002  1.2149316e+000  3.7291400e+004         3
  1.9462547e+004  2.9039231e+002  1.2623187e+000  3.7292400e+004         3
  1.9440613e+004  2.9120276e+002  7.3452377e-001  3.7293400e+004         3
  1.9641919e+004  2.8983518e+002  1.6311399e+000  3.7294400e+004         3
  1.9785262e+004  2.8982112e+002  1.5289851e+000  3.7295400e+004         3
  1.9817890e+004  2.9049725e+002  1.2978416e+000  3.7296400e+004         3
  2.0028025e+004  2.9048164e+002  2.0822458e+000  3.7298400e+004         3
  2.0212962e+004  2.9031574e+002  1.2710704e+000  3.7299400e+004         3
  2.0261725e+004  2.9018035e+002  2.0342256e+000  3.7300400e+004         3
  2.0442542e+004  2.9136569e+002  7.9810064e-001  3.7301400e+004         3
  2.0529807e+004  2.9113440e+002  1.8042951e+000  3.7302400e+004         3
  2.0674786e+004  2.9063150e+002  1.6371495e+000  3.7303400e+004         3
  2.0820498e+004  2.8854342e+002  1.5921687e+000  3.7304400e+004         3
  2.0855510e+004  2.9096356e+002  1.2719182e+000  3.7305400e+004         3
  2.1041288e+004  2.9011195e+002  1.0702703e+000  3.7306400e+004         3
  2.1134850e+004  2.8901680e+002  1.8239499e+000  3.7307400e+004         3
  2.1279389e+004  2.9118955e+002  1.3472894e+000  3.7308400e+004         3
  2.1418985e+004  2.9057377e+002  1.4298416e+000  3.7309400e+004         3
  2.1481111e+004  2.8951906e+002  1.5270219e+000  3.7310400e+004         3
  2.1534968e+004  2.9052204e+002  1.5021926e+000  3.7311400e+004         3
  2.1636834e+004  2.9010898e+002  9.5741012e-001  3.7312400e+004         3
  2.1898167e+004  2.9044827e+002  4.1585043e-001  3.7313400e+004         3
  2.2075564e+004  2.8954965e+002  6.3278231e-001  3.7315400e+004         3
  2.2142890e+004  2.8959808e+002  1.5345807e+000  3.7316400e+004         3
  2.2546327e+004  2.8897367e+002  1.1977607e+000  3.7318400e+004         3
  2.2401348e+004  2.9018126e+002  1.2688021e+000  3.7319400e+004         3
  2.2588346e+004  2.8900940e+002  2.5744799e+000  3.7320400e+004         3
  2.2735641e+004  2.8884618e+002  1.9548331e+000  3.7321400e+004         3
  2.2728186e+004  2.8878238e+002  2.8694897e+000  3.7322400e+004         3
  2.2849369e+004  2.8863957e+002  1.1540742e+000  3.7323400e+004         3
  2.3059568e+004  2.8896332e+002  1.3335271e+000  3.7324400e+004         3
  2.3233843e+004  2.8853982e+002  1.0889244e+000  3.7325400e+004         3
  2.3247100e+004  2.8825418e+002  1.3626203e+000  3.7326400e+004         3
  2.3365503e+004  2.8762025e+002  1.1414909e+000  3.7328400e+004         3
  2.3579790e+004  2.8790831e+002  6.6428554e-001  3.7329400e+004         3
  2.3441649e+004  2.8783893e+002  1.1418541e+000  3.7330400e+004         3
  2.3600575e+004  2.8770832e+002  8.1568170e-001  3.7331400e+004         3
  2.3615690e+004  2.8659725e+002  1.4229606e+000  3.7332400e+004         3
  2.3708984e+004  2.8688418e+002  6.4702389e-001  3.7333400e+004         3
  2.3736040e+004  2.8766283e+002  1.0215073e+000  3.7334400e+004         3
  2.3655542e+004  2.8626921e+002  1.0880711e+000  3.7335400e+004         3
  2.3691865e+004  2.8516979e+002  1.0520120e+000  3.7336400e+004         3
  2.3699357e+004  2.8550234e+002  1.3843472e+000  3.7337400e+004         3
  2.3687292e+004  2.8517420e+002  1.6144541e+000  3.7338400e+004         3
  2.3645534e+004  2.8579674e+002  8.6709829e-001  3.7339400e+004         3
  2.3629754e+004  2.8468381e+002  1.1180398e+000  3.7340400e+004         3
  2.3645176e+004  2.8362722e+002  2.6673009e+000  3.7341400e+004         3
  2.3645541e+004  2.8412338e+002  1.3299689e+000  3.7342400e+004         3
  2.3595405e+004  2.8437721e+002  5.6954580e-001  3.7343400e+004         3
  2.3477410e+004  2.8348600e+002  1.5635503e+000  3.7344400e+004         3
  2.3438128e+004  2.8385527e+002  1.1976343e+000  3.7345400e+004         3
  2.3490053e+004  2.8352886e+002  2.1963010e+000  3.7346400e+004         3
  2.3378345e+004  2.8266580e+002  1.2837040e-001  3.7347400e+004         3
  2.3196111e+004  2.8256289e+002  9.4263702e-001  3.7348400e+004         3
  2.3069988e+004  2.8295000e+002  8.0999408e-001  3.7349400e+004         3
  2.3146330e+004  2.8241740e+002  8.5153346e-001  3.7350400e+004         3
  2.3124352e+004  2.8222652e+002  7.0948158e-001  3.7351400e+004         3
  2.2773828e+004  2.8214074e+002  1.7058214e-001  3.7353400e+004         3
  2.2753168e+004  2.8191031e+002  1.1093873e+000  3.7354400e+004         3
  2.2685181e+004  2.8222335e+002  1.6640954e+000  3.7355400e+004         3
  2.2502584e+004  2.8098442e+002  1.2145750e+000  3.7356400e+004         3
  2.2369197e+004  2.8186012e+002  1.5246194e+000  3.7357400e+004         3
  2.2258981e+004  2.8064423e+002  1.4368464e+000  3.7358400e+004         3
  2.1948346e+004  2.8186587e+002  1.1019792e+000  3.7360400e+004         3
  2.2028272e+004  2.8045715e+002  9.2589534e-001  3.7361400e+004         3
  2.1868322e+004  2.8156842e+002  1.1796201e+000  3.7362400e+004         3
  2.1820353e+004  2.8090372e+002  9.3183374e-001  3.7363400e+004         3
  2.1657834e+004  2.8093856e+002  1.3403546e+000  3.7364400e+004         3
  2.1481235e+004  2.8026791e+002  2.0745843e+000  3.7365400e+004         3
  2.1403312e+004  2.8018754e+002  1.6444138e+000  3.7366400e+004         3
  2.1310115e+004  2.8100476e+002  1.5351860e+000  3.7367400e+004         3
  2.1069021e+004  2.8054321e+002  1.6892322e+000  3.7368400e+004         3
  2.1143010e+004  2.8138758e+002  1.8395298e+000  3.7369400e+004         3
