119.572	39.9574	73
116.9017	36.6781	61
108.9123	34.2525	57
106.6341	29.7259	57
108.9576	34.237	54
108.9723	34.2389	53
108.9537	34.3169	51
108.94	34.2316	50
108.8936	34.2472	50
108.9743	34.3243	49
108.8909	34.2254	49
108.9496	34.2375	49
108.9282	34.2379	48
108.8867	34.2537	47
108.9494	34.3136	46
108.9785	34.2378	45
108.9894	34.2427	44
108.9497	34.3213	43
108.9513	34.3326	43
108.9021	34.2519	42
108.908	34.2071	42
108.9595	34.3336	41
108.8909	34.239	41
108.8855	34.2574	41
108.9987	34.2555	41
108.9765	34.2468	41
108.9386	34.2363	40
108.8932	34.2291	40
108.9344	34.2674	40
108.9215	34.2686	39
108.9983	34.2518	39
108.9954	34.3063	39
108.9174	34.2463	39
108.9036	34.2528	39
108.9985	34.3137	38
108.8867	34.2155	38
107.1416	34.3612	38
108.8971	34.2793	38
108.9722	34.2267	37
108.9401	34.324	37
108.889	34.2676	37
108.9623	34.3158	36
108.877	34.2035	35
108.9503	34.3255	35
108.8796	34.2378	34
108.9094	34.2342	34
108.9843	34.2422	34
108.9395	34.3152	34
109.0026	34.258	34
108.9213	34.2231	34
108.9331	34.2057	34
108.8942	34.2513	34
108.9992	34.2997	34
108.961	34.3083	33
108.9591	34.196	33
108.9355	34.2476	33
109.0046	34.2852	33
108.9607	34.2032	33
108.913	34.2189	33
109.0068	34.2672	33
108.9648	34.3383	33
109.0036	34.2687	33
108.8905	34.2026	32
108.9998	34.3122	32
108.9864	34.3167	32
108.9543	34.2275	31
109.004	34.2873	31
108.9422	34.3486	31
108.9385	34.2607	31
108.963	34.2254	30
108.9026	34.2075	30
108.9001	34.285	30
108.8982	34.2787	30
108.9976	34.3033	30
108.9213	34.2306	30
108.9464	34.2039	29
108.9294	34.2241	29
108.9616	34.3187	29
108.8949	34.188	29
108.8982	34.2364	29
108.8857	34.209	28
108.9183	34.2158	28
108.9478	34.3436	28
108.9816	34.285	28
108.9133	34.2287	28
108.9073	34.2401	28
108.8868	34.2631	28
108.9454	34.3607	28
108.9596	34.2424	28
108.9792	34.3393	28
108.9126	34.2578	28
108.9665	34.2296	28
108.9827	34.2536	28
108.9542	34.255	28
108.9849	34.3033	27
108.769	34.4402	27
108.8824	34.2027	27
109.0031	34.2658	27
108.9483	34.3125	27
108.9691	34.255	27
108.9251	34.1983	27
108.8761	34.2276	26
108.8602	34.1938	26
108.9538	34.2493	26
108.9033	34.2934	26
108.9616	34.2845	26
108.8857	34.2176	26
108.9786	34.317	26
108.9775	34.2262	26
108.9356	34.2546	26
108.8876	34.2087	26
108.9258	34.2357	26
108.877	34.2368	26
108.8966	34.2177	26
108.9822	34.2677	26
108.9381	34.232	25
108.9521	34.1935	25
108.9585	34.2198	25
108.9623	34.2692	25
108.8767	34.2565	25
108.9942	34.2622	25
108.8875	34.1831	24
108.9517	34.3535	24
108.9782	34.2907	24
108.9139	34.2542	24
108.9465	34.2116	24
108.9615	34.3101	24
108.9466	34.2265	24
108.882	34.2655	24
108.9249	34.2758	24
108.9745	34.2928	24
108.974	34.2731	24
108.9484	34.2835	24
108.9504	34.3634	24
108.9489	34.2578	24
109.0232	34.2787	24
108.9517	34.1981	24
108.8929	34.2029	24
108.8822	34.2484	23
108.878	34.2171	23
108.9157	34.2484	23
108.9376	34.2209	23
108.9519	34.3612	23
108.9495	34.2308	23
109.0281	34.2909	23
108.9562	34.3264	23
108.9381	34.2787	23
108.9724	34.2653	23
108.9357	34.3046	23
108.9375	34.1953	22
108.9739	34.2793	22
108.9464	34.3794	22
108.9671	34.2015	22
108.8976	34.231	22
108.9235	34.1924	22
108.9598	34.2963	22
108.9967	34.2785	22
108.9569	34.3047	22
108.9291	34.2708	22
108.9949	34.232	21
108.8606	34.1986	21
108.9935	34.3035	21
108.9906	34.2266	21
108.8422	34.2418	21
108.954	34.3501	21
108.9321	34.2093	21
108.8521	34.2572	21
108.9189	34.3688	20
108.9723	34.2409	20
108.9754	34.2464	20
108.9329	34.2942	20
108.8483	34.2427	20
109.0048	34.2359	20
109.0222	34.2573	20
108.9367	34.1911	20
108.9886	34.3687	20
108.9187	34.2666	20
106.1338	38.4937	20
108.9951	34.2138	20
108.9695	34.2196	20
108.9623	34.2386	20
108.9803	34.3198	20
108.911	34.2191	20
108.952	34.2233	20
108.9605	34.3514	20
108.8504	34.2649	19
108.9785	34.2644	19
108.9249	34.1808	19
108.9047	34.1925	19
108.9289	34.305	19
108.8847	34.2236	19
109.0064	34.3318	19
108.8839	34.2772	19
109.0156	34.2786	19
108.9705	34.3428	19
109.0086	34.2559	19
108.9916	34.241	19
108.9526	34.2039	19
109.0187	34.3178	19
108.9298	34.1879	19
108.8619	34.1884	19
108.9738	34.346	19
108.926	34.2837	19
108.874	34.2457	19
108.9404	34.287	18
108.9524	34.3554	18
108.9879	34.2497	18
108.8793	34.1918	18
108.8814	34.181	18
108.9295	34.2953	18
108.9093	34.21	18
108.948	34.3829	18
108.9391	34.335	18
109.0331	34.3003	18
108.9409	34.2658	18
108.9687	34.2425	18
108.8842	34.2457	18
108.9948	34.373	18
108.9335	34.2754	18
108.9181	34.199	18
108.9322	34.3623	18
108.9658	34.2029	18
108.8421	34.2918	18
108.9683	34.2724	18
108.9058	34.2565	18
108.9093	34.161	18
108.9334	34.3216	18
108.9838	34.34	17
108.9054	34.2922	17
108.9991	34.2332	17
108.86	34.2141	17
108.9097	34.2214	17
108.9534	34.3399	17
109.047	34.2855	17
108.9818	34.2971	17
109.0206	34.3089	17
108.9632	34.3743	17
108.9301	34.3743	17
108.9782	34.2247	17
108.9185	34.2891	17
108.9692	34.2857	17
108.9265	34.3831	17
108.9936	34.2184	17
108.9705	34.2552	17
108.9947	34.2639	16
108.8436	34.2522	16
108.96	34.1854	16
108.8443	34.295	16
108.8494	34.2233	16
108.932	34.1992	16
108.9201	34.3776	16
108.9401	34.2462	16
108.9749	34.3739	16
108.9513	34.2933	16
108.992	34.3634	16
108.9324	34.2114	16
108.8982	34.2321	16
108.8521	34.2754	16
108.8422	34.2304	16
108.943	34.2568	16
108.9225	34.3137	16
108.9571	34.2952	16
109.0161	34.3062	16
108.9849	34.3442	16
108.8767	34.1884	16
108.8812	34.2819	15
108.9667	34.2798	15
109.0244	34.3133	15
108.9239	34.1926	15
108.903	34.2658	15
108.843	34.2322	15
108.9269	34.2122	15
109.0362	34.2575	15
108.9845	34.2133	15
108.8456	34.2036	15
108.9635	34.1875	15
108.8776	34.2678	15
108.9288	34.3291	15
108.9185	34.1803	15
108.8422	34.2177	15
108.9217	34.3859	15
108.9475	34.1591	15
108.9057	34.2728	15
108.8541	34.1892	15
108.8856	34.1817	15
108.9773	34.2845	15
108.8524	34.2101	15
109.0377	34.3129	15
108.8782	34.2198	15
108.9174	34.2764	15
108.9333	34.2952	15
108.9509	34.2103	15
108.9362	34.1665	15
108.9464	34.1997	15
108.9991	34.3288	15
108.9084	34.1798	14
108.9592	34.1814	14
108.9253	34.358	14
109.0609	34.2806	14
108.9321	34.175	14
108.8704	34.2007	14
