116.9028	36.6775	108
108.9574	34.2366	91
108.9576	34.2666	89
108.9625	34.2304	87
108.9566	34.3151	86
108.9619	34.2608	84
108.9341	34.2409	84
108.9365	34.262	83
108.9484	34.2359	81
108.9292	34.2682	79
108.9178	34.2512	77
119.5746	39.9581	77
108.9794	34.2358	77
106.6342	29.7158	72
108.9401	34.2394	72
108.9802	34.2379	71
108.9542	34.2506	67
108.9798	34.3175	67
108.9423	34.3175	67
108.9277	34.2364	66
108.97	34.228	65
108.9862	34.244	65
108.9684	34.3144	65
108.8933	34.2412	64
108.9709	34.271	64
108.9996	34.2671	64
109.0013	34.2975	63
108.9546	34.2472	63
108.9992	34.2718	62
108.9399	34.2497	62
108.9522	34.1999	62
108.917	34.2404	62
108.8979	34.2552	61
109.0009	34.2413	60
109.0042	34.2602	60
109.0047	34.2924	59
109.0001	34.3068	58
108.9618	34.273	58
108.9515	34.3328	57
108.9561	34.3186	57
108.7717	34.4477	57
108.9351	34.2557	56
108.9577	34.2278	56
108.8933	34.264	56
108.9969	34.2986	56
108.9842	34.2411	56
108.945	34.3503	55
109.0057	34.3155	55
108.9224	34.2773	55
108.8999	34.2801	55
108.9361	34.3237	54
108.9239	34.2304	54
108.9498	34.3317	54
108.8857	34.2541	54
108.9676	34.231	54
108.9111	34.2319	54
108.9076	34.2499	54
108.9254	34.2366	53
108.937	34.2249	53
108.9614	34.302	53
108.9061	34.2066	53
108.9557	34.3477	53
108.9517	34.2618	52
108.9178	34.2696	52
108.9703	34.2663	52
108.9638	34.245	52
108.9705	34.2797	51
108.8939	34.1929	51
108.8852	34.2573	51
108.8884	34.2189	51
108.8911	34.2268	51
109.0044	34.2783	51
108.9673	34.2248	51
108.9705	34.2635	51
108.9535	34.2061	50
108.9104	34.2534	50
108.9969	34.2903	50
108.9664	34.2622	50
109.0049	34.2724	50
108.886	34.2248	50
108.9615	34.2797	49
108.9299	34.2201	49
108.9443	34.3276	49
108.9737	34.2363	49
108.9842	34.2842	49
108.9536	34.1925	49
108.9815	34.2787	49
108.8897	34.2506	48
108.9556	34.2382	48
108.9324	34.2195	47
108.9954	34.2513	46
108.9954	34.3189	46
108.9467	34.3356	46
108.8919	34.2717	46
108.9727	34.2797	46
108.901	34.2383	45
108.9468	34.2004	45
108.8979	34.2916	45
108.9706	34.245	45
108.9	34.2291	44
108.9833	34.2589	44
108.9225	34.2313	44
108.9178	34.2326	44
108.9564	34.3278	44
108.9396	34.3178	43
108.9256	34.2643	43
108.9401	34.2629	43
108.9467	34.3344	43
108.9796	34.2527	43
108.9391	34.2774	42
108.8938	34.2404	42
108.9324	34.3433	42
108.9901	34.3135	42
108.9529	34.2224	42
108.9703	34.2494	42
108.8969	34.2807	42
108.8991	34.2073	41
108.9316	34.28	41
108.9523	34.3299	41
108.971	34.1991	41
108.9401	34.2848	41
108.9693	34.3405	41
108.9621	34.2948	40
108.9702	34.3359	40
108.9187	34.2615	40
108.8809	34.193	40
108.948	34.2474	40
108.9351	34.2075	40
108.9335	34.2868	40
108.9462	34.2227	39
108.8751	34.2375	39
108.9622	34.213	39
108.9452	34.3481	39
108.9608	34.3047	39
108.9366	34.2198	39
108.9211	34.1905	39
108.8878	34.203	38
108.9046	34.2759	38
108.9539	34.3448	38
108.9918	34.2548	37
108.9261	34.1998	37
108.946	34.2325	37
108.961	34.1913	37
108.9672	34.3375	37
108.9723	34.1998	36
108.9162	34.2226	36
108.9061	34.2152	36
108.9215	34.3669	36
108.8459	34.2945	36
108.9421	34.3159	35
108.9946	34.2269	35
108.8825	34.2389	35
109.0568	34.2839	35
108.9445	34.3548	35
108.9256	34.3018	35
108.9636	34.2094	34
108.9334	34.3034	34
108.9193	34.3788	34
108.9942	34.2586	34
108.9931	34.2784	34
108.9305	34.3457	34
108.9293	34.2526	34
108.9092	34.2249	34
108.9621	34.3622	34
108.9551	34.2145	34
108.9603	34.2148	34
108.9876	34.223	33
108.8989	34.2387	33
108.96	34.2724	33
108.8834	34.2497	33
108.8844	34.2094	33
108.9041	34.2683	33
109.0432	34.2821	32
108.8751	34.174	32
108.9406	34.3674	32
108.9281	34.3894	32
108.9446	34.3809	32
108.9382	34.2966	32
108.9197	34.384	31
108.8855	34.2108	31
108.8753	34.2346	31
108.9473	34.2036	31
108.9422	34.3776	31
108.9841	34.2516	31
108.9044	34.2676	31
108.9264	34.2749	31
108.898	34.2288	31
108.9313	34.3378	31
108.9387	34.3426	30
108.9405	34.1949	30
108.9295	34.2894	30
108.9508	34.3636	30
108.8954	34.2042	30
108.9088	34.1812	30
108.8954	34.196	30
108.9757	34.265	30
109.0675	34.2768	30
108.9165	34.1879	30
108.9071	34.1623	29
108.9628	34.3531	29
108.976	34.3391	29
108.9353	34.1898	29
108.914	34.201	29
108.8453	34.2945	29
108.9292	34.3956	29
108.8769	34.2526	29
108.9957	34.3345	29
108.9611	34.2861	29
108.9493	34.2169	29
108.9758	34.3506	28
108.8779	34.2198	28
108.9283	34.3887	28
108.9112	34.2508	28
108.9784	34.3184	28
108.9299	34.359	28
108.94	34.2677	28
108.8742	34.274	28
108.9905	34.23	28
108.9535	34.2792	28
108.9785	34.2502	28
108.9512	34.2907	28
108.8828	34.2845	27
108.8745	34.2144	27
109.008	34.2502	27
108.946	34.2135	27
108.919	34.3096	27
108.8966	34.2971	27
108.9581	34.3631	27
108.9345	34.3647	27
108.9347	34.1976	26
108.9257	34.3462	26
108.9649	34.1928	26
108.8802	34.2443	26
108.9924	34.2101	26
108.9679	34.3346	26
108.9737	34.3706	26
108.9086	34.2033	26
109.0236	34.2547	26
108.9847	34.3073	26
108.9281	34.401	26
108.9193	34.1749	25
108.9477	34.2842	25
108.9197	34.2108	25
108.9327	34.2091	25
108.9849	34.2885	25
108.98	34.2999	25
108.9842	34.3111	25
108.9249	34.3578	25
108.9495	34.1607	24
108.9183	34.1664	24
109.0106	34.2766	24
108.9977	34.233	24
108.9203	34.41	24
108.9843	34.234	24
108.9593	34.1896	24
108.8578	34.1896	24
108.8948	34.1834	24
108.9218	34.1905	24
108.903	34.2625	24
109.0171	34.2405	24
108.9427	34.2791	23
108.934	34.3298	23
108.8763	34.2284	23
107.1397	34.3596	23
108.9761	34.2759	23
108.8768	34.1981	23
108.8454	34.3564	23
108.9249	34.2949	23
108.8844	34.2599	23
109.0124	34.253	23
108.9151	34.2801	23
108.9419	34.2466	23
108.9332	34.1771	23
108.9398	34.1766	23
108.937	34.3749	23
108.8512	34.2441	23
108.9842	34.2306	23
108.8857	34.2761	22
108.9074	34.301	22
108.9955	34.3097	22
108.8986	34.3067	22
108.9029	34.1655	22
108.8956	34.1804	22
109.0048	34.3339	22
108.9319	34.3277	22
108.8558	34.1986	22
108.9319	34.1931	22
108.9267	34.3118	22
109.0414	34.2935	22
108.9914	34.275	22
108.86	34.2016	22
108.9957	34.3194	22
108.9838	34.342	21
108.985	34.3712	21
108.9757	34.3728	21
108.9399	34.1809	21
109.0641	34.2835	21
108.9012	34.1966	21
109.0252	34.2712	21
108.9515	34.2401	21
108.9007	34.1957	21
