119.5725	39.9648	83
116.898	36.6699	60
108.9626	34.3352	42
108.7714	34.448	38
106.6365	29.7266	38
108.9418	34.3298	37
108.9542	34.3191	36
108.963	34.3484	35
108.9955	34.3205	35
108.9563	34.347	34
108.9791	34.3151	32
108.8878	34.1928	31
108.9495	34.3159	31
108.9923	34.3187	30
108.969	34.3316	29
107.1426	34.3628	29
108.8882	34.2178	29
108.9048	34.2035	29
108.9557	34.2011	28
108.9722	34.1986	28
108.9464	34.346	28
108.8873	34.2302	27
108.972	34.2022	27
108.8867	34.2452	27
108.8875	34.2328	26
108.9458	34.3502	26
108.9402	34.3543	26
108.9644	34.2151	25
108.9402	34.3405	25
108.9683	34.2328	25
108.9493	34.3215	25
108.9096	34.243	25
108.9612	34.1923	25
108.9535	34.3567	24
108.9654	34.3441	24
109.0009	34.3036	24
109.0506	34.2795	24
108.9303	34.3152	24
108.9622	34.2141	24
108.9548	34.3085	24
108.9734	34.3217	24
108.9656	34.2147	24
108.9555	34.3443	23
108.9818	34.347	23
108.8877	34.1884	23
109.0238	34.3183	23
108.9269	34.191	23
108.8767	34.1988	23
108.9455	34.3581	22
109.0052	34.2911	22
108.8945	34.2064	22
108.9613	34.3513	21
108.8846	34.2097	21
108.9499	34.3785	21
108.9406	34.3305	21
109.0	34.2858	21
108.879	34.217	21
108.874	34.243	21
108.963	34.2288	21
108.8886	34.2026	21
108.9991	34.2754	21
108.9999	34.2623	21
108.9304	34.3404	20
108.9383	34.3145	20
108.9968	34.3075	20
108.8988	34.2046	20
108.9402	34.3377	20
108.9593	34.3287	20
108.9655	34.2797	20
109.0001	34.2628	20
108.8902	34.1902	20
108.9522	34.1775	20
108.9138	34.1972	20
109.0005	34.2993	20
108.8933	34.2507	19
108.9133	34.1673	19
108.9396	34.2363	19
108.9634	34.225	19
108.888	34.2582	19
108.9736	34.1923	19
108.9917	34.2484	19
108.9461	34.3712	19
108.951	34.1682	19
108.9304	34.1885	19
108.8963	34.2489	19
108.9405	34.3694	19
108.9612	34.3036	19
108.8986	34.2582	18
108.9187	34.2736	18
108.9151	34.2416	18
108.9571	34.191	18
108.9025	34.1929	18
108.9069	34.2432	18
108.849	34.2991	18
108.97	34.2796	18
109.0047	34.2853	18
108.9645	34.2655	18
109.0019	34.2846	18
108.8984	34.2794	18
108.89	34.233	17
108.8772	34.2353	17
108.9318	34.3563	17
108.9961	34.2744	17
108.9289	34.3053	17
108.9975	34.3252	17
109.0717	34.2764	17
109.0113	34.3205	17
108.9434	34.1937	17
108.9081	34.261	17
108.9738	34.329	17
108.8938	34.2153	17
109.0409	34.2763	17
108.8897	34.2696	17
108.9741	34.2413	17
108.9841	34.2326	17
108.9611	34.3263	17
109.0011	34.252	17
109.0346	34.3178	16
108.8844	34.1815	16
108.927	34.1913	16
108.8785	34.2024	16
108.9959	34.3312	16
108.9081	34.1698	16
108.9617	34.2694	16
108.9718	34.3245	16
108.9278	34.352	16
109.058	34.2703	16
108.9067	34.2632	16
108.929	34.2059	16
109.0158	34.215	16
108.9521	34.2416	16
108.9675	34.3644	16
108.8988	34.236	16
108.9273	34.3348	16
108.9699	34.2578	16
108.9291	34.3511	16
108.8848	34.2737	16
108.9225	34.3712	16
109.0569	34.2795	15
108.9957	34.3445	15
108.9212	34.2072	15
108.8622	34.199	15
108.9051	34.224	15
108.9739	34.2032	15
109.0064	34.2109	15
108.8981	34.2586	15
108.9425	34.3116	15
108.93	34.3637	15
108.9845	34.2365	15
108.9206	34.3021	15
108.994	34.2284	15
108.8805	34.2243	15
108.8442	34.2646	15
109.0523	34.3028	15
108.9585	34.1868	15
108.9413	34.241	15
109.0827	34.2863	15
108.9934	34.2438	15
108.8972	34.2897	15
108.9126	34.2162	15
108.9841	34.2177	15
108.9759	34.3128	15
108.9319	34.3728	15
108.9868	34.2122	14
108.9616	34.1703	14
108.8924	34.255	14
108.935	34.243	14
108.9098	34.2079	14
108.9799	34.2689	14
108.9233	34.3736	14
108.9459	34.1889	14
108.8436	34.2386	14
108.9199	34.3917	14
108.8516	34.2883	14
108.9311	34.1801	14
108.9227	34.2365	14
109.0422	34.315	14
108.8557	34.1999	14
108.9964	34.3265	14
108.9278	34.2284	14
108.9376	34.3109	14
108.97	34.2423	14
108.9601	34.261	14
108.9582	34.368	14
108.9134	34.2088	14
108.8755	34.2221	14
108.9052	34.2195	14
109.054	34.2612	14
108.8744	34.2511	14
109.052	34.2573	14
109.0016	34.2027	13
108.9395	34.3421	13
108.9263	34.384	13
108.9336	34.2537	13
108.9011	34.194	13
108.9666	34.3711	13
108.938	34.3232	13
108.885	34.1911	13
108.9859	34.2546	13
108.9769	34.2994	13
109.0477	34.2974	13
108.9919	34.3946	13
108.9678	34.3494	13
108.9191	34.3413	13
108.939	34.2459	13
108.9282	34.3348	13
108.9482	34.1795	13
109.0626	34.2896	13
108.9869	34.3703	13
108.9268	34.3853	13
108.9664	34.2611	13
108.9767	34.2827	13
108.9561	34.3033	13
108.9369	34.3564	13
108.9647	34.1757	13
108.9087	34.2115	13
108.9919	34.2056	13
108.8837	34.2328	13
108.9866	34.2576	12
106.137	38.4909	12
108.9602	34.3607	12
108.8945	34.178	12
108.9358	34.2771	12
108.884	34.268	12
108.9535	34.2431	12
108.9927	34.2097	12
108.9017	34.2914	12
108.956	34.2605	12
108.8422	34.262	12
108.9211	34.2913	12
109.0173	34.2163	12
108.9574	34.2992	12
108.8768	34.2529	12
108.9647	34.248	12
108.8529	34.2044	12
108.9263	34.1741	12
108.9501	34.1809	12
108.9071	34.2256	12
108.8895	34.1702	12
108.9874	34.3863	12
109.0544	34.3174	12
108.9257	34.1958	12
108.9598	34.1734	12
109.0601	34.2836	12
108.9286	34.3992	12
108.9722	34.1719	12
108.912	34.2605	12
108.9403	34.1876	12
108.9815	34.3181	12
108.9187	34.2242	12
108.9952	34.257	12
108.9329	34.1994	12
108.8678	34.2387	12
108.864	34.1925	11
108.9747	34.2236	11
108.846	34.2794	11
109.0007	34.2149	11
108.9272	34.3672	11
108.9188	34.2506	11
108.8521	34.2438	11
108.887	34.169	11
108.9841	34.1964	11
108.9395	34.3677	11
108.9052	34.1624	11
108.8739	34.1603	11
108.9862	34.373	11
108.9839	34.2562	11
108.9052	34.2816	11
108.9268	34.3451	11
108.9293	34.3922	11
108.9518	34.2296	11
108.9778	34.2899	11
109.0235	34.273	11
109.0513	34.2916	11
108.9803	34.2137	11
108.9842	34.3674	11
108.8304	34.2693	11
108.9481	34.3	11
108.9777	34.2704	11
109.0546	34.2964	11
109.0579	34.3127	11
108.9825	34.3239	11
108.8747	34.247	11
108.9864	34.3683	11
109.0276	34.3104	11
109.0373	34.3067	11
108.874	34.2657	11
108.9817	34.3356	11
108.9788	34.2731	11
108.9273	34.3212	11
108.9172	34.1744	10
108.9821	34.2155	10
108.9811	34.178	10
108.9009	34.2854	10
108.9889	34.234	10
108.8837	34.2754	10
108.9843	34.3348	10
108.9843	34.188	10
108.994	34.353	10
109.0477	34.2991	10
108.8526	34.2509	10
