66666 0000   13 0001 8401 0 6 Vernon                             20110729
1984060800 1 120 1135 1003      12
1984060806 1 125 1129 1002      15
1984060812 1 130 1126 1002      15
1984060818 1 135 1124  999      15
1984060900 1 140 1123  999      15
1984060906 2 143 1121  998      20
1984060912 2 148 1119  994      20
1984060918 2 152 1112  994      20
1984061000 2 155 1098  995      20
1984061006 2 161 1089  996      20
1984061012 2 170 1075  998      20
1984061018 1 167 1065 1000      15
1984061100 1 163 1045 1000      12
66666 0000   34 0002 8402 0 6 Wynne                              20110729
1984061806 0 202 1360 1005      10
1984061812 0 203 1349 1004      10
1984061818 1 203 1340 1002      15
1984061900 1 203 1329 1002      15
1984061906 1 207 1319 1002      15
1984061912 1 210 1311 1000      15
1984061918 2 213 1305  996      20
1984062000 2 216 1298  992      20
1984062006 2 218 1293  992      20
1984062012 3 222 1290  992      25
1984062018 3 223 1288  992      25
1984062100 3 225 1285  992      25
1984062106 3 225 1281  990      25
1984062112 3 223 1278  988      25
1984062118 3 223 1274  986      25
1984062200 3 223 1268  986      25
1984062206 3 223 1264  986      25
1984062212 3 222 1258  986      25
1984062218 3 221 1248  986      25
1984062300 3 222 1241  985      25
1984062306 3 220 1234  982      30
1984062312 3 219 1223  982      30
1984062318 3 218 1206  982      30
1984062400 3 215 1189  980      30
1984062406 3 215 1176  980      30
1984062412 3 213 1162  980      30
1984062418 3 212 1148  975      30
1984062500 3 211 1135  972      30
1984062506 3 213 1123  970      30
1984062512 3 215 1109  970      30
1984062518 3 216 1089  978      30
1984062600 2 218 1073  985      20
1984062606 1 215 1063  990      15
1984062612 1 210 1045  994      12
66666 0000   14 0003 8403 0 6 Alex                               20110729
1984063000 0 160 1260 1007       9
1984063006 0 157 1258 1007       9
1984063012 0 155 1255 1007       9
1984063018 0 158 1250 1006      10
1984070100 1 162 1248 1006      12
1984070106 1 166 1246 1003      15
1984070112 1 170 1245 1000      15
1984070118 2 173 1243  995      20
1984070200 3 175 1240  985      25
1984070206 3 182 1234  980      30
1984070212 3 192 1228  976      30
1984070218 4 207 1218  968      35
1984070300 4 217 1216  962      35
1984070306 3 233 1214  985      30
66666 0000   11 0003 8403 0 6 Alex(-)1                           20110729
1984070306 2 243 1203  995      20
1984070312 2 251 1209  990      20
1984070318 3 263 1210  985      25
1984070400 3 280 1211  998      25
1984070406 2 294 1216 1000      20
1984070412 1 312 1228 1003      15
1984070418 9 325 1239 1002      10
1984070500 9 337 1250 1004      10
1984070506 9 346 1264 1006      10
1984070512 9 351 1280 1008       9
1984070518 9 353 1300 1010       9
66666 0000   18 0004 8404 2 6 Betty                              20110729
1984070506 0 148 1252 1004      10
1984070512 0 154 1245 1004      10
1984070518 0 159 1235 1004      10
1984070600 1 162 1222 1002      12
1984070606 1 162 1209 1000      15
1984070612 1 163 1192 1000      15
1984070618 1 168 1182 1000      15
1984070700 1 171 1176 1000      15
1984070706 2 174 1170  998      20
1984070712 2 180 1165  998      20
1984070718 2 185 1160  997      20
1984070800 3 190 1155  995      25
1984070806 3 195 1146  992      25
1984070812 3 202 1140  985      30
1984070818 3 207 1129  980      30
1984070900 3 212 1121  980      30
1984070906 3 220 1114  985      25
1984070912 1 223 1105  995      15
66666 0000   48 0005 8405 0 6 Cary                               20110729
1984070600 0 170 1500 1010       9
1984070606 0 171 1492 1008       9
1984070612 0 172 1484 1008       9
1984070618 0 174 1475 1006      10
1984070700 1 180 1468 1004      12
1984070706 1 188 1466 1002      15
1984070712 1 192 1462  998      15
1984070718 1 196 1461  995      15
1984070800 2 200 1460  991      20
1984070806 3 204 1459  988      25
1984070812 3 209 1458  988      25
1984070818 3 215 1455  985      25
1984070900 3 218 1451  985      25
1984070906 3 218 1448  980      30
1984070912 4 218 1446  970      35
1984070918 4 218 1446  962      40
1984071000 5 219 1445  955      45
1984071006 5 220 1444  963      45
1984071012 4 220 1447  971      40
1984071018 4 226 1451  972      35
1984071100 4 231 1455  974      35
1984071106 4 237 1461  974      35
1984071112 4 245 1467  974      35
1984071118 4 252 1474  974      35
1984071200 4 257 1483  974      35
1984071206 4 263 1490  971      35
1984071212 4 270 1499  969      35
1984071218 4 277 1507  965      35
1984071300 4 283 1513  964      35
1984071306 4 292 1517  963      35
1984071312 3 297 1523  970      30
1984071318 3 300 1526  975      30
1984071400 3 304 1528  980      25
1984071406 2 305 1529  985      20
1984071412 2 308 1530  985      20
1984071418 2 311 1530  990      20
1984071500 2 315 1530  990      20
1984071506 1 318 1528  990      15
1984071512 1 320 1527  990      15
1984071518 1 320 1520  992      15
1984071600 1 315 1513  992      15
1984071606 1 310 1513  994      15
1984071612 1 308 1510  994      15
1984071618 1 307 1506  996      15
1984071700 1 305 1500  996      15
1984071706 1 305 1493  998      15
1984071712 1 303 1485 1000      15
1984071718 1 302 1476 1000      12
66666 0000   35 0006 0000 1 6 Dinah                              20110729
1984072400 1 213 1575 1002      15
1984072406 1 218 1566  999      15
1984072412 2 214 1558  995      20
1984072418 2 210 1549  992      20
1984072500 3 208 1539  992      25
1984072506 3 201 1528  987      25
1984072512 3 196 1524  984      30
1984072518 3 192 1519  980      30
1984072600 4 195 1515  974      35
1984072606 4 197 1510  963      40
1984072612 5 199 1505  958      45
1984072618 5 200 1504  956      45
1984072700 5 202 1502  956      45
1984072706 5 206 1506  962      45
1984072712 4 207 1507  966      40
1984072718 4 208 1511  964      40
1984072800 4 210 1514  962      40
1984072806 5 211 1518  960      45
1984072812 6 210 1527  917      60
1984072818 6 218 1533  917      60
1984072900 6 228 1536  916      60
1984072906 6 239 1541  925      60
1984072912 6 252 1544  936      55
1984072918 6 267 1547  939      55
1984073000 5 282 1550  943      50
1984073006 5 298 1555  952      45
1984073012 4 314 1561  959      40
1984073018 4 329 1569  959      40
1984073100 4 344 1579  970      35
1984073106 3 356 1600  975      30
1984073112 3 366 1624  980      25
1984073118 3 374 1641  980      25
1984080100 3 384 1658  980      25
1984080106 3 400 1695  980      25
1984080112 9 410 1750  980      25
66666 0000   37 0007 8406 0 6 Ed                                 20110729
1984072500 1 287 1350  997      15
1984072506 1 282 1355  995      15
1984072512 1 275 1361  992      15
1984072518 2 265 1365  990      20
1984072600 2 260 1377  985      20
1984072606 3 257 1390  985      25
1984072612 3 258 1400  983      25
1984072618 3 264 1404  983      25
1984072700 3 269 1408  982      25
1984072706 3 277 1404  978      25
1984072712 3 282 1397  974      30
1984072718 3 287 1389  973      30
1984072800 3 289 1377  975      30
1984072806 4 291 1367  970      35
1984072812 4 296 1355  970      35
1984072818 4 297 1342  966      40
1984072900 5 298 1328  962      45
1984072906 5 298 1319  957      50
1984072912 6 298 1308  953      55
1984072918 6 301 1297  947      55
1984073000 5 306 1282  954      50
1984073006 5 311 1265  960      45
1984073012 4 313 1251  965      40
1984073018 4 315 1238  970      35
1984073100 4 318 1228  975      35
1984073106 3 322 1221  980      30
1984073112 3 324 1214  985      30
1984073118 3 328 1207  988      25
1984080100 2 333 1205  989      20
1984080106 2 336 1204  989      20
1984080112 2 338 1202  990      20
1984080118 1 341 1199  993      15   20
1984080200 1 345 1196  995      15   20
1984080206 0 351 1196  997      10   20
1984080212 0 360 1195  999       9   15
1984080218 0 374 1188 1000       9   15
1984080300 1 385 1195 1000      12   20
66666 0000   44 0008 8407 1 6 Freda                              20110729
1984080200 0 160 1370 1006      10
1984080206 0 155 1365 1005      10
1984080212 0 148 1360 1005      10
1984080218 0 142 1355 1005      10
1984080300 0 133 1350 1005      10
1984080306 0 126 1347 1005      10
1984080312 0 119 1341 1004      10
1984080318 0 112 1333 1004      10
1984080400 1 112 1324 1004      12
1984080406 1 118 1316 1003      15
1984080412 1 125 1310 1002      15
1984080418 1 135 1304 1000      15
1984080500 1 150 1297 1000      15
1984080506 1 161 1291  998      15
1984080512 1 167 1280  996      15
1984080518 2 173 1269  993      20
1984080600 2 190 1260  992      20
1984080606 2 202 1255  991      20
1984080612 3 209 1252  985      25
1984080618 3 222 1248  985      25
1984080700 3 247 1230  985      30
1984080706 3 249 1215  985      25
1984080712 3 256 1208  987      25
1984080718 3 265 1198  988      25
1984080800 0 278 1188  995       9   25
1984080806 0 290 1173  995       9   25
1984080812 0 299 1161  996       9   25
1984080818 0 307 1154  996       9   25
1984080900 0 319 1147  996       9   20
1984080906 0 332 1142  997       9   20
1984080912 0 349 1153  997       9   20
1984080918 0 370 1160  996       9   20
1984081000 1 393 1169  993      15   20
1984081006 9 413 1200  995      15   20
1984081012 9 427 1218  995      15   20
1984081018 9 439 1240  998      15   20
1984081100 9 452 1265  998      15
1984081106 9 456 1330  996      15
1984081112 9 465 1370  996       0
1984081118 9 467 1414  995       0
1984081200 9 467 1461  994       0
1984081206 9 467 1498  990       0
1984081212 9 468 1530  988       0
1984081218 9 470 1562  986       0
66666 0000    9 0009 0000 0 6 (nameless)                         20110729
1984080906 0 195 1150 1001      10
1984080912 0 188 1140 1001      10
1984080918 1 181 1130 1001      12
1984081000 1 183 1117 1001      12
1984081006 1 190 1108 1000      15
1984081012 1 195 1102 1000      12
1984081018 1 205 1106 1001      12
1984081100 1 211 1110 1001      12
1984081106 0 214 1120 1001      10
66666 0000   17 0010 0000 0 6 (nameless)                         20110729
1984081012 0 150 1330 1004      10
1984081018 0 154 1316 1004      10
1984081100 0 163 1305 1003      10
1984081106 1 170 1300 1003      12
1984081112 1 174 1290 1003      12
1984081118 1 177 1279 1002      12
1984081200 1 179 1268 1000      12
1984081206 1 182 1258 1000      12
1984081212 1 189 1250 1000      12
1984081218 1 197 1241  999      12
1984081300 1 203 1230  997      12
1984081306 1 205 1214  996      12
1984081312 1 200 1215  996      12
1984081318 1 211 1220  996      12
1984081400 0 217 1203  996      10
1984081406 0 224 1198  996      10
1984081412 0 229 1195  997       9
66666 0000   13 0011 0000 2 6 (nameless)                         20110729
1984081400 0 205 1350 1001      10
1984081406 0 215 1352 1000      10
1984081412 1 223 1350 1000      12
1984081418 1 228 1336  998      12
1984081500 1 231 1321  996      15
1984081506 1 236 1310  996      15
1984081512 1 240 1298  996      15
1984081518 1 240 1283  995      15
1984081600 1 232 1272  994      15
1984081606 1 224 1274  992      15
1984081612 1 219 1283  990      15
1984081618 1 213 1295  990      15
1984081700 1 210 1305  990      15
66666 0000   28 0012 8408 0 6 Gerald                             20110729
1984081500 1 195 1180  996      12
1984081506 1 198 1185  996      12
1984081512 1 197 1190  995      12
1984081518 1 197 1190  995      12
1984081600 1 202 1185  992      15
1984081606 2 202 1180  988      20
1984081612 2 200 1174  985      20
1984081618 2 195 1168  983      20
1984081700 3 190 1163  980      25
1984081706 3 186 1161  980      25
1984081712 3 185 1159  980      25
1984081718 3 185 1156  979      25
1984081800 3 185 1150  980      25
1984081806 3 187 1142  980      25
1984081812 3 185 1135  980      25
1984081818 3 183 1127  980      25
1984081900 3 183 1124  975      30
1984081906 3 184 1121  975      30
1984081912 3 186 1120  975      30
1984081918 3 188 1119  975      30
1984082000 3 194 1123  980      25
1984082006 3 199 1128  985      25
1984082012 3 207 1133  985      25
1984082018 3 215 1136  985      25
1984082100 2 219 1142  988      20
1984082106 1 229 1148  990      15
1984082112 1 240 1154  996      15
1984082118 0 255 1155  999      10
66666 0000   31 0013 8409 0 6 Holly                              20110729
1984081512 1 215 1330  996      15
1984081518 2 225 1333  993      20
1984081600 3 230 1325  990      25
1984081606 3 227 1318  989      25
1984081612 3 226 1310  986      25
1984081618 3 228 1305  985      25
1984081700 3 225 1297  983      30
1984081706 3 229 1296  978      30
1984081712 4 231 1289  975      35
1984081718 4 232 1285  971      35
1984081800 4 237 1279  971      35
1984081806 4 248 1275  972      35
1984081812 4 252 1270  972      35
1984081818 4 259 1268  968      35
1984081900 4 260 1263  963      35
1984081906 4 267 1264  967      35
1984081912 4 278 1268  966      35
1984081918 4 287 1266  965      35
1984082000 4 296 1264  965      35
1984082006 4 303 1262  965      35
1984082012 4 312 1265  967      35
1984082018 4 321 1270  972      35
1984082100 4 331 1279  975      35
1984082106 4 341 1290  975      35
1984082112 3 352 1308  976      30
1984082118 3 368 1327  978      30
1984082200 3 384 1350  980      30
1984082206 3 403 1367  983      25
1984082212 9 413 1381  987      25
1984082218 9 415 1395  988      25
1984082300 9 415 1402  990      20
66666 0000    7 0013 8409 0 6 Holly(-)1                          20110729
1984082300 2 415 1460  990      20
1984082306 2 407 1488  992      20
1984082312 2 398 1511  994      20
1984082318 2 389 1528  998      20
1984082400 1 380 1540 1002      15
1984082406 1 369 1560 1005      15
1984082412 1 363 1583 1008      15
66666 0000   25 0014 0000 0 6 (nameless)                         20110729
1984082300 0 198 1424 1000      10
1984082306 0 200 1419 1000      10
1984082312 0 201 1411 1000      10
1984082318 0 203 1401 1000      10
1984082400 1 204 1390  998      12
1984082406 1 210 1375  996      12
1984082412 1 221 1357  996      12
1984082418 1 231 1339  996      12
1984082500 1 240 1320  996      12
1984082506 1 248 1305  996      12
1984082512 1 259 1295  998      12
1984082518 1 270 1285  999      12
1984082600 1 281 1275 1000      12
1984082606 1 290 1268 1001      12
1984082612 1 300 1255 1002      12
1984082618 1 309 1241 1002      12
1984082700 1 321 1229 1002      12
1984082706 1 337 1220 1002      12
1984082712 0 350 1216 1005      10
1984082718 0 362 1218 1006       9
1984082800 0 373 1224 1006       9
1984082806 0 378 1235 1007       9
1984082812 0 380 1246 1008       9
1984082818 0 378 1253 1008       9
1984082900 0 373 1255 1008       9
66666 0000   44 0015 8410 0 6 Ike                                20110729
1984082618 1 105 1459 1004      12
1984082700 1 110 1450 1002      15
1984082706 2 116 1444  996      20
1984082712 2 119 1438  996      20
1984082718 2 125 1432  996      20
1984082800 2 132 1424  995      20
1984082806 2 137 1418  995      20
1984082812 2 134 1413  995      20
1984082818 2 127 1410  995      20
1984082900 2 123 1404  992      20
1984082906 2 122 1398  990      20
1984082912 2 121 1390  990      20
1984082918 3 115 1385  985      25
1984083000 3 110 1379  985      25
1984083006 3 107 1371  983      25
1984083012 3 106 1363  980      30
1984083018 3 102 1354  975      30
1984083100 4 102 1345  970      35
1984083106 4 101 1333  965      35
1984083112 4  99 1320  960      40
1984083118 4  98 1308  955      40
1984090100 5  97 1296  953      45
1984090106 5  95 1282  947      50
1984090112 5  94 1269  950      45
1984090118 5  96 1256  955      45
1984090200 4 100 1241  960      40
1984090206 4 103 1226  965      35
1984090212 3 108 1218  980      25
1984090218 3 114 1208  985      25
1984090300 3 120 1201  990      25
1984090306 3 128 1195  985      30
1984090312 3 137 1185  980      30
1984090318 3 143 1175  975      30
1984090400 4 151 1166  975      35
1984090406 4 160 1155  965      40
1984090412 4 168 1144  960      40
1984090418 5 174 1132  960      45
1984090500 5 184 1122  955      45
1984090506 4 191 1112  960      40
1984090512 4 201 1102  970      35
1984090518 3 208 1096  970      30
1984090600 3 217 1087  970      30
1984090606 2 225 1082  990      20
1984090612 1 234 1074  995      15
66666 0000   21 0016 8411 0 6 June                               20110729
1984082618 1 179 1319  998      12
1984082700 1 176 1311  998      15
1984082706 2 175 1299  995      20
1984082712 2 176 1288  993      20
1984082718 2 176 1274  993      20
1984082800 2 178 1260  990      20
1984082806 3 179 1246  986      25
1984082812 3 182 1235  986      25
1984082818 3 184 1225  985      25
1984082900 3 188 1215  985      25
1984082906 3 191 1201  985      25
1984082912 3 196 1192  985      25
1984082918 3 200 1185  985      25
1984083000 3 207 1180  985      25
1984083006 3 214 1175  980      30
1984083012 3 220 1169  980      30
1984083018 3 228 1162  980      30
1984083100 1 234 1155  990      12   25
1984083106 1 240 1147  990      12   20
1984083112 0 247 1142  992      10   20
1984083118 0 254 1148  994       9   15
66666 0000   26 0017 0000 1 6 Kelly                              20110729
1984091218 1 210 1710 1004      12
1984091300 1 210 1710 1004      12
1984091306 1 210 1710 1002      12
1984091312 1 210 1710 1002      12
1984091318 1 210 1710 1000      15
1984091400 2 210 1710  998      20
1984091406 2 216 1716  994      20
1984091412 2 225 1719  990      20
1984091418 2 238 1720  990      20
1984091500 3 250 1719  985      25
1984091506 3 263 1715  980      25
1984091512 3 275 1712  975      30
1984091518 3 291 1701  970      30
1984091600 4 300 1689  965      35
1984091606 4 310 1673  965      35
1984091612 4 312 1665  964      35
1984091618 4 317 1656  964      35
1984091700 3 321 1652  970      30
1984091706 3 328 1660  970      30
1984091712 3 338 1670  975      30
1984091718 3 347 1680  980      25
1984091800 9 359 1691  980      25
1984091806 9 375 1710  980      25
1984091812 9 383 1735  985      25
1984091818 9 391 1759  985      25
1984091900 9 400 1790  985      25
66666 0000   19 0018 0000 0 6 Lynn                               20110729
1984092300 0 178 1197 1003      10
1984092306 1 180 1190 1001      12
1984092312 1 182 1186 1000      15
1984092318 1 184 1181 1000      15
1984092400 1 186 1175 1000      15
1984092406 1 188 1169 1000      15
1984092412 1 189 1158 1000      15
1984092418 1 190 1150 1000      15
1984092500 1 185 1145 1000      15
1984092506 1 181 1135 1000      15
1984092512 1 176 1130 1000      15
1984092518 1 167 1120 1000      15
1984092600 1 162 1110 1000      15
1984092606 1 159 1106 1000      15
1984092612 1 150 1110 1000      15
1984092618 1 150 1110 1000      15
1984092700 1 148 1102 1000      15
1984092706 1 155 1092 1002      12
1984092712 0 158 1082 1004      10
66666 0000   27 0019 8412 1 6 Nina                               20110729
1984092606 0 220 1475 1004      10
1984092612 0 210 1460 1004      10
1984092618 1 205 1440 1004      12
1984092700 1 208 1420 1002      15
1984092706 1 212 1408 1000      15
1984092712 2 225 1404  998      20
1984092718 2 232 1410  998      20
1984092800 2 240 1412  998      20
1984092806 2 237 1408  995      20
1984092812 2 249 1409  995      20
1984092818 2 252 1406  995      20
1984092900 2 255 1406  995      20
1984092906 2 261 1405  995      20
1984092912 2 265 1405  995      20
1984092918 2 270 1410  995      20
1984093000 2 275 1416  994      20
1984093006 2 280 1428  994      20
1984093012 2 290 1442  994      20
1984093018 2 303 1460  992      20
1984100100 3 318 1485  987      25
1984100106 3 340 1525  990      25
1984100112 3 348 1560  992      25
1984100118 2 360 1602  995      20
1984100200 2 365 1645  995      20
1984100206 2 375 1685  998      20
1984100212 2 380 1730  998      20
1984100218 1 400 1790 1000      15
66666 0000   14 0020 8413 2 6 Maury                              20110729
1984092706 1 245 1500 1000      15
1984092712 1 243 1510 1000      15
1984092718 1 242 1518  998      15
1984092800 2 240 1525  995      20
1984092806 2 238 1522  995      20
1984092812 2 237 1519  992      20
1984092818 3 238 1515  990      25
1984092900 3 242 1507  990      25
1984092906 3 248 1505  990      25
1984092912 3 254 1500  990      25
1984092918 3 265 1498  990      25
1984093000 3 280 1496  992      25
1984093006 1 300 1497  996      15
1984093012 1 329 1492  996      15
66666 0000   15 0021 0000 1 6 Ogden                              20110729
1984100618 1 180 1523 1000      15
1984100700 1 186 1522  999      15
1984100706 1 192 1522  997      15
1984100712 1 202 1524  997      15
1984100718 1 218 1523  997      15
1984100800 2 238 1540  990      20
1984100806 3 255 1547  988      25
1984100812 3 270 1557  986      25
1984100818 3 283 1568  984      30
1984100900 9 294 1582  982      35
1984100906 9 308 1605  982      35
1984100912 9 322 1630  984      30
1984100918 9 339 1659  985      30
1984101000 9 355 1698  985      30
1984101006 9 380 1750  985      25
66666 0000   14 0022 8414 1 6 Susan                              20110729
1984101000 1 104 1165 1005      12
1984101006 1 108 1168 1003      12
1984101012 1 112 1170 1003      12
1984101018 1 115 1170 1003      12
1984101100 1 115 1165 1003      12
1984101106 1 116 1157 1003      12
1984101112 1 114 1150 1001      15
1984101118 1 115 1141 1001      15
1984101200 2 123 1126  998      20
1984101206 2 120 1112  996      20
1984101212 1 117 1087 1000      15
1984101218 1 125 1077 1000      12
1984101300 1 133 1070 1000      12
1984101306 0 142 1065 1004      10
66666 0000   11 0023 0000 0 6 Roy                                20110729
1984101012 0 113 1436 1006       9
1984101018 0 120 1436 1004      10
1984101100 1 127 1434 1002      12
1984101106 1 135 1431  999      15
1984101112 2 143 1431  998      20
1984101118 2 149 1432  998      20
1984101200 2 154 1433  998      20
1984101206 2 163 1435  996      20
1984101212 1 174 1437  998      15
1984101218 1 187 1439 1000      15
1984101300 1 200 1445 1000      15
66666 0000   14 0024 0000 1 6 Phyllis                            20110729
1984101100 1 198 1530 1000      15
1984101106 2 201 1523  988      20
1984101112 3 207 1521  986      25
1984101118 3 214 1517  985      30
1984101200 3 222 1513  982      30
1984101206 4 230 1511  978      35
1984101212 4 238 1511  974      35
1984101218 4 247 1513  975      35
1984101300 4 256 1513  980      35
1984101306 3 276 1514  990      30
1984101312 3 297 1514  997      25
1984101318 3 316 1517  998      25
1984101400 9 340 1524  999      20
1984101406 9 380 1570  999      20
66666 0000   28 0025 8415 1 6 Thad                               20110729
1984101706 1  87 1486 1000      12
1984101712 1  88 1478 1000      12
1984101718 1  95 1470  998      15
1984101800 1 103 1465  998      15
1984101806 1 107 1459  998      15
1984101812 1 115 1455  998      15
1984101818 1 119 1463  998      15
1984101900 1 122 1472  996      15
1984101906 1 129 1479  992      15
1984101912 2 140 1475  988      20
1984101918 2 150 1465  985      20
1984102000 3 166 1460  980      25
1984102006 3 178 1457  975      30
1984102012 4 190 1453  970      35
1984102018 4 202 1446  960      35
1984102100 4 217 1440  948      40
1984102106 5 228 1435  936      45
1984102112 5 235 1438  936      45
1984102118 5 248 1442  936      45
1984102200 5 260 1451  935      50
1984102206 6 272 1467  925      55
1984102212 5 286 1488  945      45
1984102218 4 300 1510  965      35
1984102300 9 314 1530  980      30
1984102306 9 330 1570  980      30
1984102312 9 345 1605  985      25
1984102318 9 358 1640  990      25
1984102400 9 366 1670  990      25
66666 0000   10 0026 0000 0 6 (nameless)                         20110729
1984101712 1 117 1330 1003      12
1984101718 1 119 1315 1000      15
1984101800 1 118 1302 1000      15
1984101806 1 117 1294 1000      15
1984101812 1 117 1287 1003      12
1984101818 1 119 1282 1003      12
1984101900 1 125 1277 1003      12
1984101906 1 124 1262 1003      12
1984101912 0 125 1240 1004      10
1984101918 0 125 1225 1004      10
66666 0000   37 0027 8416 1 6 Vanessa                            20110729
1984102200 0  70 1590 1002      10
1984102206 0  75 1575 1002      10
1984102212 1  80 1560 1000      12
1984102218 1  90 1545 1000      12
1984102300 1  94 1532  998      15
1984102306 2  98 1521  996      20
1984102312 3 102 1507  992      25
1984102318 3 105 1491  988      25
1984102400 3 106 1476  984      30
1984102406 3 113 1460  984      30
1984102412 3 121 1445  984      30
1984102418 4 123 1422  970      35
1984102500 4 129 1404  965      40
1984102506 5 133 1389  935      45
1984102512 6 142 1372  910      55
1984102518 6 148 1357  900      60
1984102600 6 155 1341  890      65
1984102606 6 159 1327  885      65
1984102612 6 161 1318  879      65
1984102618 6 164 1311  885      65
1984102700 6 171 1304  895      65
1984102706 6 179 1298  900      65
1984102712 6 187 1295  905      60
1984102718 6 197 1293  910      60
1984102800 6 205 1294  910      60
1984102806 6 212 1301  915      60
1984102812 6 223 1311  928      60
1984102818 6 229 1324  926      60
1984102900 6 235 1340  924      60
1984102906 6 240 1360  930      55
1984102912 5 251 1380  940      45
1984102918 4 264 1403  950      40
1984103000 4 283 1432  962      35
1984103006 3 308 1468  965      30
1984103012 9 335 1515  975      30
1984103018 9 360 1560  975      30
1984103100 9 400 1620  975      30
66666 0000   46 0028 8417 1 6 Warren                             20110729
1984102200 0 120 1185 1005      10
1984102206 1 117 1180 1003      12
1984102212 1 116 1176 1003      12
1984102218 1 115 1172 1003      12
1984102300 1 114 1169 1003      12
1984102306 1 115 1166 1000      15
1984102312 1 118 1164  998      15
1984102318 1 122 1163  998      15
1984102400 1 127 1162  997      15
1984102406 2 132 1161  996      20
1984102412 3 137 1161  992      25
1984102418 3 142 1161  988      25
1984102500 3 147 1164  985      30
1984102506 3 145 1157  985      30
1984102512 3 145 1152  982      30
1984102518 3 146 1148  982      30
1984102600 3 146 1146  982      30
1984102606 3 145 1144  982      30
1984102612 3 146 1144  980      30
1984102618 3 148 1145  980      30
1984102700 3 149 1146  980      30
1984102706 3 154 1150  980      30
1984102712 3 152 1155  976      30
1984102718 3 153 1161  976      30
1984102800 3 154 1168  976      30
1984102806 3 156 1178  976      30
1984102812 3 157 1181  976      30
1984102818 3 156 1180  980      30
1984102900 3 155 1178  985      30
1984102906 3 155 1176  985      25
1984102912 3 155 1173  985      25
1984102918 3 154 1169  988      25
1984103000 3 154 1167  994      25
1984103006 3 154 1162  994      25
1984103012 2 153 1154  996      20
1984103018 2 151 1148  998      20
1984103100 1 147 1142 1002      15   20
1984103106 1 144 1136 1002      15   20
1984103112 1 141 1130 1002      15
1984103118 1 139 1123 1002      15
1984110100 2 138 1114 1000      20
1984110106 2 140 1105 1000      20
1984110112 2 138 1096 1000      20
1984110118 2 135 1086 1000      20
1984110200 1 135 1070 1002      15
1984110206 1 138 1050 1002      15
66666 0000    9 0029 0000 0 6 (nameless)                         20110729
1984102412 0 177 1272 1004      10
1984102418 1 180 1265 1000      15
1984102500 1 180 1265 1000      15
1984102506 1 185 1258 1000      15
1984102512 1 188 1250 1000      15
1984102518 1 190 1238 1000      15
1984102600 1 195 1227 1000      15
1984102606 1 205 1212 1000      15
1984102612 0 205 1195 1002      10
66666 0000   32 0030 8418 0 6 Agnes                              20110729
1984103118 1  62 1452 1004      12
1984110100 1  59 1442 1000      15
1984110106 2  58 1429  996      20
1984110112 3  66 1418  992      25
1984110118 3  73 1405  990      25
1984110200 3  78 1394  990      25
1984110206 3  83 1383  988      30
1984110212 3  86 1373  985      30
1984110218 4  89 1363  980      35
1984110300 4  92 1352  975      40
1984110306 5  93 1339  955      45
1984110312 5  96 1326  940      45
1984110318 5  98 1314  930      50
1984110400 5 100 1301  925      50
1984110406 5 105 1288  925      50
1984110412 5 108 1273  925      50
1984110418 5 112 1259  925      50
1984110500 5 116 1239  940      45
1984110506 5 117 1222  950      45
1984110512 4 119 1209  975      35
1984110518 4 120 1192  975      35
1984110600 4 122 1175  970      40
1984110606 4 127 1157  970      40
1984110612 5 130 1141  965      45
1984110618 5 133 1126  950      45
1984110700 5 137 1113  945      50
1984110706 5 139 1102  950      50
1984110712 4 142 1086  975      35
1984110718 2 145 1078  985      20
1984110800 1 150 1070  995      15
1984110806 1 158 1060 1002      12
1984110812 0 145 1040 1004      10
66666 0000   58 0031 8419 0 6 Bill                               20110729
1984110806 0 146 1537 1004      10
1984110812 1 143 1536 1002      12
1984110818 1 142 1535 1000      12
1984110900 1 138 1537 1000      15
1984110906 1 143 1539  998      15
1984110912 2 143 1539  996      20
1984110918 2 143 1539  996      20
1984111000 3 143 1539  990      25
1984111006 3 143 1539  990      25
1984111012 3 144 1534  990      25
1984111018 3 145 1532  990      25
1984111100 3 146 1529  990      25
1984111106 3 145 1522  990      25
1984111112 3 142 1514  990      25
1984111118 3 138 1504  990      25
1984111200 3 135 1491  985      25
1984111206 3 132 1476  985      30
1984111212 3 128 1461  980      30
1984111218 4 130 1441  975      35
1984111300 4 129 1421  968      35
1984111306 4 128 1402  965      40
1984111312 4 126 1385  965      40
1984111318 5 127 1369  950      45
1984111400 5 128 1353  930      50
1984111406 5 132 1339  920      50
1984111412 6 137 1323  912      55
1984111418 6 143 1309  910      60
1984111500 6 150 1298  920      55
1984111506 5 159 1288  930      50
1984111512 5 166 1279  935      50
1984111518 5 170 1273  935      50
1984111600 5 173 1266  940      50
1984111606 5 175 1258  945      50
1984111612 5 175 1249  950      50
1984111618 5 178 1242  950      50
1984111700 5 182 1236  950      50
1984111706 6 188 1230  935      55
1984111712 6 194 1227  935      55
1984111718 5 199 1226  940      50
1984111800 5 202 1226  952      45
1984111806 4 204 1230  960      40
1984111812 4 203 1235  960      40
1984111818 4 199 1238  980      35
1984111900 3 195 1239  985      25
1984111906 3 183 1246  990      25
1984111912 1 169 1256  995      15
1984111918 1 168 1263 1000      12
1984112000 1 163 1273 1000      12
1984112006 1 160 1276 1000      12
1984112012 1 154 1281 1000      15
1984112018 2 150 1287  998      20
1984112100 2 145 1290  998      20
1984112106 2 140 1291  998      20
1984112112 2 135 1295  998      20
1984112118 2 130 1288  998      20
1984112200 1 125 1280 1000      15
1984112206 0 119 1271 1004      10
1984112212 0 112 1265 1004      10
66666 0000   34 0032 8420 0 6 Clara                              20110729
1984111318 0  47 1566 1004      10
1984111400 0  52 1563 1004      10
1984111406 0  56 1558 1002      10
1984111412 1  63 1544 1000      12
1984111418 1  70 1530 1000      15
1984111500 2  73 1519  998      20
1984111506 2  80 1506  996      20
1984111512 2  86 1489  990      20
1984111518 3  90 1475  990      25
1984111600 3  92 1460  985      30
1984111606 3  95 1446  985      30
1984111612 3  97 1431  985      30
1984111618 3 102 1415  985      30
1984111700 4 106 1397  975      35
1984111706 4 112 1385  970      40
1984111712 5 115 1374  965      45
1984111718 5 119 1361  960      45
1984111800 5 124 1346  960      45
1984111806 5 130 1337  960      45
1984111812 5 139 1331  955      45
1984111818 5 148 1327  955      45
1984111900 4 157 1324  955      40
1984111906 4 171 1322  955      40
1984111912 5 188 1324  945      50
1984111918 5 199 1325  945      50
1984112000 5 208 1332  940      50
1984112006 5 221 1346  940      50
1984112012 4 231 1359  950      40
1984112018 3 249 1379  970      30
1984112100 3 260 1407  985      25
1984112106 2 268 1436  990      20
1984112112 1 272 1470  995      15
1984112118 1 276 1489 1002      12
1984112200 0 279 1511 1004      10
66666 0000   33 0033 8421 0 6 Doyle                              20110729
1984120400 0  90 1420 1004      10
1984120406 0  85 1402 1004      10
1984120412 1  83 1393 1000      12
1984120418 1  85 1384 1000      12
1984120500 1  87 1374  994      15
1984120506 2  91 1368  992      20
1984120512 2  96 1360  990      20
1984120518 3 102 1354  986      25
1984120600 3 111 1349  990      25
1984120606 3 116 1344  990      25
1984120612 3 121 1338  990      25
1984120618 3 129 1335  982      30
1984120700 4 135 1332  972      35
1984120706 4 146 1329  960      40
1984120712 5 151 1324  948      45
1984120718 5 154 1320  942      50
1984120800 5 158 1317  935      50
1984120806 5 161 1313  940      50
1984120812 5 165 1311  940      50
1984120818 5 170 1306  945      50
1984120900 5 175 1304  952      45
1984120906 4 182 1302  965      40
1984120912 4 189 1299  987      35
1984120918 3 193 1301  990      25
1984121000 2 206 1307  993      20
1984121006 2 213 1312  993      20
1984121012 2 222 1321  997      20
1984121018 1 229 1326 1000      15
1984121100 0 237 1333 1002      10
1984121106 0 250 1355 1004      10
1984121112 0 260 1380 1004      10
1984121118 0 270 1405 1004      10
1984121200 0 280 1430 1006       9
