66666 0000   31 0001 0000 0 6 Violet                             20110729
1955010100 0  77 1400 1004      10
1955010106 1  74 1390 1000      15
1955010112 1  72 1377 1000      15
1955010118 1  70 1365 1000      15
1955010200 2  69 1353  998      20
1955010206 3  68 1345  998      25
1955010212 3  68 1338  997      25
1955010218 3  68 1328  997      25
1955010300 3  68 1320  997      30
1955010306 3  68 1315  997      30
1955010312 3  68 1308  997      30
1955010318 3  69 1304  996      30
1955010400 3  69 1298  996      30
1955010406 4  69 1280  995      35
1955010412 4  68 1265  995      35
1955010418 3  68 1250  995      30
1955010500 3  69 1240  995      30
1955010506 3  71 1231  995      30
1955010512 2  75 1224 1000      20
1955010518 2  82 1217 1000      20
1955010600 2  87 1210 1000      20
1955010606 1  92 1204 1006      15
1955010612 0  97 1199 1006      10
1955010618 0 102 1193 1008      10
1955010700 0 106 1187 1008       0
1955010706 0 106 1180 1008       0
1955010712 0 102 1173 1008       0
1955010718 0  97 1167 1008       0
1955010800 0  94 1162 1008       0
1955010806 0  90 1156 1008       0
1955010812 0  85 1150 1008       0
66666 0000   24 0002 0000 0 6 (nameless)                         20110729
1955022300 0  70 1340 1006       0
1955022306 0  74 1333 1006      10
1955022312 1  79 1326 1004      15
1955022318 1  82 1318 1004      15
1955022400 2  83 1308  998      20
1955022406 3  83 1305  996      25
1955022412 3  83 1304  996      25
1955022418 3  83 1303  998      25
1955022500 3  83 1302 1000      25
1955022506 2  84 1299 1000      20
1955022512 2  86 1295 1000      20
1955022518 2  89 1293 1000      20
1955022600 2  93 1291 1000      20
1955022606 1 100 1287 1000      15
1955022612 1 105 1283 1000      15
1955022618 1 112 1279 1000      15
1955022700 1 117 1274 1000      15
1955022706 1 123 1272 1000      15
1955022712 1 126 1274 1000      15
1955022718 1 127 1277 1000      15
1955022800 2 128 1280  999      20
1955022806 2 129 1282  999      20
1955022812 1 130 1286 1002      15
1955022818 1 130 1290 1002      15
66666 0000   39 0003 0000 0 6 Wilda                              20110729
1955032106 2  67 1682  998      20
1955032112 2  72 1678  998      20
1955032118 2  77 1674  998      20
1955032200 2  84 1670  998      20
1955032206 2  91 1663  998      20
1955032212 2  93 1658  998      20
1955032218 1  95 1654 1000      15
1955032300 1  97 1650 1000      15
1955032306 1 100 1646 1000      15
1955032312 1 107 1642 1000      15
1955032318 1 120 1637 1000      15
1955032400 1 134 1633 1000      15
1955032406 1 145 1628 1000      15
1955032412 2 155 1620  999      20
1955032418 2 165 1611  998      20
1955032500 3 175 1604  997      25
1955032506 3 184 1599  994      25
1955032512 3 194 1593  991      25
1955032518 3 204 1586  988      30
1955032600 4 214 1581  986      35
1955032606 4 223 1584  986      35
1955032612 4 232 1582  986      35
1955032618 4 242 1580  984      40
1955032700 4 248 1585  983      40
1955032706 4 251 1594  989      35
1955032712 3 255 1610  996      25
1955032718 1 259 1628 1002      15
1955032800 0 263 1645 1004      10
1955032806 0 266 1658 1004      10
1955032812 0 269 1670 1008       0
1955032818 0 272 1682 1008       0
1955032900 0 276 1694 1008       0
1955032906 0 279 1706 1010       0
1955032912 0 283 1719 1010       0
1955032918 0 288 1732 1010       0
1955033000 9 292 1741 1012       0
1955033006 9 296 1753 1012       0
1955033012 9 299 1764 1012       0
1955033018 9 301 1771 1014       0
66666 0000   54 0004 0000 0 6 Anita                              20110729
1955041700 3  69 1394  995      30
1955041706 4  74 1394  980      40
1955041712 4  80 1393  980      40
1955041718 4  86 1391  980      40
1955041800 4  93 1386  986      35
1955041806 4  97 1380  989      35
1955041812 3 103 1376  993      30
1955041818 3 106 1374  996      25
1955041900 2 110 1370  998      20
1955041906 2 115 1366  997      20
1955041912 3 121 1363  993      25
1955041918 3 128 1359  989      30
1955042000 3 132 1354  988      30
1955042006 3 134 1347  990      30
1955042012 3 136 1342  992      30
1955042018 3 139 1339  995      30
1955042100 3 143 1336  997      25
1955042106 2 152 1336  998      20
1955042112 3 161 1333  994      25
1955042118 3 167 1329  991      30
1955042200 4 171 1324  988      35
1955042206 4 174 1321  988      35
1955042212 4 177 1319  988      35
1955042218 4 179 1316  987      40
1955042300 4 182 1313  987      40
1955042306 4 186 1309  987      40
1955042312 4 190 1305  984      40
1955042318 4 194 1301  980      40
1955042400 5 198 1300  975      45
1955042406 5 203 1300  975      45
1955042412 5 210 1302  974      45
1955042418 4 215 1306  976      40
1955042500 4 220 1310  979      40
1955042506 4 224 1314  983      35
1955042512 4 222 1320  988      35
1955042518 3 220 1316  994      30
1955042600 3 227 1317  999      25
1955042606 3 231 1312 1000      25
1955042612 2 232 1305 1000      20
1955042618 2 233 1296 1005      20
1955042700 2 238 1287 1005      20
1955042706 1 243 1281 1008      15
1955042712 1 250 1280 1008      12
1955042718 1 254 1282 1008      12
1955042800 0 259 1288 1010       0
1955042806 9 265 1296 1010       0
1955042812 9 274 1305 1010       0
1955042818 9 284 1314 1012       0
1955042900 9 292 1320 1012       0
1955042906 9 300 1333 1012       0
1955042912 9 302 1350 1012       0
1955042918 9 299 1370 1012       0
1955043000 9 286 1405 1014       0
1955043006 9 280 1450 1014       0
66666 0000   40 0005 0000 1 6 Billie                             20110729
1955060200 1 182 1150 1004      12
1955060206 1 184 1150 1004      12
1955060212 1 186 1150 1000      15
1955060218 2 188 1149 1000      20
1955060300 3 190 1149  992      25
1955060306 3 192 1149  990      25
1955060312 3 194 1148  988      30
1955060318 3 196 1148  988      30
1955060400 4 198 1147  986      35
1955060406 4 200 1147  988      35
1955060412 3 202 1146  990      30
1955060418 3 208 1146  990      30
1955060500 3 212 1142  990      25
1955060506 3 216 1135  990      25
1955060512 3 219 1130  990      25
1955060518 2 227 1126  994      20
1955060600 1 238 1125  995      15
1955060606 1 246 1132 1000      15
1955060612 1 265 1150 1006      12
1955060618 9 287 1177 1006      12
1955060700 9 307 1222 1006      12
1955060706 9 318 1250 1004       0
1955060712 9 327 1275 1002       0
1955060718 9 335 1305 1000       0
1955060800 9 344 1360  998       0
1955060806 9 354 1393  995       0
1955060812 9 368 1420  995       0
1955060818 9 387 1460  995       0
1955060900 9 405 1487  993       0
1955060906 9 417 1505  990       0
1955060912 9 427 1520  992       0
1955060918 9 432 1540  992       0
1955061000 9 437 1555  995       0
1955061006 9 440 1595  995       0
1955061012 9 435 1635  995       0
1955061018 9 425 1665  995       0
1955061100 9 415 1690  998       0
1955061106 9 405 1715 1000       0
1955061112 9 400 1740 1000       0
1955061118 9 405 1765 1000       0
66666 0000   18 0006 0000 1 6 (nameless)                         20110729
1955062300 1 112 1137 1000      15
1955062306 1 115 1135 1000      15
1955062312 1 119 1134 1000      15
1955062318 1 122 1133 1000      15
1955062400 2 127 1130 1000      20
1955062406 2 134 1127  999      20
1955062412 2 142 1123  998      20
1955062418 2 150 1119  995      20
1955062500 3 155 1116  990      25
1955062506 3 160 1112  985      30
1955062512 3 166 1107  980      30
1955062518 4 172 1103  970      35
1955062600 4 178 1098  972      35
1955062606 3 185 1090  976      25
1955062612 3 194 1081  985      25
1955062618 3 202 1072  990      25
1955062700 1 210 1064  993      15
1955062706 1 213 1056  996      15
66666 0000   54 0007 0000 0 6 Clara                              20110729
1955070500 0  97 1474 1008       0
1955070506 0 105 1466 1008       0
1955070512 0 114 1456 1008       0
1955070518 0 121 1449 1006       0
1955070600 0 127 1442 1006       0
1955070606 1 131 1436 1006      15
1955070612 1 135 1426 1006      15
1955070618 1 136 1414 1006      15
1955070700 1 139 1402 1006      15
1955070706 1 140 1392 1005      15
1955070712 1 141 1385 1005      15
1955070718 1 143 1378 1005      15
1955070800 1 144 1374 1005      15
1955070806 2 144 1367 1004      20
1955070812 2 145 1361 1004      20
1955070818 2 146 1357 1004      20
1955070900 3 150 1354 1002      25
1955070906 3 158 1350  993      30
1955070912 4 164 1346  993      35
1955070918 4 170 1342  993      35
1955071000 4 177 1337  992      35
1955071006 4 186 1330  987      35
1955071012 4 198 1320  979      40
1955071018 4 207 1306  970      40
1955071100 5 212 1299  959      50
1955071106 6 218 1288  953      55
1955071112 6 224 1277  947      60
1955071118 6 230 1266  942      60
1955071200 6 238 1258  937      60
1955071206 6 242 1251  933      65
1955071212 6 248 1248  928      70
1955071218 6 251 1249  923      70
1955071300 6 256 1250  918      75
1955071306 6 260 1251  925      70
1955071312 6 266 1252  933      65
1955071318 6 272 1252  940      60
1955071400 6 277 1252  948      55
1955071406 5 281 1252  951      50
1955071412 5 286 1251  956      50
1955071418 5 292 1250  960      45
1955071500 4 299 1249  965      40
1955071506 4 308 1246  970      40
1955071512 3 318 1240  980      30
1955071518 3 326 1231  980      30
1955071600 3 335 1225  985      30
1955071606 3 340 1219  990      25
1955071612 2 348 1211  992      20
1955071618 1 354 1208  996      15
1955071700 1 360 1206  998      12
1955071706 1 366 1214  998      12
1955071712 1 372 1218 1000      12
1955071718 0 378 1223 1002       0
1955071800 0 385 1227 1002       0
1955071806 0 390 1230 1003       0
66666 0000   11 0008 0000 0 6 (nameless)                         20110729
1955070906 0 185 1150 1004       0
1955070912 1 192 1145 1002      12
1955070918 1 197 1139 1002      12
1955071000 1 201 1133 1002      12
1955071006 1 205 1130 1000      12
1955071012 1 210 1130  995      15
1955071018 1 216 1133  995      12
1955071100 0 221 1131  995      10
1955071106 0 222 1126 1000       9
1955071112 0 222 1122 1002       9
1955071118 0 227 1125 1002       9
66666 0000   17 0009 0000 0 6 Dot                                20110729
1955071218 0 178 1378 1004       0
1955071300 1 180 1364 1004      12
1955071306 1 181 1350 1004      12
1955071312 1 184 1336 1002      15
1955071318 1 191 1328 1002      15
1955071400 1 204 1335 1002      15
1955071406 2 210 1350 1000      20
1955071412 2 220 1365 1000      20
1955071418 2 232 1375 1000      20
1955071500 2 245 1382 1000      20
1955071506 2 258 1382 1000      20
1955071512 2 274 1376 1000      20
1955071518 3 289 1365  998      25
1955071600 3 302 1350  998      30
1955071606 4 310 1330  995      35
1955071612 2 320 1306 1000      20
1955071618 1 332 1280 1002      15
66666 0000   49 0010 0000 1 6 Ellen                              20110729
1955071506 0 229 1530 1006      10
1955071512 0 232 1523 1006      10
1955071518 1 236 1516 1004      12
1955071600 1 239 1508 1004      12
1955071606 1 242 1500 1002      15
1955071612 1 246 1493 1002      15
1955071618 1 248 1487 1002      15
1955071700 2 250 1482 1000      20
1955071706 2 259 1468 1000      20
1955071712 2 272 1458  998      20
1955071718 2 286 1447  995      20
1955071800 3 296 1434  993      25
1955071806 3 302 1417  991      25
1955071812 3 303 1398  989      30
1955071818 3 303 1378  987      30
1955071900 3 305 1357  986      30
1955071906 3 305 1349  989      30
1955071912 3 306 1340  992      25
1955071918 2 307 1331  995      20
1955072000 2 302 1330  994      20
1955072006 3 302 1340  990      25
1955072012 3 303 1349  987      25
1955072018 3 304 1363  984      25
1955072100 3 305 1372  981      30
1955072106 3 305 1381  978      30
1955072112 4 308 1392  974      35
1955072118 4 318 1402  971      40
1955072200 4 327 1412  967      40
1955072206 4 335 1425  965      40
1955072212 4 344 1434  970      40
1955072218 3 359 1448  980      30
1955072300 3 373 1464  990      25
1955072306 3 387 1481  990      25
1955072312 3 400 1500  990      25
1955072318 3 412 1533  990      25
1955072400 9 420 1555  990      25
1955072406 9 425 1584  995       0
1955072412 9 420 1620  995       0
1955072418 9 413 1660  995       0
1955072500 9 412 1687  995       0
1955072506 9 418 1700  998       0
1955072512 9 425 1715  998       0
1955072518 9 430 1730  998       0
1955072600 9 440 1745  998       0
1955072606 9 446 1760  996       0
1955072612 9 450 1780  995       0
1955072618 9 460 1795  994       0
1955072700 9 470 1790  992       0
1955072706 9 480 1790  992       0
66666 0000   26 0011 0000 1 6 (nameless)                         20110729
1955071700 1 226 1373 1002      15
1955071706 1 230 1382 1002      15
1955071712 1 234 1391 1002      15
1955071718 1 239 1399 1000      15
1955071800 1 244 1406 1000      15
1955071806 2 252 1417  999      20
1955071812 2 264 1421  994      20
1955071818 3 276 1423  990      25
1955071900 3 291 1415  990      25
1955071906 2 316 1410 1000      20
1955071912 2 329 1412 1000      20
1955071918 2 344 1415 1000      20
1955072000 2 359 1419 1000      20
1955072006 1 370 1430 1000      15
1955072012 1 377 1449 1000      15
1955072018 2 380 1468  998      20
1955072100 2 385 1492  996      20
1955072106 3 391 1520  994      25
1955072112 3 399 1550  990      25
1955072118 9 405 1570  990      25
1955072200 9 412 1595  992      20
1955072206 9 424 1630  998      15
1955072212 9 440 1670 1000      15
1955072218 9 450 1700 1002      10
1955072300 9 470 1740 1004       0
1955072306 9 477 1780 1004       0
66666 0000   23 0012 0000 1 6 Fran                               20110729
1955071818 2 210 1325  998      20
1955071900 3 216 1337  995      25
1955071906 4 225 1350  983      35
1955071912 4 242 1362  976      40
1955071918 5 262 1373  969      45
1955072000 5 283 1385  966      45
1955072006 4 303 1394  977      40
1955072012 4 321 1400  985      35
1955072018 3 336 1407  992      30
1955072100 3 350 1425  994      25
1955072106 2 361 1448  994      20
1955072112 2 368 1464  994      20
1955072118 9 375 1490  994      20
1955072200 9 380 1520  996      15
1955072206 9 388 1549  998       0
1955072212 9 400 1575 1000       0
1955072218 9 410 1600 1004       0
1955072300 9 419 1633 1004       0
1955072306 9 423 1668 1004       0
1955072312 9 428 1700 1004       0
1955072318 9 437 1732 1004       0
1955072400 9 450 1760 1004       0
1955072406 9 475 1800 1008       0
66666 0000   26 0013 0000 0 6 Georgia                            20110729
1955072306 1 115 1530 1002      15
1955072312 1 119 1526 1002      15
1955072318 1 122 1522 1002      15
1955072400 2 128 1517 1002      20
1955072406 2 139 1505  995      20
1955072412 3 148 1497  992      30
1955072418 4 157 1488  990      35
1955072500 4 166 1481  987      40
1955072506 5 177 1474  987      45
1955072512 5 191 1464  986      45
1955072518 5 203 1452  985      50
1955072600 5 213 1439  985      50
1955072606 5 218 1426  985      50
1955072612 4 228 1411  986      40
1955072618 4 239 1395  986      40
1955072700 4 247 1382  986      40
1955072706 4 253 1371  990      35
1955072712 4 260 1360  993      35
1955072718 3 268 1350  993      30
1955072800 3 275 1338  995      30
1955072806 3 281 1328  996      25
1955072812 2 288 1316 1000      20
1955072818 2 295 1310 1000      20
1955072900 2 300 1306 1004      20
1955072906 2 308 1305 1004      20
1955072912 1 315 1310 1006      12
66666 0000   21 0014 0000 0 6 (nameless)                         20110729
1955080200 0 160 1340 1008      10
1955080206 1 168 1339 1006      12
1955080212 1 175 1337 1006      12
1955080218 1 180 1334 1006      12
1955080300 1 184 1329 1006      12
1955080306 1 185 1319 1004      15
1955080312 1 185 1309 1004      15
1955080318 1 185 1302 1002      15
1955080400 1 185 1298 1002      15
1955080406 1 185 1294 1002      15
1955080412 1 185 1289 1002      15
1955080418 1 185 1284 1002      15
1955080500 1 185 1280 1000      15
1955080506 2 185 1275  995      20
1955080512 2 185 1270  995      20
1955080518 2 185 1265  998      20
1955080600 1 185 1260 1000      15
1955080606 1 186 1255 1000      15
1955080612 1 188 1254 1000      15
1955080618 1 195 1256 1002      15
1955080700 0 210 1260 1006       0
66666 0000   66 0015 0000 1 6 Hope                               20110729
1955080218 0 122 1390 1008       0
1955080300 0 133 1380 1008      10
1955080306 1 142 1373 1006      12
1955080312 1 151 1367 1006      12
1955080318 1 162 1360 1004      15
1955080400 1 173 1357 1002      15
1955080406 2 180 1357 1000      20
1955080412 2 188 1356  998      20
1955080418 2 196 1355  998      20
1955080500 2 203 1354  998      20
1955080506 3 210 1353  997      25
1955080512 3 223 1354  995      25
1955080518 3 233 1355  993      30
1955080600 4 246 1358  991      35
1955080606 4 256 1362  991      35
1955080612 4 265 1366  991      35
1955080618 4 272 1371  990      35
1955080700 4 282 1375  986      40
1955080706 4 290 1382  986      40
1955080712 4 294 1393  986      40
1955080718 5 303 1394  985      45
1955080800 5 309 1393  985      45
1955080806 4 312 1394  986      35
1955080812 3 313 1397  987      30
1955080818 3 314 1402  988      25
1955080900 3 316 1406  990      25
1955080906 2 321 1409  992      20
1955080912 2 320 1412  992      20
1955080918 2 317 1415  990      20
1955081000 3 314 1422  990      25
1955081006 3 318 1432  990      25
1955081012 3 321 1442  990      25
1955081018 3 323 1451  990      25
1955081100 3 326 1461  990      25
1955081106 3 329 1485  990      25
1955081112 3 331 1506  985      30
1955081118 3 334 1529  980      30
1955081200 4 344 1552  975      35
1955081206 4 360 1571  975      35
1955081212 4 385 1574  975      35
1955081218 4 403 1570  975      35
1955081300 4 415 1565  975      35
1955081306 4 425 1560  975      35
1955081312 4 435 1554  975      35
1955081318 3 440 1549  975      30
1955081400 3 445 1545  975      30
1955081406 3 450 1546  975      30
1955081412 3 455 1553  975      30
1955081418 3 460 1559  980      30
1955081500 3 470 1560  985      25
1955081506 3 475 1560  990      25
1955081512 2 480 1560  994      20
1955081518 2 483 1560  996      20
1955081600 1 486 1560 1000      15
1955081606 1 490 1560 1000      15
1955081612 1 490 1560 1000      15
1955081618 1 490 1560 1000      15
1955081700 9 490 1560  994      20
1955081706 9 494 1560  994       0
1955081712 9 500 1561  994       0
1955081718 9 505 1562  998       0
1955081800 9 520 1580 1000       0
1955081806 9 525 1590 1003       0
1955081812 9 531 1609 1004       0
1955081818 9 538 1620 1004       0
1955081900 9 547 1639 1004       0
66666 0000   45 0016 0000 2 6 (nameless)                         20110729
1955080518 1 159 1170 1003      12
1955080600 1 161 1157 1002      15
1955080606 1 168 1154 1002      15
1955080612 1 172 1164 1002      15
1955080618 1 174 1174 1001      15
1955080700 1 178 1182 1000      15
1955080706 1 185 1184 1000      15
1955080712 1 193 1188 1000      15
1955080718 1 198 1193 1000      15
1955080800 1 202 1200 1000      15
1955080806 1 205 1210 1002      15
1955080812 1 213 1226 1002      15
1955080818 1 221 1242 1002      15
1955080900 1 232 1260 1002      15
1955080906 1 241 1272 1002      15
1955080912 1 255 1286 1002      15
1955080918 1 260 1295 1002      15
1955081000 1 264 1301 1002      15
1955081006 2 269 1309  998      20
1955081012 2 273 1313  998      20
1955081018 2 279 1318 1000      20
1955081100 3 284 1319 1000      25
1955081106 3 290 1316 1000      25
1955081112 3 292 1312 1000      25
1955081118 2 294 1306 1000      20
1955081200 2 286 1304 1000      20
1955081206 2 298 1308 1000      20
1955081212 1 302 1315 1000      15
1955081218 1 302 1322 1000      15
1955081300 2 302 1330  995      20
1955081306 3 301 1340  990      25
1955081312 3 300 1353  985      30
1955081318 3 300 1367  985      30
1955081400 3 300 1382  990      25
1955081406 3 300 1397  990      25
1955081412 3 302 1410  990      25
1955081418 2 304 1422  994      20
1955081500 2 311 1442  994      20
1955081506 2 321 1463  994      20
1955081512 2 338 1490  994      20
1955081518 2 352 1510  994      20
1955081600 2 375 1535  994      20
1955081606 3 398 1554  994      25
1955081612 3 422 1560  994      25
1955081618 2 453 1557  998      20
66666 0000   12 0017 0000 0 6 (nameless)                         20110729
1955080906 0 300 1631 1008      10
1955080912 1 316 1638 1004      15
1955080918 1 328 1650 1004      15
1955081000 1 340 1660 1004      15
1955081006 1 350 1669 1004      15
1955081012 1 361 1671 1004      15
1955081018 2 372 1671 1000      20
1955081100 2 383 1668 1000      20
1955081106 2 390 1660 1000      20
1955081112 2 397 1650 1000      20
1955081118 2 400 1640 1000      20
1955081200 2 400 1625 1000      20
66666 0000   15 0018 0000 0 6 (nameless)                         20110729
1955081418 0 204 1266 1006       0
1955081500 0 215 1264 1006       0
1955081506 0 225 1261 1005       0
1955081512 0 232 1255 1005       0
1955081518 0 235 1248 1003      10
1955081600 0 236 1243 1003      10
1955081606 0 239 1239 1003      10
1955081612 0 252 1235 1000      10
1955081618 1 268 1230 1000      12
1955081700 1 286 1224 1000      15
1955081706 1 293 1218 1000      12
1955081712 1 300 1205 1000      12
1955081718 0 301 1194 1001       9
1955081800 0 302 1180 1001       9
1955081806 0 303 1159 1002       9
66666 0000   23 0019 0000 0 6 Iris                               20110729
1955081912 1  94 1370 1006      12
1955081918 1 104 1355 1006      12
1955082000 1 112 1329 1005      15
1955082006 1 127 1302 1005      15
1955082012 1 140 1279 1005      15
1955082018 1 149 1265 1005      15
1955082100 1 155 1257 1002      15
1955082106 2 162 1251 1000      20
1955082112 3 171 1245  994      25
1955082118 3 181 1240  990      30
1955082200 4 192 1235  988      35
1955082206 4 200 1229  985      40
1955082212 4 205 1225  977      40
1955082218 5 209 1223  971      45
1955082300 5 213 1220  965      45
1955082306 5 217 1217  965      45
1955082312 5 223 1214  965      45
1955082318 4 233 1205  970      35
1955082400 3 237 1196  985      25
1955082406 2 243 1180  990      20
1955082412 0 246 1172  994      10   15
1955082418 0 249 1163  996       9   15
1955082500 0 250 1158  998       9
66666 0000    4 0019 0000 0 6 Iris(-)1                           20110729
1955082400 2 250 1205  993      20
1955082406 1 254 1201  995      15
1955082412 0 258 1198  996      10
1955082418 0 263 1191  999       9
66666 0000   16 0020 0000 0 6 (nameless)                         20110729
1955082318 0 238 1500 1008       0
1955082400 0 240 1494 1008       0
1955082406 0 243 1490 1006       0
1955082412 0 245 1487 1006       0
1955082418 0 247 1484 1004       0
1955082500 1 252 1482 1004      12
1955082506 1 264 1475 1004      12
1955082512 1 270 1465 1004      12
1955082518 1 273 1454 1004      12
1955082600 1 276 1440 1004      12
1955082606 1 278 1418 1004      12
1955082612 1 282 1393 1002      15
1955082618 1 299 1380 1002      15
1955082700 1 310 1365 1004      15
1955082706 0 317 1350 1006       0
1955082712 0 324 1336 1008       0
66666 0000   15 0021 0000 3 6 (nameless)                         20110729
1955082606 1 272 1215 1000      15
1955082612 1 280 1225 1000      15
1955082618 1 285 1230  998      15
1955082700 1 291 1233  998      15
1955082706 1 296 1233  998      15
1955082712 1 300 1232  998      15
1955082718 2 304 1232  995      20
1955082800 3 309 1235  990      25
1955082806 3 315 1240  990      25
1955082812 3 326 1249  990      25
1955082818 2 340 1260  994      20
1955082900 9 364 1280  995      20
1955082906 9 400 1320  995      20
1955082912 9 425 1360 1000      15
1955082918 9 435 1389 1002       0
66666 0000   35 0022 0000 1 6 Joan                               20110729
1955082906 0 170 1440 1006       0
1955082912 0 179 1443 1006      10
1955082918 0 186 1446 1006      10
1955083000 0 191 1449 1006      10
1955083006 1 198 1452 1004      12
1955083012 1 204 1456 1004      12
1955083018 1 210 1460 1002      15
1955083100 1 216 1465 1000      15
1955083106 1 221 1469 1000      15
1955083112 2 228 1473  998      20
1955083118 2 233 1477  995      20
1955090100 3 248 1478  990      25
1955090106 3 259 1469  990      25
1955090112 3 270 1465  989      25
1955090118 3 280 1464  988      30
1955090200 4 291 1471  986      35
1955090206 4 305 1465  986      35
1955090212 4 325 1461  983      40
1955090218 4 347 1469  979      40
1955090300 4 365 1482  976      40
1955090306 4 385 1498  980      35
1955090312 4 405 1512  980      35
1955090318 4 434 1536  980      35
1955090400 3 466 1575  982      30
1955090406 9 475 1605  984      30
1955090412 9 482 1639  986       0
1955090418 9 489 1669  986       0
1955090500 9 498 1690  982       0
1955090506 9 503 1704  976       0
1955090512 9 508 1718  974       0
1955090518 9 513 1732  970       0
1955090600 9 520 1750  968       0
1955090606 9 530 1766  968       0
1955090612 9 538 1780  968       0
1955090618 9 546 1795  968       0
66666 0000   15 0023 0000 0 6 (nameless)                         20110729
1955083118 0 240 1198 1002       0
1955090100 0 247 1202 1002       0
1955090106 1 255 1208 1004      12
1955090112 1 260 1213 1004      12
1955090118 1 265 1222 1004      12
1955090200 1 270 1231 1004      12
1955090206 1 270 1220 1004      12
1955090212 1 260 1218 1004      12
1955090218 1 254 1222 1002      15
1955090300 1 254 1230 1003      15
1955090306 1 255 1243 1004      15
1955090312 1 258 1249 1006      12
1955090318 0 264 1246 1006       0
1955090400 0 266 1241 1006       0
1955090406 0 268 1235 1008       0
66666 0000    9 0024 0000 0 6 (nameless)                         20110729
1955090118 0 225 1192 1007       0
1955090200 0 231 1196 1006       0
1955090206 0 237 1205 1006       9
1955090212 1 240 1222 1004      15
1955090218 1 230 1230 1002      15
1955090300 1 220 1223 1002      15
1955090306 1 214 1224 1004      12
1955090312 0 216 1230 1006       0
1955090318 0 225 1236 1006       0
66666 0000    8 0025 0000 1 6 (nameless)                         20110729
1955091400 0 195 1147 1002       0
1955091406 0 201 1140 1002       0
1955091412 0 204 1133 1002       0
1955091418 0 206 1124 1002       0
1955091500 1 209 1116 1000      15
1955091506 1 214 1109 1000      12
1955091512 0 221 1095 1002       9
1955091518 0 218 1085 1006       9
66666 0000   33 0026 0000 1 6 Kate                               20110729
1955091806 1 105 1438 1004      15
1955091812 1 110 1420 1004      15
1955091818 1 120 1405 1004      15
1955091900 1 130 1393 1004      15
1955091906 1 137 1380 1004      15
1955091912 1 143 1367 1004      15
1955091918 1 148 1352 1004      15
1955092000 1 155 1336 1004      15
1955092006 2 157 1328 1001      20
1955092012 2 159 1320  998      20
1955092018 3 161 1312  995      25
1955092100 3 162 1304  992      25
1955092106 3 163 1296  988      30
1955092112 4 164 1288  980      35
1955092118 4 166 1276  973      40
1955092200 5 167 1265  966      45
1955092206 5 168 1257  961      50
1955092212 6 169 1249  951      55
1955092218 6 171 1240  940      65
1955092300 6 173 1229  931      65
1955092306 6 176 1216  939      65
1955092312 6 177 1202  945      60
1955092318 6 176 1188  950      60
1955092400 6 176 1175  955      55
1955092406 6 176 1160  955      55
1955092412 6 178 1145  955      55
1955092418 5 182 1128  958      50
1955092500 5 188 1115  958      50
1955092506 5 195 1103  958      50
1955092512 4 199 1093  975      40
1955092518 4 203 1081  980      35
1955092600 3 204 1070  985      30
1955092606 3 209 1057  995      30
66666 0000   48 0027 0000 1 6 Louise                             20110729
1955092000 0 130 1500 1006       0
1955092006 1 132 1493 1004      12
1955092012 1 135 1485 1004      12
1955092018 1 138 1477 1002      15
1955092100 1 142 1469 1002      15
1955092106 2 148 1462 1001      20
1955092112 2 151 1462 1001      20
1955092118 2 155 1462 1001      20
1955092200 2 158 1462 1001      20
1955092206 3 164 1462  996      25
1955092212 3 167 1463  994      25
1955092218 3 172 1464  993      30
1955092300 3 178 1462  993      30
1955092306 3 183 1459  992      30
1955092312 3 191 1455  990      30
1955092318 4 200 1451  982      35
1955092400 4 210 1448  972      40
1955092406 5 220 1442  955      50
1955092412 5 230 1434  946      50
1955092418 6 239 1424  939      60
1955092500 6 242 1421  932      70
1955092506 6 245 1415  930      70
1955092512 6 250 1407  935      65
1955092518 6 251 1396  940      60
1955092600 6 252 1383  942      60
1955092606 6 254 1375  941      60
1955092612 6 257 1367  939      60
1955092618 6 261 1354  937      60
1955092700 6 264 1343  936      60
1955092706 6 260 1342  933      60
1955092712 6 266 1344  943      60
1955092718 5 269 1337  951      50
1955092800 6 273 1328  946      55
1955092806 6 275 1318  939      55
1955092812 6 280 1310  939      55
1955092818 5 284 1308  942      50
1955092900 5 290 1306  942      50
1955092906 5 298 1304  939      50
1955092912 4 310 1305  950      40
1955092918 4 329 1308  962      35
1955093000 4 347 1311  974      35
1955093006 4 368 1322  982      35
1955093012 4 389 1348  982      35
1955093018 9 415 1387  985      30
1955100100 9 440 1450  988      25
1955100106 9 490 1530  988      25
1955100112 9 530 1600  988      25
1955100118 9 550 1640  988      25
66666 0000   31 0028 0000 0 6 Marge                              20110729
1955092712 1 131 1445 1004      12
1955092718 1 136 1435 1004      12
1955092800 1 140 1427 1004      15
1955092806 1 142 1420 1002      15
1955092812 1 145 1413 1000      15
1955092818 1 148 1407 1000      15
1955092900 1 152 1399 1000      15
1955092906 2 159 1397  998      20
1955092912 2 167 1397  996      20
1955092918 2 175 1397  994      20
1955093000 3 182 1396  990      25
1955093006 3 189 1395  990      25
1955093012 3 197 1393  988      30
1955093018 4 205 1387  987      35
1955100100 4 214 1380  980      40
1955100106 5 221 1373  974      45
1955100112 5 230 1365  974      45
1955100118 5 242 1359  974      45
1955100200 5 255 1354  973      45
1955100206 5 267 1349  969      50
1955100212 5 280 1343  965      50
1955100218 5 287 1339  964      50
1955100300 5 295 1335  969      45
1955100306 4 305 1330  970      40
1955100312 4 315 1325  973      35
1955100318 3 331 1321  985      30
1955100400 2 343 1318 1000      20
1955100406 9 356 1335 1006      15
1955100412 9 365 1350 1006       0
1955100418 9 390 1390 1006       0
1955100500 9 395 1430 1006       0
66666 0000   22 0029 0000 0 6 (nameless)                         20110729
1955100118 0 151 1472 1006       0
1955100200 0 145 1468 1006       0
1955100206 1 139 1462 1004      15
1955100212 1 134 1463 1004      15
1955100218 1 131 1467 1004      15
1955100300 1 131 1469 1004      15
1955100306 3 136 1469 1003      25
1955100312 3 139 1467 1003      25
1955100318 2 142 1462 1006      20
1955100400 2 143 1457 1006      20
1955100406 2 150 1459 1004      20
1955100412 2 158 1465 1004      20
1955100418 2 165 1470 1004      20
1955100500 2 175 1465 1004      20
1955100506 1 180 1455 1005      15
1955100512 1 187 1450 1005      15
1955100518 1 194 1447 1005      15
1955100600 1 203 1450 1005      15
1955100606 1 212 1453 1004      15
1955100612 1 219 1453 1004      15
1955100618 1 226 1452 1004      15
1955100700 1 232 1450 1006      15
66666 0000   21 0030 0000 1 6 (nameless)                         20110729
1955100306 0 110 1156 1002       0
1955100312 1 115 1165 1002      15
1955100318 1 119 1171 1002      15
1955100400 1 125 1178 1002      15
1955100406 1 129 1186 1000      15
1955100412 1 134 1195 1000      15
1955100418 2 141 1200 1000      20
1955100500 2 150 1196 1000      20
1955100506 2 155 1191 1000      20
1955100512 2 159 1184 1000      20
1955100518 2 159 1175  998      20
1955100600 2 160 1165  998      20
1955100606 1 161 1156 1000      15
1955100612 1 161 1150 1000      15
1955100618 1 161 1140 1000      15
1955100700 2 161 1130  998      20
1955100706 3 161 1120  998      25
1955100712 2 160 1110  998      20
1955100718 2 156 1100  998      20
1955100800 2 155 1092  998      20
1955100806 2 155 1085  998      20
66666 0000   38 0031 0000 1 6 Nora                               20110729
1955100406 1 158 1338 1004      15
1955100412 1 159 1330 1004      15
1955100418 1 163 1321 1004      15
1955100500 1 167 1315 1004      15
1955100506 1 175 1311 1004      15
1955100512 1 180 1310 1003      15
1955100518 1 186 1308 1003      15
1955100600 1 184 1303 1000      15
1955100606 1 178 1305 1000      15
1955100612 2 180 1315 1000      20
1955100618 2 186 1328 1000      20
1955100700 2 190 1339 1000      20
1955100706 3 195 1346  995      25
1955100712 3 200 1351  995      25
1955100718 3 205 1355  990      30
1955100800 3 213 1356  987      30
1955100806 4 216 1355  985      35
1955100812 4 223 1355  985      35
1955100818 4 231 1357  985      35
1955100900 4 240 1361  982      40
1955100906 4 247 1362  980      40
1955100912 4 256 1364  979      40
1955100918 5 267 1363  977      45
1955101000 5 275 1360  976      45
1955101006 5 287 1365  972      45
1955101012 5 300 1370  970      45
1955101018 5 315 1375  971      45
1955101100 4 331 1390  973      40
1955101106 4 355 1415  974      40
1955101112 4 385 1437  973      40
1955101118 4 422 1469  970      40
1955101200 9 465 1520  970      40
1955101206 9 490 1555  965       0
1955101212 9 505 1620  965       0
1955101218 9 515 1660  965       0
1955101300 9 520 1700  960       0
1955101306 9 527 1740  955       0
1955101312 9 535 1785  955       0
66666 0000   31 0032 0000 1 6 Opal                               20110729
1955101518 0 190 1276 1008       0
1955101600 0 195 1281 1008       0
1955101606 0 201 1280 1008       0
1955101612 0 205 1275 1008       0
1955101618 1 205 1265 1006      12
1955101700 1 208 1257 1005      12
1955101706 3 216 1251 1000      25
1955101712 3 222 1250  998      25
1955101718 3 230 1249  995      30
1955101800 3 237 1250  992      30
1955101806 4 239 1255  985      35
1955101812 4 243 1263  983      35
1955101818 4 250 1276  982      35
1955101900 4 259 1285  982      35
1955101906 4 273 1298  987      35
1955101912 4 289 1313  990      35
1955101918 3 306 1328  994      30
1955102000 3 328 1345  995      30
1955102006 3 355 1365  995      30
1955102012 9 395 1405  996       0
1955102018 9 414 1450  994       0
1955102100 9 432 1491  994       0
1955102106 9 448 1540  992       0
1955102112 9 454 1578  992       0
1955102118 9 456 1595  991       0
1955102200 9 459 1610  994       0
1955102206 9 463 1624  994       0
1955102212 9 470 1650  994       0
1955102218 9 473 1680  998       0
1955102300 9 480 1720 1000       0
1955102306 9 480 1780 1000       0
66666 0000   20 0033 0000 0 6 (nameless)                         20110729
1955102206 0 109 1444 1006       0
1955102212 0 108 1436 1006       0
1955102218 0 106 1429 1006       0
1955102300 0 105 1421 1005       0
1955102306 0 102 1412 1005       0
1955102312 1  99 1404 1004      15
1955102318 1  97 1396 1004      15
1955102400 1  95 1389 1004      15
1955102406 1  97 1380 1004      15
1955102412 1 103 1376 1004      15
1955102418 1 111 1382 1004      15
1955102500 1 120 1388 1006      12
1955102506 1 131 1380 1006      12
1955102512 1 140 1370 1006      12
1955102518 1 151 1359 1006      12
1955102600 0 159 1348 1007       0
1955102606 0 164 1343 1007       0
1955102612 0 168 1339 1007       0
1955102618 0 173 1334 1007       0
1955102700 0 180 1328 1007       0
66666 0000    9 0034 0000 0 6 (nameless)                         20110729
1955102400 0 170 1384 1006       0
1955102406 1 181 1375 1006      15
1955102412 1 191 1365 1006      15
1955102418 1 201 1360 1006      15
1955102500 1 214 1361 1006      15
1955102506 0 225 1365 1006       0
1955102512 0 236 1365 1008       0
1955102518 0 248 1364 1008       0
1955102600 0 262 1355 1008       0
66666 0000   11 0035 0000 0 6 (nameless)                         20110729
1955111300 0 135 1145 1004       0
1955111306 0 131 1139 1004       0
1955111312 0 126 1130 1004       0
1955111318 1 123 1122 1004      12
1955111400 1 118 1115 1004      12
1955111406 1 115 1113 1004      12
1955111412 1 110 1112 1004      12
1955111418 0 105 1110 1004       0
1955111500 0 100 1105 1004       0
1955111506 0 100 1100 1004       0
1955111512 0 100 1095 1006       0
66666 0000   38 0036 0000 0 6 Patsy                              20110729
1955112506 1  95 1285 1002      15
1955112512 1  93 1285 1002      15
1955112518 1  91 1285 1002      15
1955112600 1  89 1286 1002      15
1955112606 2  85 1286 1000      20
1955112612 2  84 1282 1000      20
1955112618 2  84 1277  999      20
1955112700 2  85 1268  999      20
1955112706 2  86 1260  999      20
1955112712 2  87 1250  999      20
1955112718 3  88 1244  998      25
1955112800 3  89 1236  998      25
1955112806 3  92 1228  998      25
1955112812 3 100 1227  998      25
1955112818 3 112 1231  998      25
1955112900 3 124 1232  997      25
1955112906 3 130 1231  997      25
1955112912 3 134 1230  997      25
1955112918 3 140 1230  996      25
1955113000 3 148 1231  996      25
1955113006 3 157 1235  996      25
1955113012 3 165 1243  995      25
1955113018 3 170 1250  995      25
1955120100 3 179 1270  994      30
1955120106 4 188 1288  992      35
1955120112 5 199 1297  989      45
1955120118 6 208 1315  984      55
1955120200 6 219 1340  980      65
1955120206 6 239 1360  983      55
1955120212 4 250 1380  990      40
1955120218 3 253 1414  995      30
1955120300 2 253 1431 1000      20
1955120306 9 259 1462 1000      20
1955120312 9 265 1496 1004      15
1955120318 9 267 1530 1006       0
1955120400 9 268 1563 1008       0
1955120406 9 268 1595 1008       0
1955120412 9 269 1626 1008       0
66666 0000   23 0037 0000 2 6 Ruth                               20110729
1955121200 1  62 1423 1000      15
1955121206 1  70 1410 1000      15
1955121212 2  78 1394  998      20
1955121218 2  88 1374  998      20
1955121300 3  94 1358  998      25
1955121306 3  99 1346  991      30
1955121312 4 101 1339  990      35
1955121318 4 104 1329  988      35
1955121400 4 106 1321  983      40
1955121406 5 111 1312  973      45
1955121412 5 119 1299  966      50
1955121418 6 129 1288  961      55
1955121500 6 140 1285  951      65
1955121506 6 150 1290  933      80
1955121512 6 158 1294  925      90
1955121518 6 169 1300  924      90
1955121600 6 178 1309  924      85
1955121606 6 189 1325  931      75
1955121612 6 200 1344  938      65
1955121618 6 212 1366  943      60
1955121700 5 224 1396  956      50
1955121706 4 233 1422  980      40
1955121712 4 244 1454  990      35
