66666 0000   24 0001 0000 2 6 Irma                               20110729
1953022006 2  83 1532 1000      20
1953022012 2  93 1519 1000      20
1953022018 2  99 1503 1000      20
1953022100 3 103 1485  990      30
1953022106 4 105 1467  980      35
1953022112 4 112 1455  980      40
1953022118 4 122 1445  980      40
1953022200 4 128 1435  980      40
1953022206 4 133 1424  980      40
1953022212 4 136 1414  980      40
1953022218 4 138 1404  980      40
1953022300 5 141 1394  975      50
1953022306 5 142 1383  975      50
1953022312 5 142 1369  980      45
1953022318 4 141 1358  990      35
1953022400 4 139 1348  990      35
1953022406 3 138 1335  995      30
1953022412 3 138 1320  995      30
1953022418 3 138 1304 1000      25
1953022500 3 133 1280 1000      25
1953022506 2 128 1266 1006      20
1953022512 1 123 1257 1012      12
1953022518 0 117 1245 1012       0
1953022600 0 100 1223 1012       0
66666 0000   40 0002 0000 0 6 Judy                               20110729
1953052900 1  80 1460 1006      15
1953052906 2  83 1453 1000      20
1953052912 3  83 1441  998      25
1953052918 3  83 1430  998      25
1953053000 3  87 1418  997      30
1953053006 3  89 1403  995      30
1953053012 3  92 1388  994      30
1953053018 3  95 1375  992      30
1953053100 3  99 1361  991      30
1953053106 3 103 1347  990      30
1953053112 4 105 1337  988      35
1953053118 4 107 1327  987      35
1953060100 4 111 1316  986      35
1953060106 4 115 1305  981      40
1953060112 5 118 1295  970      45
1953060118 6 123 1286  957      55
1953060200 6 127 1277  944      60
1953060206 6 133 1267  944      60
1953060212 6 138 1260  946      60
1953060218 6 144 1255  948      60
1953060300 6 149 1251  950      60
1953060306 6 155 1245  956      55
1953060312 5 162 1237  967      45
1953060318 4 167 1229  979      40
1953060400 3 173 1223  990      30
1953060406 3 179 1214  992      30
1953060412 3 187 1207  992      30
1953060418 3 197 1203  992      30
1953060500 3 207 1206  992      30
1953060506 3 216 1211  993      30
1953060512 3 224 1217  993      30
1953060518 3 233 1224  993      30
1953060600 3 241 1230  993      30
1953060606 3 254 1238  993      30
1953060612 3 272 1252  994      30
1953060618 3 298 1275  995      25
1953060700 9 323 1305  997      20
1953060706 9 340 1324  997      15
1953060712 9 358 1355  998       0
1953060718 9 377 1375 1000       0
66666 0000   18 0003 0000 1 6 (nameless)                         20110729
1953061400 0  99 1091 1003       9   12
1953061406 0 102 1098 1003       9   12
1953061412 0 103 1102 1003       9   12
1953061418 0 108 1108 1003       9   12
1953061500 0 114 1113 1003       9   12
1953061506 0 125 1116 1000      10   15
1953061512 0 132 1117 1000      10   15
1953061518 0 142 1117 1000      10   15
1953061600 0 150 1117 1000      10   20
1953061606 0 159 1112  999      10   20
1953061612 0 167 1104  998      10   20
1953061618 2 172 1098  998      20
1953061700 1 175 1088  998      15
1953061706 1 178 1079  998      15
1953061712 1 183 1067  998      15
1953061718 1 187 1054  998      12
1953061800 0 193 1045  998      10
1953061806 0 200 1035  999      10
66666 0000   29 0004 0000 0 6 (nameless)                         20110729
1953062106 0  80 1424 1004       0
1953062112 0  76 1405 1004       0
1953062118 0  77 1388 1004       0
1953062200 0  82 1371 1004       0
1953062206 0  89 1359 1004       0
1953062212 0  96 1347 1004       0
1953062218 0 102 1336 1004       0
1953062300 1 109 1325 1002      12
1953062306 1 117 1314 1002      12
1953062312 1 124 1304 1002      12
1953062318 1 130 1294 1000      15
1953062400 1 133 1284 1000      15
1953062406 1 136 1276  998      15
1953062412 1 137 1267  998      15
1953062418 2 140 1259  996      20
1953062500 2 143 1248  996      20
1953062506 2 146 1239  996      20
1953062512 1 149 1230  998      15
1953062518 1 154 1218  998      15
1953062600 0 164 1204 1000       0
1953062606 0 176 1192 1000       0
1953062612 0 183 1189  999       0
1953062618 0 189 1188  999       0
1953062700 0 195 1188  999       0
1953062706 0 200 1188  997       0
1953062712 0 206 1185  997       0
1953062718 0 211 1181  997       0
1953062800 0 215 1174  997       0
1953062806 0 216 1167  998       0
66666 0000   48 0005 0000 0 6 Kit                                20110729
1953062600 1  55 1470 1004      15
1953062606 1  59 1465 1002      15
1953062612 2  63 1461 1000      20
1953062618 2  66 1455  995      20
1953062700 3  71 1449  992      25
1953062706 3  74 1443  990      30
1953062712 3  75 1437  990      30
1953062718 3  76 1431  990      30
1953062800 4  77 1423  990      35
1953062806 4  84 1415  985      40
1953062812 5  92 1408  970      45
1953062818 5 100 1400  960      50
1953062900 6 110 1392  956      60
1953062906 6 124 1380  930      65
1953062912 6 132 1368  920      75
1953062918 6 138 1354  920      75
1953063000 6 143 1343  910      80
1953063006 6 147 1332  910      80
1953063012 6 149 1320  910      80
1953063018 6 152 1309  910      80
1953070100 6 157 1299  910      80
1953070106 6 162 1291  910      80
1953070112 6 167 1285  920      75
1953070118 6 172 1279  920      75
1953070200 6 177 1274  925      75
1953070206 6 183 1268  930      70
1953070212 6 192 1259  930      70
1953070218 6 200 1250  935      65
1953070300 6 209 1242  940      65
1953070306 6 218 1232  945      60
1953070312 6 229 1224  955      55
1953070318 5 243 1215  960      50
1953070400 5 251 1201  970      45
1953070406 4 254 1193  982      35
1953070412 1 260 1189  987      15   25
1953070418 0 272 1181  991      10   20
1953070500 0 281 1174  993      10   20
1953070506 0 292 1169  993       9   20
1953070512 0 310 1171  993       9   15
1953070518 0 327 1178  993       9   15
1953070600 0 340 1185  993      10   15
1953070606 1 355 1193  993      12
1953070612 1 382 1215  994      12
1953070618 9 393 1250  995      10
1953070700 9 399 1281  998       0
1953070706 9 402 1318  998       0
1953070712 9 402 1348  998       0
1953070718 9 403 1380  998       0
66666 0000   17 0006 0000 0 6 (nameless)                         20110729
1953062806 0 204 1139  998       0
1953062812 0 204 1143  997       9   12
1953062818 0 202 1146  996       9   12
1953062900 0 198 1146  996      10   15
1953062906 0 195 1144  994      10   15
1953062912 0 193 1139  993      10   15
1953062918 1 194 1133  990      15
1953063000 1 196 1127  990      15
1953063006 1 198 1121  990      15
1953063012 1 202 1115  985      15
1953063018 1 206 1109  985      15
1953070100 1 208 1104  985      15
1953070106 1 211 1097  985      15
1953070112 2 212 1089  983      20
1953070118 2 213 1083  985      20
1953070200 1 217 1075  988      15   20
1953070206 0 225 1072  991      10
66666 0000   10 0007 0000 0 6 (nameless)                         20110729
1953072306 0 198 1213 1004       0
1953072312 0 196 1202 1003       0
1953072318 0 195 1192 1002       0
1953072400 0 193 1176 1004       0
1953072406 1 193 1160 1004      12
1953072412 1 193 1153 1004      12
1953072418 1 194 1146 1004      12
1953072500 1 196 1140 1004      12
1953072506 1 200 1133 1005      12
1953072512 0 206 1127 1005       0
66666 0000   29 0008 0000 0 6 Lola                               20110729
1953072706 2 209 1497  995      20
1953072712 2 212 1494  995      20
1953072718 2 216 1491  995      20
1953072800 3 220 1488  990      25
1953072806 3 225 1484  985      30
1953072812 4 231 1481  980      35
1953072818 4 237 1478  975      40
1953072900 5 244 1474  970      45
1953072906 5 249 1470  970      45
1953072912 5 255 1464  970      45
1953072918 5 261 1457  970      45
1953073000 5 266 1449  970      45
1953073006 5 270 1440  968      50
1953073012 5 274 1431  968      50
1953073018 5 279 1420  970      45
1953073100 5 283 1417  970      45
1953073106 5 289 1414  971      45
1953073112 5 297 1411  973      45
1953073118 4 305 1410  975      40
1953080100 4 314 1409  975      40
1953080106 4 325 1412  977      40
1953080112 4 335 1415  980      35
1953080118 4 348 1420  980      35
1953080200 4 358 1426  981      35
1953080206 3 370 1433  986      30
1953080212 3 383 1440  988      30
1953080218 3 405 1453  990      25
1953080300 9 430 1474  995      20
1953080306 9 456 1528  995      20
66666 0000   39 0009 0000 0 6 Mamie                              20110729
1953073118 0 235 1368 1002       0
1953080100 0 235 1383 1002       0
1953080106 1 237 1396 1000      15
1953080112 3 244 1405  995      25
1953080118 3 250 1412  994      25
1953080200 3 254 1420  993      30
1953080206 4 255 1424  990      35
1953080212 4 259 1428  990      35
1953080218 4 263 1428  990      35
1953080300 4 267 1423  990      35
1953080306 4 267 1417  990      35
1953080312 4 267 1412  990      35
1953080318 4 268 1406  990      35
1953080400 4 273 1402  989      35
1953080406 4 282 1395  983      35
1953080412 4 288 1390  982      35
1953080418 4 292 1387  983      35
1953080500 4 298 1382  984      35
1953080506 4 301 1380  984      35
1953080512 4 305 1379  985      35
1953080518 3 310 1380  986      30
1953080600 3 313 1382  986      30
1953080606 3 316 1385  987      30
1953080612 3 318 1388  988      30
1953080618 3 320 1390  990      25
1953080700 3 324 1396  990      25
1953080706 2 330 1402  992      20
1953080712 2 334 1410  992      20
1953080718 2 338 1414  994      20
1953080800 2 344 1420  994      20
1953080806 2 354 1428  995      20
1953080812 2 365 1436  995      20
1953080818 1 377 1442  998      15
1953080900 1 388 1447  998      15
1953080906 1 401 1451  998      15
1953080912 1 412 1458  998      15
1953080918 0 428 1460 1002       0
1953081000 0 445 1460 1004       0
1953081006 0 470 1460 1006       0
66666 0000   80 0010 0000 0 6 Nina                               20110729
1953080706 0  79 1547 1006      10
1953080712 0  80 1539 1004      10
1953080718 1  82 1532 1004      15
1953080800 2  84 1525 1000      20
1953080806 2  86 1517 1000      20
1953080812 3  90 1510  997      25
1953080818 4  93 1503  994      35
1953080900 4  96 1497  991      40
1953080906 5 101 1489  988      45
1953080912 5 110 1480  987      45
1953080918 5 120 1472  986      45
1953081000 5 128 1461  985      45
1953081006 5 135 1448  982      45
1953081012 5 139 1439  977      45
1953081018 5 142 1433  971      45
1953081100 5 145 1425  965      50
1953081106 6 150 1420  947      60
1953081112 6 156 1416  930      70
1953081118 6 162 1413  912      80
1953081200 6 168 1409  895      90
1953081206 6 175 1398  904      85
1953081212 6 180 1387  909      80
1953081218 6 184 1378  912      80
1953081300 6 187 1371  912      80
1953081306 6 193 1364  912      80
1953081312 6 198 1353  912      80
1953081318 6 203 1340  912      80
1953081400 6 205 1333  912      80
1953081406 6 208 1325  918      75
1953081412 6 214 1315  924      70
1953081418 6 218 1304  930      70
1953081500 6 225 1295  930      65
1953081506 6 231 1287  930      65
1953081512 6 238 1276  930      65
1953081518 6 242 1264  925      65
1953081600 6 251 1253  930      65
1953081606 6 266 1234  935      60
1953081612 6 274 1222  945      55
1953081618 5 281 1210  955      50
1953081700 4 284 1198  968      40
1953081706 1 288 1191  975      15   30
1953081712 1 296 1185  979      15   25
1953081718 0 303 1177  984      10   20
1953081800 0 309 1171  986      10   20
1953081806 0 313 1164  986      10   20
1953081812 0 316 1156  987      10   15
1953081818 0 319 1151  988      10   15
1953081900 0 321 1148  990      10   15
1953081906 1 324 1144  990      15
1953081912 0 328 1141  990      10
1953081918 0 336 1142  992      10
1953082000 9 345 1148  995      10
1953082006 9 352 1155  998      10
1953082012 9 358 1167  998      10   15
1953082018 9 364 1177 1000      15
1953082100 9 371 1187 1004      12
1953082106 9 380 1203 1004      12
1953082112 9 385 1220 1008      12
1953082118 9 387 1236 1008      12
1953082200 9 388 1250 1008      12
1953082206 9 389 1268 1008      12
1953082212 9 389 1289 1008      12
1953082218 9 388 1308 1008      12
1953082300 9 387 1326 1008      12
1953082306 9 386 1346 1008      12
1953082312 9 385 1365 1006      12
1953082318 9 384 1380 1004      12
1953082400 9 377 1400 1004      12
1953082406 9 368 1450 1002      15
1953082412 9 376 1497  995      20
1953082418 9 388 1525  990      25
1953082500 9 400 1555  990      25
1953082506 9 415 1585  985       0
1953082512 9 440 1610  980       0
1953082518 9 470 1630  980       0
1953082600 9 483 1637  978       0
1953082606 9 496 1647  980       0
1953082612 9 512 1657  982       0
1953082618 9 526 1668  986       0
1953082700 9 539 1678  990       0
66666 0000    9 0011 0000 0 6 (nameless)                         20110729
1953080718 1 292 1350 1003      12
1953080800 1 296 1358 1002      12
1953080806 1 299 1364 1000      12
1953080812 1 301 1370  998      12
1953080818 1 306 1374 1000      12
1953080900 1 311 1379 1002      12
1953080906 1 316 1383 1004      12
1953080912 1 325 1387 1004      12
1953080918 0 336 1390 1006      10
66666 0000   12 0012 0000 0 6 (nameless)                         20110729
1953080818 0 167 1175  999       0
1953080900 0 166 1165  997       0
1953080906 0 166 1155  995       0
1953080912 1 168 1145  993      12
1953080918 1 172 1135  993      12
1953081000 1 177 1125  988      12
1953081006 1 185 1120  993      12
1953081012 1 195 1113  993      12
1953081018 1 199 1100  995      12
1953081100 1 201 1085  996      12
1953081106 0 201 1072  996       0
1953081112 0 200 1061  998       0
66666 0000   28 0013 0000 0 6 Ophelia                            20110729
1953080912 0 167 1270 1002       0
1953080918 0 170 1267 1000       0
1953081000 0 172 1264 1000       0
1953081006 1 175 1262 1000      15
1953081012 2 177 1259  998      20
1953081018 2 180 1255  998      20
1953081100 2 182 1251  995      20
1953081106 3 184 1246  990      25
1953081112 3 185 1235  985      30
1953081118 3 185 1224  985      30
1953081200 3 187 1205  985      30
1953081206 4 189 1191  985      35
1953081212 4 190 1179  980      40
1953081218 5 190 1167  975      45
1953081300 5 192 1155  970      45
1953081306 5 195 1145  960      50
1953081312 5 197 1132  960      50
1953081318 5 198 1120  960      45
1953081400 4 198 1107  962      40
1953081406 4 195 1096  970      35
1953081412 4 192 1086  975      35
1953081418 4 191 1079  980      35
1953081500 3 192 1070  984      30
1953081506 3 193 1060  986      25
1953081512 2 194 1052  990      20
1953081518 1 195 1045  993      12
1953081600 0 195 1040  995       9
1953081606 0 195 1030  997       9
66666 0000   24 0014 0000 0 6 Phyllis                            20110729
1953081600 0 112 1448 1006       0
1953081606 0 116 1437 1006       0
1953081612 0 121 1421 1006       0
1953081618 0 127 1404 1006       0
1953081700 0 134 1389 1006       0
1953081706 0 139 1375 1004       0
1953081712 0 146 1362 1004       0
1953081718 0 154 1349 1004       0
1953081800 1 161 1334 1004      15
1953081806 2 166 1320 1002      20
1953081812 3 169 1302  998      25
1953081818 3 173 1286  988      30
1953081900 4 175 1270  980      40
1953081906 5 177 1260  975      45
1953081912 5 182 1251  975      45
1953081918 5 189 1242  976      45
1953082000 5 196 1236  977      45
1953082006 4 212 1230  979      40
1953082012 4 228 1222  980      40
1953082018 4 243 1210  980      35
1953082100 3 252 1196  990      25
1953082106 0 263 1172  995      10   20
1953082112 0 270 1150  997      10   15
1953082118 0 278 1125  997      10
66666 0000   45 0015 0000 0 6 Rita                               20110729
1953082306 0 104 1620 1006       0
1953082312 0 105 1605 1006       0
1953082318 0 105 1590 1006       0
1953082400 1 107 1580 1006      15
1953082406 2 110 1572  999      20
1953082412 2 113 1564  998      20
1953082418 3 118 1555  997      30
1953082500 4 122 1547  994      35
1953082506 4 127 1542  987      40
1953082512 5 133 1534  986      45
1953082518 5 140 1521  986      45
1953082600 5 147 1507  986      45
1953082606 5 152 1495  980      50
1953082612 5 158 1491  972      50
1953082618 6 164 1489  963      55
1953082700 6 172 1484  958      55
1953082706 6 178 1463  952      55
1953082712 6 183 1446  950      55
1953082718 6 189 1430  949      60
1953082800 6 194 1413  947      65
1953082806 6 197 1394  947      65
1953082812 6 198 1374  946      65
1953082818 6 200 1355  944      65
1953082900 6 207 1330  942      65
1953082906 6 206 1313  943      65
1953082912 6 200 1302  951      65
1953082918 6 196 1295  964      55
1953083000 5 198 1284  977      50
1953083006 5 193 1267  982      50
1953083012 5 185 1257  978      50
1953083018 5 184 1251  973      50
1953083100 6 185 1244  969      55
1953083106 6 193 1234  964      55
1953083112 6 200 1224  960      55
1953083118 6 208 1214  956      60
1953090100 6 215 1203  952      65
1953090106 6 218 1187  950      65
1953090112 5 220 1172  960      50
1953090118 4 225 1157  960      40
1953090200 3 231 1139  975      25
1953090206 0 234 1123  985      10   15
1953090212 0 238 1110  995       9
1953090218 0 240 1097 1000       9
1953090300 0 242 1088 1000       9
1953090306 0 247 1080 1002       9
66666 0000   25 0016 0000 0 6 (nameless)                         20110729
1953082306 0 135 1480 1006       0
1953082312 0 140 1470 1006       0
1953082318 0 135 1453 1006       0
1953082400 0 131 1441 1006       0
1953082406 0 128 1434 1006       0
1953082412 0 128 1429 1004       0
1953082418 0 127 1423 1003       0
1953082500 0 126 1417 1003       0
1953082506 1 126 1411 1000      15
1953082512 1 126 1404 1000      15
1953082518 1 126 1397 1000      15
1953082600 2 126 1391  995      20
1953082606 2 125 1384  995      20
1953082612 2 125 1376  995      20
1953082618 2 125 1367  995      20
1953082700 3 124 1362  995      25
1953082706 2 124 1356 1000      20
1953082712 2 124 1348 1000      20
1953082718 2 123 1343  998      20
1953082800 2 123 1337  996      20
1953082806 2 124 1329  996      20
1953082812 2 125 1323  995      20
1953082818 1 127 1315  995      15
1953082900 1 130 1310 1000      12
1953082906 0 137 1304 1000       0
66666 0000   32 0017 0000 1 6 Susan                              20110729
1953091212 0 172 1278 1006       0
1953091218 0 177 1271 1006       0
1953091300 0 182 1262 1005       0
1953091306 0 183 1255 1005       0
1953091312 0 184 1247 1004       0
1953091318 0 186 1239 1004       0
1953091400 0 188 1231 1004       0
1953091406 0 191 1223 1004       0
1953091412 0 194 1216 1004       0
1953091418 0 198 1206 1002       0
1953091500 1 200 1200 1000      15
1953091506 1 201 1194 1000      15
1953091512 2 201 1188 1000      20
1953091518 3 201 1182  995      25
1953091600 4 201 1178  985      35
1953091606 4 201 1175  980      40
1953091612 4 201 1172  980      40
1953091618 5 202 1168  970      50
1953091700 5 204 1164  970      50
1953091706 5 206 1159  970      50
1953091712 5 209 1157  970      50
1953091718 4 211 1154  980      40
1953091800 4 214 1151  980      40
1953091806 4 218 1147  980      40
1953091812 4 220 1141  985      35
1953091818 4 220 1135  985      35
1953091900 3 219 1125  990      30
1953091906 2 217 1115  990      20
1953091912 2 215 1105  990      20
1953091918 2 212 1095  990      20
1953092000 2 208 1084  995      20
1953092006 1 205 1075 1000      12
66666 0000   49 0018 0000 3 6 Tess                               20110729
1953091612 0  65 1530 1008       0
1953091618 0  78 1523 1006       0
1953091700 1  89 1514 1005      15
1953091706 1  95 1502 1004      15
1953091712 1  97 1493 1002      15
1953091718 2  99 1483 1000      20
1953091800 3 103 1473  998      25
1953091806 2 108 1463 1002      20
1953091812 2 113 1446 1001      20
1953091818 2 116 1429 1000      20
1953091900 3 118 1413  999      25
1953091906 3 121 1396  997      25
1953091912 3 122 1389  993      30
1953091918 3 124 1382  990      30
1953092000 4 127 1374  986      35
1953092006 4 131 1370  984      40
1953092012 4 135 1366  987      40
1953092018 4 139 1361  992      35
1953092100 4 144 1358  994      35
1953092106 4 153 1352  994      35
1953092112 4 164 1345  994      35
1953092118 4 174 1339  994      35
1953092200 5 185 1335  983      50
1953092206 6 191 1332  899      75
1953092212 6 197 1330  906      75
1953092218 6 202 1329  910      75
1953092300 6 209 1329  912      75
1953092306 6 222 1330  914      60
1953092312 6 234 1331  915      60
1953092318 6 246 1332  915      60
1953092400 6 257 1333  915      60
1953092406 5 268 1335  915      50
1953092412 5 283 1338  915      50
1953092418 5 300 1342  915      50
1953092500 4 317 1349  930      40
1953092506 4 335 1360  930      40
1953092512 3 358 1379  974      30
1953092518 3 392 1408  978      30
1953092600 3 413 1435  978      30
1953092606 9 431 1456  980      25
1953092612 9 445 1480  980      20
1953092618 9 458 1500  980      20
1953092700 9 470 1513  980       0
1953092706 9 483 1526  982       0
1953092712 9 497 1526  986       0
1953092718 9 510 1510  990       0
1953092800 9 510 1525  990       0
1953092806 9 510 1541  996       0
1953092812 9 510 1546  996       0
66666 0000    7 0019 0000 2 6 (nameless)                         20110729
1953092406 0 200 1180 1002       0
1953092412 1 205 1190 1002      12
1953092418 1 200 1195 1002      12
1953092500 1 193 1187 1002      15
1953092506 1 190 1178 1000      15
1953092512 1 188 1168 1000      15
1953092518 0 182 1158 1002      10
66666 0000   14 0020 0000 0 6 (nameless)                         20110729
1953092412 0 154 1107  998      10   15
1953092418 0 154 1113  998      10   15
1953092500 0 154 1118  998      10   15
1953092506 0 156 1121  998      10   15
1953092512 0 159 1123  995      10   15
1953092518 0 163 1124  995      10   15
1953092600 0 167 1124  995      10   15
1953092606 1 173 1124  995      12   20
1953092612 1 181 1124  995      15   20
1953092618 2 188 1122  995      20
1953092700 2 193 1117  995      20
1953092706 1 198 1112  997      15
1953092712 0 202 1102 1000      10
1953092718 0 202 1093 1002      10
66666 0000   22 0021 0000 2 6 (nameless)                         20110729
1953092618 0 175 1295 1010       0
1953092700 0 178 1280 1008       0
1953092706 0 179 1268 1008       0
1953092712 0 182 1257 1008       0
1953092718 0 185 1252 1008       0
1953092800 0 187 1247 1008       0
1953092806 0 190 1244 1008       0
1953092812 0 193 1239 1008       0
1953092818 0 197 1235 1008       0
1953092900 0 201 1232 1008       0
1953092906 1 206 1229 1007      12
1953092912 1 210 1226 1007      12
1953092918 1 215 1224 1007      12
1953093000 1 220 1224 1007      12
1953093006 1 225 1225 1007      12
1953093012 1 232 1229 1007      15
1953093018 1 239 1235 1005      15
1953100100 9 247 1248  999      20
1953100106 9 257 1266  999      20
1953100112 9 264 1289  999      15
1953100118 9 270 1310 1004      15
1953100200 9 280 1335 1006       0
66666 0000   11 0022 0000 1 6 (nameless)                         20110729
1953092718 0 184 1120 1005       0
1953092800 0 189 1111 1003       0
1953092806 0 189 1100 1003       9
1953092812 0 180 1098 1003      10
1953092818 1 176 1100 1003      12
1953092900 1 173 1098 1003      12
1953092906 1 171 1095 1003      15
1953092912 1 168 1091 1003      15
1953092918 1 167 1088 1003      15
1953093000 1 165 1082 1003      15
1953093006 0 159 1077 1005       9
66666 0000   40 0023 0000 0 6 Viola                              20110729
1953100100 0 160 1130 1008       0
1953100106 0 170 1127 1008       0
1953100112 0 180 1126 1008       9   12
1953100118 0 188 1129 1008       9   12
1953100200 1 195 1136 1007      12
1953100206 1 200 1143 1007      12
1953100212 1 204 1150 1007      12
1953100218 1 207 1156 1006      12
1953100300 1 210 1164 1000      15
1953100306 1 213 1180 1000      15
1953100312 1 216 1200 1000      15
1953100318 1 221 1224 1000      15
1953100400 1 225 1240 1000      15
1953100406 1 229 1254 1000      15
1953100412 2 231 1272  990      20
1953100418 3 227 1290  980      30
1953100500 4 224 1308  968      40
1953100506 4 228 1325  970      40
1953100512 4 237 1345  973      40
1953100518 4 249 1368  975      40
1953100600 4 263 1396  977      40
1953100606 4 275 1419  977      40
1953100612 4 275 1441  980      40
1953100618 4 274 1454  980      35
1953100700 3 284 1472  985      30
1953100706 9 298 1499  985      30
1953100712 9 310 1523  990      30
1953100718 9 318 1540 1000      20
1953100800 9 328 1555 1000      20
1953100806 9 341 1571 1000      20
1953100812 9 350 1585 1000      15
1953100818 9 359 1611 1002      15
1953100900 9 363 1630 1008      15
1953100906 9 368 1648 1008      15
1953100912 9 373 1663 1010      15
1953100918 9 386 1690 1012      15
1953101000 9 400 1736 1016      15
1953101006 9 408 1770 1014       0
1953101012 9 409 1794 1016       0
1953101018 9 410 1799 1016       0
66666 0000   22 0024 0000 0 6 Winnie                             20110729
1953100606 2 144 1606 1000      20
1953100612 3 148 1600  995      25
1953100618 4 152 1594  990      35
1953100700 4 156 1586  990      35
1953100706 4 162 1578  990      35
1953100712 3 168 1570  995      30
1953100718 3 175 1560 1000      25
1953100800 3 182 1550 1004      25
1953100806 2 198 1541 1004      20
1953100812 2 215 1541 1004      20
1953100818 2 233 1545 1004      20
1953100900 2 249 1551 1005      20
1953100906 1 263 1556 1006      15
1953100912 1 276 1562 1010      15
1953100918 1 295 1570 1012      15
1953101000 1 315 1583 1016      15
1953101006 9 329 1591 1016       0
1953101012 9 343 1600 1012       0
1953101018 9 360 1610 1012       0
1953101100 9 380 1622 1012       0
1953101106 9 395 1635 1016       0
1953101112 9 410 1650 1016       0
66666 0000   46 0025 0000 1 6 Alice                              20110729
1953101112 1  70 1630 1007      15
1953101118 1  79 1612 1004      15
1953101200 1  87 1591 1004      15
1953101206 1  94 1570 1004      15
1953101212 1  97 1550 1004      15
1953101218 1  99 1527 1003      15
1953101300 1 109 1506 1000      15
1953101306 1 117 1499 1000      15
1953101312 2 125 1489 1000      20
1953101318 2 133 1474 1000      20
1953101400 3 136 1460 1000      25
1953101406 3 137 1454  997      25
1953101412 3 136 1450  995      25
1953101418 3 137 1446  985      25
1953101500 4 138 1443  980      35
1953101506 4 141 1439  978      35
1953101512 4 146 1434  978      35
1953101518 4 151 1430  978      35
1953101600 4 155 1425  975      40
1953101606 5 159 1420  965      45
1953101612 5 162 1417  954      50
1953101618 5 165 1414  944      50
1953101700 6 169 1412  933      55
1953101706 6 173 1410  922      60
1953101712 6 180 1410  920      60
1953101718 6 192 1415  917      70
1953101800 6 203 1423  917      70
1953101806 6 215 1435  925      60
1953101812 6 232 1444  935      55
1953101818 5 254 1447  945      50
1953101900 5 280 1449  955      45
1953101906 5 305 1459  955      45
1953101912 5 322 1473  955      45
1953101918 4 340 1484  955      40
1953102000 4 355 1489  955      40
1953102006 4 370 1498  955      35
1953102012 4 382 1512  965      35
1953102018 4 392 1532  965      35
1953102100 4 400 1557  970      35
1953102106 4 398 1600  970      35
1953102112 4 394 1630  970      35
1953102118 3 390 1665  980      30
1953102200 3 388 1690  982      25
1953102206 3 387 1720  982      25
1953102212 3 387 1750  985      25
1953102218 3 390 1783  985      25
66666 0000   34 0026 0000 0 6 Betty                              20110729
1953102606 0  78 1325 1006       0
1953102612 0  85 1305 1006       0
1953102618 0  98 1286 1006       0
1953102700 0 117 1269 1006       0
1953102706 1 128 1254 1005      12
1953102712 1 136 1241 1005      15
1953102718 1 141 1228 1004      15
1953102800 2 146 1218 1004      20
1953102806 3 149 1208 1000      25
1953102812 3 152 1198  995      25
1953102818 3 155 1189  991      30
1953102900 4 160 1180  982      40
1953102906 4 166 1174  978      40
1953102912 5 168 1169  970      50
1953102918 5 169 1162  970      50
1953103000 6 170 1156  967      55
1953103006 6 171 1150  970      55
1953103012 6 173 1142  970      55
1953103018 6 175 1136  970      55
1953103100 6 179 1129  970      55
1953103106 6 184 1123  970      55
1953103112 5 191 1118  970      50
1953103118 4 195 1111  970      40
1953110100 3 196 1103  975      30
1953110106 3 198 1099  980      25
1953110112 3 201 1103  980      25
1953110118 3 201 1113  980      25
1953110200 2 197 1120 1000      20
1953110206 1 193 1124 1000      12   20
1953110212 1 189 1126 1004      12   20
1953110218 1 184 1126 1004      12   20
1953110300 1 179 1125 1004      12   15
1953110306 1 175 1122 1004      12
1953110312 0 170 1120 1007       0
66666 0000   15 0027 0000 2 6 (nameless)                         20110729
1953103006 0 112 1320 1006       0
1953103012 0 119 1302 1006       0
1953103018 0 126 1283 1005       0
1953103100 0 136 1265 1005       0
1953103106 0 142 1253 1005       0
1953103112 0 145 1240 1004       0
1953103118 0 145 1227 1004       0
1953110100 0 151 1211 1006       0
1953110106 0 160 1198 1002       0
1953110112 0 175 1192 1002       0
1953110118 0 187 1185 1002       0
1953110200 1 190 1174 1002      12
1953110206 1 190 1160 1002      12
1953110212 1 186 1150 1004      12
1953110218 0 183 1140 1004       0
66666 0000   40 0028 0000 0 6 Cora                               20110729
1953111018 0  67 1450 1004       0
1953111100 0  69 1435 1004       0
1953111106 0  70 1418 1004       0
1953111112 0  72 1401 1004       0
1953111118 0  76 1385 1004       0
1953111200 0  81 1377 1004       0
1953111206 0  84 1372 1004       0
1953111212 1  89 1367 1004      15
1953111218 2  94 1362 1002      20
1953111300 2  99 1357 1000      20
1953111306 2 104 1352  996      20
1953111312 3 110 1346  995      25
1953111318 3 116 1339  994      25
1953111400 3 120 1332  994      25
1953111406 3 121 1323  991      25
1953111412 3 121 1314  988      30
1953111418 3 122 1305  985      30
1953111500 4 125 1295  982      35
1953111506 4 133 1284  979      40
1953111512 5 142 1275  976      45
1953111518 5 150 1265  971      45
1953111600 5 157 1253  967      45
1953111606 5 163 1243  960      50
1953111612 5 168 1233  960      50
1953111618 5 172 1225  960      50
1953111700 5 178 1218  960      50
1953111706 4 184 1210  970      40
1953111712 4 191 1201  970      40
1953111718 4 196 1198  970      40
1953111800 4 203 1200  975      35
1953111806 4 208 1205  980      35
1953111812 3 210 1212  990      30
1953111818 3 210 1220  990      30
1953111900 2 204 1226 1000      20
1953111906 1 197 1230 1005      15
1953111912 0 193 1237 1008       0
1953111918 0 191 1245 1008       0
1953112000 0 190 1253 1010       0
1953112006 0 190 1260 1010       0
1953112012 0 191 1266 1014       0
66666 0000   25 0029 0000 0 6 (nameless)                         20110729
1953112206 1  44 1473 1003      15
1953112212 1  44 1466 1005      15
1953112218 1  45 1458 1006      15
1953112300 1  46 1449 1007      15
1953112306 1  46 1443 1009      15
1953112312 1  50 1434 1009      15
1953112318 1  56 1422 1008      15
1953112400 1  60 1405 1008      15
1953112406 1  66 1385 1007      15
1953112412 1  76 1367 1006      15
1953112418 1  90 1354 1006      15
1953112500 1 105 1344 1006      15
1953112506 2 113 1334 1004      20
1953112512 2 115 1329 1004      20
1953112518 2 118 1323 1004      20
1953112600 2 122 1318 1003      20
1953112606 2 129 1313 1003      20
1953112612 2 137 1311 1002      20
1953112618 2 146 1312 1002      20
1953112700 2 155 1313 1000      20
1953112706 2 170 1323 1000      20
1953112712 2 175 1341 1000      20
1953112718 1 176 1360 1002      15
1953112800 0 178 1380 1004       0
1953112806 0 185 1395 1006       0
66666 0000   24 0030 0000 0 6 (nameless)                         20110729
1953112712 0 153 1314 1006       0
1953112718 1 158 1306 1006      15
1953112800 2 160 1295 1004      20
1953112806 2 156 1289 1004      20
1953112812 3 150 1281 1000      25
1953112818 3 143 1270 1000      25
1953112900 2 137 1261 1004      20
1953112906 1 133 1252 1004      15
1953112912 1 130 1244 1005      15
1953112918 1 129 1233 1005      12
1953113000 0 129 1226 1006      10
1953113006 0 131 1215 1006      10
1953113012 0 132 1205 1006      10
1953113018 0 134 1196 1006      10
1953120100 1 136 1188 1006      12
1953120106 1 137 1179 1006      12
1953120112 1 139 1169 1006      12
1953120118 1 142 1160 1006      12
1953120200 1 147 1153 1006      15
1953120206 1 154 1149 1004      15
1953120212 1 164 1146 1004      15
1953120218 1 174 1144 1004      15
1953120300 1 179 1139 1004      15
1953120306 1 185 1130 1004      15
66666 0000   22 0031 0000 0 6 (nameless)                         20110729
1953112718 1  55 1486 1003      15
1953112800 1  55 1480 1003      15
1953112806 1  56 1474 1003      15
1953112812 1  56 1468 1004      15
1953112818 1  57 1463 1004      15
1953112900 1  59 1457 1006      15
1953112906 1  60 1452 1006      15
1953112912 1  62 1446 1006      15
1953112918 1  64 1440 1004      15
1953113000 2  66 1434 1002      20
1953113006 2  67 1429 1000      20
1953113012 3  68 1424 1000      25
1953113018 3  69 1417 1000      25
1953120100 3  70 1410 1000      25
1953120106 3  71 1404 1000      25
1953120112 2  72 1398 1000      20
1953120118 2  72 1392 1002      20
1953120200 1  73 1384 1002      15
1953120206 1  73 1375 1002      15
1953120212 1  73 1366 1002      15
1953120218 1  73 1356 1002      15
1953120300 1  72 1346 1003      15
66666 0000   13 0032 0000 0 6 (nameless)                         20110729
1953120200 0  76 1351 1008       0
1953120206 0  74 1347 1008       0
1953120212 0  72 1344 1006       0
1953120218 0  70 1339 1006       0
1953120300 0  69 1334 1006       0
1953120306 1  69 1330 1004      15
1953120312 1  70 1326 1004      15
1953120318 1  71 1322 1004      15
1953120400 0  72 1318 1006       0
1953120406 0  73 1313 1006       0
1953120412 0  75 1307 1008       0
1953120418 0  78 1300 1008       0
1953120500 0  82 1294 1010       0
66666 0000   13 0033 0000 1 6 (nameless)                         20110729
1953120400 0 118 1184 1008       0
1953120406 0 123 1177 1005       0
1953120412 0 125 1170 1005       0
1953120418 0 127 1164 1005       0
1953120500 0 127 1156 1005       0
1953120506 1 128 1150 1005      15
1953120512 1 128 1142 1005      15
1953120518 1 129 1135 1004      15
1953120600 1 131 1128 1002      15
1953120606 2 132 1122 1000      20
1953120612 1 134 1113 1002      15
1953120618 0 135 1106 1002       0
1953120700 0 135 1098 1002       0
66666 0000   56 0034 0000 0 6 Doris                              20110729
1953121000 0  67 1650 1004       0
1953121006 0  67 1644 1004       0
1953121012 0  68 1637 1004       0
1953121018 1  69 1632 1004      15
1953121100 1  70 1625 1004      15
1953121106 2  73 1615 1000      20
1953121112 2  76 1603 1000      20
1953121118 2  80 1592 1000      20
1953121200 3  85 1582 1000      25
1953121206 3  88 1572  992      30
1953121212 3  93 1560  991      30
1953121218 3  97 1551  990      30
1953121300 3 102 1540  988      30
1953121306 4 103 1530  986      35
1953121312 4 114 1519  984      35
1953121318 4 127 1510  982      35
1953121400 4 138 1500  980      40
1953121406 5 146 1491  973      45
1953121412 5 152 1483  969      50
1953121418 5 159 1476  964      50
1953121500 5 167 1470  955      50
1953121506 6 174 1466  942      60
1953121512 6 178 1463  941      60
1953121518 6 184 1461  941      60
1953121600 6 188 1458  940      60
1953121606 6 192 1456  940      60
1953121612 6 194 1454  944      60
1953121618 6 196 1453  949      60
1953121700 6 198 1451  953      55
1953121706 6 202 1445  953      55
1953121712 6 202 1439  954      55
1953121718 6 203 1433  956      55
1953121800 6 203 1427  957      55
1953121806 5 204 1422  958      50
1953121812 5 206 1419  956      50
1953121818 5 207 1417  953      50
1953121900 5 215 1413  955      50
1953121906 5 227 1413  955      50
1953121912 5 234 1418  958      50
1953121918 5 239 1425  962      45
1953122000 5 242 1433  965      45
1953122006 5 244 1446  970      45
1953122012 5 248 1463  973      45
1953122018 5 249 1485  970      45
1953122100 4 252 1508  980      40
1953122106 3 260 1523  990      30
1953122112 3 268 1536  990      30
1953122118 3 276 1558  995      25
1953122200 9 280 1576 1000       0
1953122206 9 283 1590 1006       0
1953122212 9 285 1605 1006       0
1953122218 9 287 1623 1012       0
1953122300 9 289 1645 1012       0
1953122306 9 290 1670 1012       0
1953122312 9 290 1700 1013       0
1953122318 9 300 1750 1013       0
