66666 0000   37 0001 7001 0 6 Nancy                              20110729
1970021900 0  70 1514 1006      10
1970021906 0  75 1510 1002      10
1970021912 1  80 1505  998      15
1970021918 2  84 1498  992      20
1970022000 3  86 1489  986      30
1970022006 3  86 1480  988      30
1970022012 3  86 1475  992      25
1970022018 3  86 1472  992      25
1970022100 3  86 1465  990      25
1970022106 3  86 1457  987      25
1970022112 3  85 1448  984      30
1970022118 3  83 1438  980      30
1970022200 3  81 1425  978      30
1970022206 4  81 1412  975      40
1970022212 5  86 1399  970      45
1970022218 6  89 1384  960      55
1970022300 6  91 1371  960      55
1970022306 6  92 1356  960      55
1970022312 6  95 1342  957      55
1970022318 6 101 1324  955      55
1970022400 6 102 1309  953      55
1970022406 6 108 1294  951      65
1970022412 6 114 1277  949      65
1970022418 6 120 1266  949      65
1970022500 6 130 1256  950      55
1970022506 5 138 1244  955      50
1970022512 5 146 1240  953      50
1970022518 5 154 1238  953      45
1970022600 4 163 1237  955      40
1970022606 4 175 1238  965      40
1970022612 3 186 1243  975      30
1970022618 3 197 1248  985      25
1970022700 2 205 1253  987      20
1970022706 2 212 1260  998      20
1970022712 1 218 1270 1002      15
1970022718 1 225 1289 1006      15
1970022800 9 230 1313 1006      15
66666 0000   15 0002 0000 0 6 (nameless)                         20110729
1970031406 0  67 1375 1006       0
1970031412 0  68 1365 1006       0
1970031418 0  70 1354 1006       0
1970031500 0  72 1345 1005      10
1970031506 0  75 1337 1005      10
1970031512 0  79 1329 1004      10
1970031518 0  83 1320 1004      10
1970031600 1  87 1310 1004      12
1970031606 1  91 1302 1004      12
1970031612 1  94 1294 1004      12
1970031618 1  94 1285 1004      12
1970031700 1  95 1276 1005      12
1970031706 0  98 1267 1006      10
1970031712 0 103 1258 1006      10
1970031718 0 109 1250 1008      10
66666 0000   23 0003 0000 0 6 (nameless)                         20110729
1970061106 0 165 1161 1002      10
1970061112 0 169 1165 1002      10
1970061118 0 175 1169 1002      10
1970061200 0 180 1172 1001      10
1970061206 0 185 1175 1000      10
1970061212 1 190 1178  999      12
1970061218 1 200 1186  999      15
1970061300 2 210 1193  997      20
1970061306 2 218 1206  996      20
1970061312 1 235 1222  995      15
1970061318 1 260 1234  995      15
1970061400 1 277 1245  995      15
1970061406 2 298 1256  996      20
1970061412 9 322 1265  992      20
1970061418 9 339 1263  994      20
1970061500 9 351 1254  996      20
1970061506 9 360 1237  999      20
1970061512 9 365 1222 1000      15   25
1970061518 9 364 1212 1003      12   25
1970061600 9 361 1208 1006      10   20
1970061606 9 356 1217 1008      10   15
1970061612 9 355 1228 1008      10   12
1970061618 9 355 1240 1009      10
66666 0000   14 0004 0000 0 6 (nameless)                         20110729
1970061412 0 170 1114 1004      10
1970061418 0 175 1129 1004      10
1970061500 0 175 1144 1004      10
1970061506 1 168 1161 1000      15
1970061512 1 175 1175 1000      12
1970061518 1 189 1185 1000      12
1970061600 1 199 1197 1000      12
1970061606 1 205 1206 1001      12
1970061612 1 213 1215 1003      12
1970061618 0 223 1221 1003      10
1970061700 0 235 1220 1003      10
1970061706 0 248 1212 1003      10
1970061712 0 255 1208 1004      10
1970061718 0 266 1210 1004      10
66666 0000   16 0005 0000 0 6 (nameless)                         20110729
1970062012 0 145 1112 1007       9
1970062018 0 149 1114 1007       9
1970062100 0 155 1110 1006       9
1970062106 0 162 1107 1005      10
1970062112 0 168 1106 1005      10
1970062118 0 175 1106 1005      10
1970062200 1 181 1105 1004      12
1970062206 1 187 1100 1002      12
1970062212 1 190 1093 1002      12
1970062218 1 191 1084 1003      12
1970062300 1 198 1081 1003      12
1970062306 1 203 1080 1003      12
1970062312 1 205 1075 1003      12
1970062318 1 204 1070 1003      12
1970062400 1 200 1063 1004      12
1970062406 0 196 1052 1006       9
66666 0000   21 0006 0000 0 6 Pamela                             20110729
1970062600 0  68 1415 1010       0
1970062606 0  68 1400 1008       0
1970062612 0  68 1385 1008       0
1970062618 0  67 1370 1008       0
1970062700 0  66 1355 1008       0
1970062706 0  64 1344 1007       0
1970062712 0  62 1332 1007      10
1970062718 0  60 1318 1007      10
1970062800 1  60 1305 1006      12
1970062806 1  61 1297 1005      15
1970062812 1  64 1289 1004      15
1970062818 1  66 1284 1002      15
1970062900 2  71 1280  990      20
1970062906 3  77 1277  980      30
1970062912 3  84 1275  985      30
1970062918 2  93 1267  990      20
1970063000 2 100 1258  995      20
1970063006 1 104 1249  995      15
1970063012 1 108 1241 1000      15
1970063018 0 112 1233 1002      10
1970070100 0 115 1225 1004      10
66666 0000   43 0007 7002 3 6 Olga                               20110729
1970062612 0  70 1534 1008      10
1970062618 0  70 1519 1008      10
1970062700 0  71 1504 1008      10
1970062706 0  73 1489 1008      10
1970062712 0  76 1475 1008      10
1970062718 0  79 1459 1008      10
1970062800 0  85 1442 1008      10
1970062806 1  93 1426 1008      12
1970062812 1 102 1412 1006      12
1970062818 1 114 1397 1000      15
1970062900 1 122 1382  995      15
1970062906 2 128 1365  987      20
1970062912 4 131 1352  977      35
1970062918 5 135 1338  967      50
1970063000 5 141 1326  960      50
1970063006 5 149 1317  960      50
1970063012 5 159 1309  960      50
1970063018 6 171 1297  945      55
1970070100 6 179 1283  908      70
1970070106 6 186 1275  904      70
1970070112 6 194 1268  906      65
1970070118 6 203 1260  910      65
1970070200 6 210 1255  915      65
1970070206 6 220 1253  927      65
1970070212 6 227 1248  942      55
1970070218 5 236 1248  948      50
1970070300 5 245 1249  954      50
1970070306 5 253 1254  958      50
1970070312 5 261 1254  953      50
1970070318 4 270 1258  953      40
1970070400 4 278 1271  953      40
1970070406 4 282 1288  958      35
1970070412 4 297 1305  964      35
1970070418 4 308 1322  963      35
1970070500 4 321 1340  955      35
1970070506 4 330 1351  955      35
1970070512 3 341 1352  970      30
1970070518 2 355 1346  985      20
1970070600 9 368 1320  990      15
1970070606 9 369 1305  990      12
1970070612 9 360 1287  996      10
1970070618 9 348 1273  996      10
1970070700 9 339 1269  999       0
66666 0000    2 0007 7002 0 6 Olga(-)1                           20110729
1970070600 1 366 1371  992      15
1970070606 1 377 1376  998      12
66666 0000   37 0008 7003 0 6 Ruby                               20110729
1970070812 0 117 1400 1008       0
1970070818 0 112 1406 1008       0
1970070900 0 106 1392 1008       0
1970070906 0  98 1389 1007       0
1970070912 0  90 1382 1007       0
1970070918 0  89 1371 1007       0
1970071000 0  87 1358 1007       0
1970071006 0  85 1348 1005      10
1970071012 0  82 1342 1005      10
1970071018 0  79 1336 1005      10
1970071100 0  78 1328 1005      10
1970071106 0  78 1319 1005      10
1970071112 1  82 1306 1002      15
1970071118 1  87 1295 1002      15
1970071200 1  96 1284 1001      15
1970071206 1 108 1276 1000      15
1970071212 2 122 1270  997      20
1970071218 2 133 1262  995      20
1970071300 2 142 1253  995      20
1970071306 3 153 1243  985      25
1970071312 3 167 1234  985      25
1970071318 3 175 1223  985      25
1970071400 3 182 1215  990      25
1970071406 2 189 1202  990      20
1970071412 2 194 1196  990      20
1970071418 2 197 1189  988      20
1970071500 3 199 1175  984      25
1970071506 3 202 1169  985      25
1970071512 3 206 1161  985      25
1970071518 3 211 1152  988      25
1970071600 3 222 1147  989      25
1970071606 1 235 1148  991      15
1970071612 1 247 1143  996      12
1970071618 0 256 1144  997       9
1970071700 0 278 1149  999       9
1970071706 0 300 1161  999       9
1970071712 0 322 1164  999       9
66666 0000   15 0009 0000 1 6 (nameless)                         20110729
1970071012 0 300 1580 1010       0
1970071018 0 295 1590 1010       0
1970071100 0 300 1600 1008       0
1970071106 0 311 1609 1008      10
1970071112 0 321 1615 1008      10
1970071118 0 330 1622 1006      10
1970071200 1 338 1635 1006      15
1970071206 1 350 1650 1006      15
1970071212 9 369 1660 1006      20
1970071218 9 386 1665 1006      15
1970071300 9 400 1670 1006      12
1970071306 9 416 1674 1006      12
1970071312 9 438 1679 1010      10
1970071318 9 458 1684 1010       0
1970071400 9 480 1690 1010       0
66666 0000   38 0010 0000 0 6 (nameless)                         20110729
1970071506 0 190 1540 1008       0
1970071512 0 185 1550 1008       0
1970071518 0 185 1560 1008       0
1970071600 0 190 1570 1008       0
1970071606 0 200 1576 1006       0
1970071612 0 210 1580 1006       0
1970071618 0 220 1580 1006      10
1970071700 1 230 1575 1004      12
1970071706 1 235 1566 1004      12
1970071712 1 241 1561 1004      12
1970071718 1 250 1560 1004      12
1970071800 1 255 1555 1004      12
1970071806 0 260 1550 1004      10
1970071812 0 265 1545 1004      10
1970071818 0 268 1542 1004      10
1970071900 0 270 1540 1004      10
1970071906 0 271 1538 1004      10
1970071912 0 272 1535 1004      10
1970071918 0 271 1532 1004      10
1970072000 0 270 1530 1004      10
1970072006 0 265 1527 1004      10
1970072012 0 260 1525 1004       0
1970072018 0 257 1530 1004       0
1970072100 0 259 1535 1005       0
1970072106 0 262 1540 1005       0
1970072112 0 268 1550 1006       0
1970072118 0 274 1560 1006       0
1970072200 0 280 1570 1006       0
1970072206 0 283 1581 1006       0
1970072212 0 285 1590 1006       0
1970072218 0 290 1596 1008       0
1970072300 0 297 1595 1008       0
1970072306 0 305 1589 1008       0
1970072312 0 308 1581 1010       0
1970072318 0 315 1584 1010       0
1970072400 0 320 1590 1010       0
1970072406 0 337 1609 1012       0
1970072412 0 355 1625 1014       0
66666 0000   20 0011 0000 1 6 Sally                              20110729
1970071906 0 229 1611 1008       0
1970071912 0 236 1617 1006       0
1970071918 0 243 1623 1006      10
1970072000 1 249 1628 1005      15
1970072006 1 258 1630 1004      15
1970072012 1 265 1630 1004      15
1970072018 2 273 1629 1001      20
1970072100 2 287 1628  997      20
1970072106 3 298 1627  992      25
1970072112 3 309 1626  992      25
1970072118 3 321 1619  992      25
1970072200 3 333 1612  993      25
1970072206 2 349 1610  995      20
1970072212 2 361 1612  995      20
1970072218 1 377 1625  998      15
1970072300 1 392 1640 1000      15
1970072306 1 406 1664 1000      15
1970072312 9 420 1690 1000      15
1970072318 9 436 1713 1000      15
1970072400 9 450 1735 1000      12
66666 0000   21 0012 0000 0 6 (nameless)                         20110729
1970072112 0 188 1472 1006      10
1970072118 0 182 1462 1006      10
1970072200 0 179 1449 1006      10
1970072206 0 178 1442 1006      10
1970072212 0 178 1434 1005      10
1970072218 1 178 1426 1001      12
1970072300 1 178 1418 1002      12
1970072306 1 179 1411 1003      12
1970072312 1 181 1404 1003      12
1970072318 1 184 1397 1003      12
1970072400 1 186 1390 1003      12
1970072406 1 188 1382 1003      12
1970072412 0 191 1373 1004      10
1970072418 0 194 1363 1004       0
1970072500 0 196 1354 1005       0
1970072506 0 199 1341 1005       0
1970072512 0 203 1324 1006       0
1970072518 0 205 1305 1006       0
1970072600 0 204 1293 1006       0
1970072606 0 200 1280 1007       0
1970072612 0 192 1270 1007       0
66666 0000   33 0013 0000 0 6 (nameless)                         20110729
1970072500 1 254 1495 1006      12
1970072506 1 260 1490 1006      12
1970072512 1 265 1490 1006      12
1970072518 1 270 1490 1006      15
1970072600 1 280 1495 1006      15
1970072606 1 295 1505 1006      15
1970072612 1 307 1517 1008      15
1970072618 1 320 1530 1008      15
1970072700 1 335 1545 1008      15
1970072706 1 339 1548 1008      12
1970072712 1 345 1550 1008      12
1970072718 1 347 1554 1008      12
1970072800 1 348 1560 1010      12
1970072806 1 347 1567 1010      12
1970072812 1 344 1572 1010      12
1970072818 1 343 1576 1010      12
1970072900 1 342 1580 1010      12
1970072906 1 341 1585 1010      12
1970072912 1 340 1590 1010      12
1970072918 1 345 1589 1012      12
1970073000 1 348 1580 1012      12
1970073006 1 342 1572 1012      12
1970073012 1 340 1580 1012      12
1970073018 1 344 1583 1012      12
1970073100 1 347 1576 1014      12
1970073106 0 348 1572 1014      10
1970073112 0 350 1568 1014      10
1970073118 0 352 1569 1014      10
1970080100 0 355 1570 1012      10
1970080106 0 361 1568 1012      10
1970080112 0 366 1569 1012      10
1970080118 0 372 1572 1010      10
1970080200 0 375 1575 1008      10
66666 0000   42 0014 7004 0 6 (nameless)                         20110729
1970072600 0 208 1393 1009      10
1970072606 1 208 1386 1008      12
1970072612 1 206 1379 1008      12
1970072618 1 204 1373 1008      12
1970072700 1 202 1366 1008      12
1970072706 0 200 1359 1007      10
1970072712 0 199 1350 1006      10
1970072718 0 200 1340 1006      10
1970072800 0 201 1330 1006      10
1970072806 0 197 1320 1005      10
1970072812 0 196 1310 1004      10
1970072818 0 196 1300 1004      10
1970072900 0 197 1291 1004      10
1970072906 0 198 1282 1004      10
1970072912 0 199 1274 1004      10
1970072918 0 202 1266 1004      10
1970073000 0 205 1258 1004      10
1970073006 0 206 1254 1004      10
1970073012 0 206 1249 1004      10
1970073018 0 206 1245 1004      10
1970073100 0 207 1241 1004      10
1970073106 1 208 1235 1002      12
1970073112 2 208 1230 1000      20
1970073118 2 209 1225 1000      20
1970080100 2 212 1222  996      20
1970080106 2 214 1218  996      20
1970080112 2 213 1205  996      20
1970080118 2 214 1191  996      20
1970080200 3 218 1180  992      25
1970080206 3 223 1171  990      25
1970080212 3 227 1162  990      25
1970080218 2 225 1149  993      20
1970080300 1 230 1138  995      15   20
1970080306 0 236 1123  995      10   12
1970080312 0 236 1111  995       9
1970080318 0 235 1102  995       9
1970080400 0 243 1096  995       9
1970080406 0 249 1090  995       9
1970080412 0 252 1084  996       9
1970080418 0 254 1081  997       9
1970080500 0 260 1082  998       9
1970080506 0 265 1085 1000       9
66666 0000    5 0014 7004 0 6 (nameless)(-)1                     20110729
1970080100 1 235 1199 1001      12
1970080106 1 241 1201  998      15
1970080112 1 246 1203  998      15
1970080118 1 251 1204  997      15
1970080200 1 253 1199  999      12
66666 0000   14 0015 0000 0 6 (nameless)                         20110729
1970072718 1 253 1400 1008      12
1970072800 1 258 1378 1006      15
1970072806 2 260 1358 1004      20
1970072812 1 262 1343 1007      15
1970072818 1 265 1335 1007      12
1970072900 1 271 1329 1007      12
1970072906 1 278 1321 1007      12
1970072912 1 282 1314 1007      12
1970072918 1 286 1311 1004      12
1970073000 2 294 1308  998      20
1970073006 2 301 1305  994      20
1970073012 1 305 1302 1000      15
1970073018 0 303 1295 1005      10
1970073100 0 301 1289 1007      10
66666 0000   15 0016 0000 0 6 Therese                            20110729
1970080100 0 275 1735 1014      10
1970080106 0 279 1727 1010      10
1970080112 1 284 1718 1006      12
1970080118 1 290 1710 1004      15
1970080200 2 298 1701 1000      20
1970080206 2 308 1689  998      20
1970080212 2 318 1676  994      20
1970080218 2 325 1665  992      20
1970080300 2 346 1655  988      20
1970080306 2 372 1655  990      20
1970080312 2 402 1658  995      20
1970080318 1 425 1665 1000      15
1970080400 1 460 1680 1002      15
1970080406 9 495 1700 1002      10
1970080412 9 525 1725 1010       0
66666 0000   28 0017 7005 0 6 Violet                             20110729
1970080306 0 203 1365 1006       0
1970080312 0 192 1355 1006       0
1970080318 0 185 1346 1006       0
1970080400 0 180 1337 1004      10
1970080406 0 176 1328 1004      10
1970080412 0 173 1318 1004      10
1970080418 1 171 1307 1004      12
1970080500 1 169 1297 1002      15
1970080506 1 169 1285 1002      15
1970080512 1 167 1273 1002      15
1970080518 1 160 1256 1002      15
1970080600 2 156 1238  998      20
1970080606 2 153 1240  995      20
1970080612 2 157 1231  995      20
1970080618 2 160 1223  997      20
1970080700 1 168 1215  998      15
1970080706 1 177 1206  998      15
1970080712 1 178 1193  998      15
1970080718 2 185 1184  996      20
1970080800 2 192 1175  990      20
1970080806 2 196 1166  996      20
1970080812 2 203 1158  996      20
1970080818 2 208 1148  998      20
1970080900 2 214 1134  998      20
1970080906 1 223 1120 1000      12
1970080912 0 227 1100 1004      10
1970080918 0 230 1078 1006       9
1970081000 0 230 1058 1006       9
66666 0000   49 0018 7006 1 6 Wilda                              20110729
1970080700 1 175 1400 1003      15
1970080706 1 186 1389 1003      15
1970080712 1 195 1378 1002      15
1970080718 1 194 1365 1002      15
1970080800 1 202 1357 1001      15
1970080806 1 205 1345 1001      15
1970080812 1 209 1336 1001      15
1970080818 1 215 1330 1001      15
1970080900 1 222 1325 1000      15
1970080906 2 228 1316  986      20
1970080912 3 223 1303  983      25
1970080918 3 221 1297  980      25
1970081000 3 218 1293  973      30
1970081006 4 218 1295  973      35
1970081012 4 221 1294  972      35
1970081018 4 223 1292  968      40
1970081100 4 228 1291  964      40
1970081106 5 232 1291  960      45
1970081112 5 238 1290  955      50
1970081118 6 245 1287  939      55
1970081200 6 249 1288  940      55
1970081206 5 254 1289  943      50
1970081212 5 260 1290  946      45
1970081218 4 265 1290  950      40
1970081300 5 271 1291  945      45
1970081306 5 278 1291  941      50
1970081312 5 286 1291  941      50
1970081318 5 296 1290  941      50
1970081400 5 306 1288  941      45
1970081406 5 315 1293  941      45
1970081412 4 324 1298  945      40
1970081418 4 337 1305  970      35
1970081500 3 352 1316  970      25
1970081506 3 373 1342  975      25
1970081512 3 399 1369  975      25
1970081518 3 423 1390  975      25
1970081600 2 440 1406  975      20
1970081606 9 451 1421  980      20
1970081612 9 463 1441  985      20
1970081618 9 476 1465  988       0
1970081700 9 490 1490  990       0
1970081706 9 506 1515  994       0
1970081712 9 521 1550  996       0
1970081718 9 530 1598  998       0
1970081800 9 539 1633  995       0
1970081806 9 548 1665  984       0
1970081812 9 553 1705  982       0
1970081818 9 547 1740  980       0
1970081900 9 540 1780  980       0
66666 0000   40 0019 7007 0 6 Anita                              20110729
1970081306 0 117 1493 1010       0
1970081312 0 118 1483 1010       0
1970081318 0 120 1472 1008       0
1970081400 0 123 1461 1008       0
1970081406 0 128 1451 1006       0
1970081412 0 134 1444 1006       0
1970081418 0 139 1440 1005       0
1970081500 0 147 1436 1005      10
1970081506 0 155 1435 1004      10
1970081512 0 163 1435 1004      10
1970081518 0 172 1435 1002      10
1970081600 1 181 1432 1000      15
1970081606 3 188 1428  995      25
1970081612 3 193 1421  988      30
1970081618 4 196 1415  982      35
1970081700 4 200 1409  977      40
1970081706 4 204 1402  975      40
1970081712 4 209 1395  972      40
1970081718 4 211 1391  970      40
1970081800 5 209 1389  967      45
1970081806 5 212 1388  966      45
1970081812 5 216 1385  965      50
1970081818 5 225 1379  953      50
1970081900 6 232 1375  934      55
1970081906 6 240 1372  922      60
1970081912 6 248 1369  919      65
1970081918 6 258 1366  912      70
1970082000 6 271 1361  919      65
1970082006 6 287 1354  930      60
1970082012 6 301 1349  941      55
1970082018 6 313 1341  950      55
1970082100 5 332 1331  961      45
1970082106 4 352 1326  974      35
1970082112 3 368 1328  978      30
1970082118 3 388 1340  980      30
1970082200 3 405 1354  985      25
1970082206 3 426 1370  985      25
1970082212 2 449 1399  990      20
1970082218 1 466 1436 1000      15
1970082300 0 481 1462 1000      10
66666 0000   13 0020 0000 1 6 (nameless)                         20110729
1970081606 0 173 1165 1002       0
1970081612 0 167 1150 1002       0
1970081618 0 167 1132 1001      10
1970081700 0 165 1119 1000      10
1970081706 0 163 1123  999      10
1970081712 0 165 1126  999      10   15
1970081718 0 167 1121  999      10   15
1970081800 1 169 1112  998      12   15
1970081806 1 170 1104  997      12   15
1970081812 1 172 1095  997      12   15
1970081818 1 174 1081  997      12   15
1970081900 1 172 1064  997      12
1970081906 0 170 1049  997       9
66666 0000    9 0021 0000 0 6 (nameless)                         20110729
1970081812 0 301 1485 1010       0
1970081818 0 309 1473 1008       0
1970081900 0 318 1460 1008      10
1970081906 0 327 1444 1008      10
1970081912 1 338 1428 1006      12
1970081918 0 353 1420 1008      10
1970082000 0 366 1416 1008       0
1970082006 0 376 1414 1009       0
1970082012 0 390 1411 1010       0
66666 0000   21 0022 0000 2 6 (nameless)                         20110729
1970082100 0 174 1548 1006       0
1970082106 0 178 1546 1006       0
1970082112 0 183 1544 1006       0
1970082118 0 187 1542 1004       0
1970082200 0 192 1540 1002      10
1970082206 1 198 1535 1000      12
1970082212 1 204 1530 1000      12
1970082218 1 213 1531 1000      12
1970082300 1 220 1533 1002      12
1970082306 1 227 1537 1002      12
1970082312 1 235 1543 1002      12
1970082318 1 244 1544 1002      12
1970082400 1 253 1543 1003      12
1970082406 1 254 1520 1003      12
1970082412 1 253 1500 1003      12
1970082418 1 256 1481 1003      12
1970082500 1 262 1462 1003      12
1970082506 1 267 1438 1003      15
1970082512 1 270 1414 1004      12
1970082518 1 272 1394 1004      12
1970082600 1 271 1375 1006      12
66666 0000   45 0023 7008 0 6 Billie                             20110729
1970082100 0 145 1375 1008       0
1970082106 0 145 1369 1008       0
1970082112 0 146 1364 1008       0
1970082118 0 146 1357 1008       0
1970082200 0 147 1350 1007       0
1970082206 0 148 1345 1007       0
1970082212 0 149 1338 1006       0
1970082218 0 150 1332 1004      10
1970082300 1 153 1324 1001      15
1970082306 2 157 1318  999      20
1970082312 2 159 1317  997      20
1970082318 2 162 1315  995      20
1970082400 3 166 1314  990      25
1970082406 3 170 1310  986      25
1970082412 3 176 1311  983      30
1970082418 3 184 1315  975      30
1970082500 4 190 1316  965      40
1970082506 4 196 1317  965      40
1970082512 4 205 1320  963      40
1970082518 4 213 1323  960      40
1970082600 5 222 1323  956      45
1970082606 5 231 1322  955      45
1970082612 5 237 1322  960      45
1970082618 5 245 1322  955      45
1970082700 5 255 1320  950      50
1970082706 5 264 1315  948      50
1970082712 5 270 1310  947      50
1970082718 6 274 1304  946      55
1970082800 6 279 1297  945      55
1970082806 6 284 1289  947      55
1970082812 5 290 1281  955      45
1970082818 5 294 1278  955      45
1970082900 4 299 1274  949      40
1970082906 4 303 1271  950      40
1970082912 4 308 1270  950      40
1970082918 4 316 1266  955      40
1970083000 4 325 1263  960      35
1970083006 4 333 1261  963      35
1970083012 4 343 1258  970      35
1970083018 4 353 1253  975      35
1970083100 3 362 1250  980      30
1970083106 3 378 1250  985      25
1970083112 2 396 1260  990      20
1970083118 1 413 1298  993      15
1970090100 1 432 1311  995      15
66666 0000   25 0024 0000 0 6 (nameless)                         20110729
1970082500 0 250 1675 1010       0
1970082506 0 259 1669 1010       0
1970082512 0 271 1675 1008       0
1970082518 0 279 1689 1008       0
1970082600 0 290 1700 1006      10
1970082606 0 299 1701 1006      10
1970082612 1 308 1695 1004      15
1970082618 1 315 1687 1004      15
1970082700 1 321 1678 1006      15
1970082706 1 329 1674 1006      15
1970082712 1 337 1673 1006      12
1970082718 1 346 1673 1006      12
1970082800 1 352 1673 1006      12
1970082806 1 359 1673 1006      12
1970082812 0 365 1674 1008      10
1970082818 0 371 1675 1008      10
1970082900 0 376 1676 1008      10
1970082906 0 378 1678 1008       0
1970082912 0 383 1679 1008       0
1970082918 0 387 1680 1008       0
1970083000 0 391 1681 1008       0
1970083006 0 395 1682 1008       0
1970083012 0 400 1684 1008       0
1970083018 0 404 1686 1010       0
1970083100 0 409 1688 1010       0
66666 0000   40 0025 0000 0 6 Clara                              20110729
1970082600 1 303 1490 1000      15
1970082606 2 304 1480  995      20
1970082612 3 305 1469  990      25
1970082618 3 306 1459  985      30
1970082700 3 309 1451  980      30
1970082706 4 313 1446  976      35
1970082712 4 321 1441  972      35
1970082718 4 326 1435  968      35
1970082800 4 332 1430  968      40
1970082806 4 339 1426  970      35
1970082812 4 346 1425  972      35
1970082818 4 353 1424  975      35
1970082900 4 357 1425  970      40
1970082906 4 360 1430  970      40
1970082912 4 362 1438  978      35
1970082918 4 361 1455  978      35
1970083000 4 357 1475  974      40
1970083006 4 353 1496  970      40
1970083012 4 348 1512  970      40
1970083018 5 343 1528  965      45
1970083100 5 341 1542  965      45
1970083106 5 342 1556  968      45
1970083112 4 347 1567  973      40
1970083118 4 348 1573  974      40
1970090100 4 350 1579  975      40
1970090106 4 353 1591  977      40
1970090112 4 354 1610  979      40
1970090118 4 351 1621  979      40
1970090200 4 349 1634  979      40
1970090206 4 348 1644  985      35
1970090212 3 348 1653  988      30
1970090218 3 349 1663  991      25
1970090300 3 350 1677  992      25
1970090306 2 355 1693  993      20
1970090312 1 361 1704  993      15
1970090318 1 368 1714  993      15
1970090400 1 374 1724  993      15
1970090406 1 374 1738  995      15
1970090412 1 372 1754  995      12
1970090418 0 370 1769  998      10
66666 0000   23 0026 0000 2 6 (nameless)                         20110729
1970082918 1 223 1244 1001      12
1970083000 1 230 1240 1001      12
1970083006 1 236 1235 1000      12
1970083012 0 240 1230 1000      10
1970083018 0 241 1227 1000      10
1970083100 0 241 1224 1000      10
1970083106 0 238 1220  999      10
1970083112 0 236 1221  999      10
1970083118 0 235 1223  998      10
1970090100 1 235 1225  998      12
1970090106 1 236 1226  997      12
1970090112 1 237 1224  997      12
1970090118 0 236 1220  998      10
1970090200 0 233 1218  999      10
1970090206 0 226 1214  999      10
1970090212 0 222 1211 1001      10
1970090218 0 217 1207 1001      10
1970090300 0 213 1207 1002      10
1970090306 0 211 1213 1002      10
1970090312 0 212 1216 1002      10
1970090318 1 214 1214 1000      12
1970090400 0 209 1211 1001      10
1970090406 0 203 1214 1002      10
66666 0000   38 0027 7010 0 6 Fran                               20110729
1970090112 1 185 1310 1003      12
1970090118 1 188 1295 1003      12
1970090200 1 195 1282 1003      12
1970090206 1 198 1282 1003      12
1970090212 1 198 1286 1003      15
1970090218 1 191 1285 1003      15
1970090300 2 187 1278 1002      20
1970090306 2 186 1271 1002      20
1970090312 2 190 1265 1002      20
1970090318 2 195 1265 1000      20
1970090400 2 200 1266 1000      20
1970090406 2 205 1269  993      20
1970090412 2 208 1277  993      20
1970090418 2 212 1286  993      20
1970090500 3 217 1295  992      25
1970090506 3 232 1304  988      25
1970090512 3 245 1300  986      30
1970090518 3 257 1284  980      30
1970090600 3 265 1262  976      30
1970090606 3 262 1246  978      30
1970090612 3 258 1230  980      30
1970090618 3 253 1220  982      30
1970090700 3 250 1210  982      25
1970090706 3 251 1203  985      25
1970090712 2 252 1198  988      20
1970090718 1 253 1190  990      15   20
1970090800 0 252 1183  995      10   15
1970090806 0 250 1174  996      10   12
1970090812 0 244 1177  996      10   12
1970090818 0 240 1168  996      10   12
1970090900 0 237 1160  997      10   12
1970090906 0 235 1155  997       9
1970090912 0 240 1150  999       9
1970090918 0 247 1145 1001       9
1970091000 0 256 1147 1004       9
1970091006 0 267 1148 1004       9
1970091012 0 275 1149 1006       9
1970091018 0 284 1149 1007       9
66666 0000   15 0028 7009 2 6 Ellen                              20110729
1970090212 0 136 1423 1007      10
1970090218 0 146 1407 1007      10
1970090300 1 158 1400 1006      12
1970090306 1 172 1393 1006      12
1970090312 1 185 1390 1005      15
1970090318 1 200 1385 1005      15
1970090400 1 215 1378 1004      15
1970090406 1 228 1363 1000      15
1970090412 2 240 1345  995      20
1970090418 2 252 1327  995      20
1970090500 2 264 1300  989      20
1970090506 2 258 1275  988      20
1970090512 2 250 1250  988      20
1970090518 2 242 1253  985      20
1970090600 2 248 1258  990      20
66666 0000    9 0029 0000 1 6 (nameless)                         20110729
1970090312 0 175 1114 1000      10   15
1970090318 1 178 1118 1000      15
1970090400 1 181 1117  999      15
1970090406 1 184 1114  997      12   15
1970090412 1 188 1113  998      12   15
1970090418 0 191 1109  997      10   12
1970090500 0 190 1093  997      10   12
1970090506 1 193 1076  996      15
1970090512 1 200 1063  995      15
66666 0000   35 0030 7011 0 6 Georgia                            20110729
1970090700 0 150 1400 1004      10
1970090706 0 148 1391 1004      10
1970090712 1 145 1380 1003      12
1970090718 1 145 1368 1000      15
1970090800 2 146 1357 1000      20
1970090806 2 146 1344  995      20
1970090812 2 148 1334  993      20
1970090818 3 148 1322  985      25
1970090900 4 145 1311  978      40
1970090906 5 144 1298  970      45
1970090912 5 145 1286  960      45
1970090918 6 146 1272  945      55
1970091000 6 149 1260  930      60
1970091006 6 152 1252  920      65
1970091012 6 155 1243  913      65
1970091018 6 159 1230  904      65
1970091100 5 162 1220  920      50
1970091106 5 167 1207  950      45
1970091112 4 174 1196  970      40
1970091118 4 177 1186  970      40
1970091200 4 179 1179  985      40
1970091206 4 183 1173  980      40
1970091212 4 188 1167  975      40
1970091218 4 195 1162  975      40
1970091300 4 200 1158  975      40
1970091306 4 205 1154  975      40
1970091312 4 211 1151  975      40
1970091318 4 218 1150  975      35
1970091400 3 226 1151  976      30
1970091406 1 235 1152  985      15   20
1970091412 0 242 1152  995      10   15
1970091418 0 252 1152 1000      10
1970091500 0 264 1152 1004      10
1970091506 0 275 1151 1004       9
1970091512 0 283 1147 1005       9
66666 0000   31 0031 0000 0 6 (nameless)                         20110729
1970091600 0 235 1657 1008      10
1970091606 0 240 1650 1008      10
1970091612 0 248 1647 1008      10
1970091618 0 257 1643 1008      10
1970091700 1 264 1641 1008      12
1970091706 1 270 1640 1008      12
1970091712 1 276 1640 1008      12
1970091718 1 285 1641 1008      12
1970091800 1 290 1644 1008      12
1970091806 1 292 1650 1008      12
1970091812 1 295 1655 1010      12
1970091818 1 297 1661 1010      12
1970091900 1 300 1668 1010      12
1970091906 1 303 1673 1010      12
1970091912 1 306 1678 1010      12
1970091918 1 309 1684 1010      12
1970092000 1 310 1690 1010      12
1970092006 1 307 1696 1010      12
1970092012 1 305 1701 1010      12
1970092018 1 302 1705 1010      12
1970092100 1 298 1708 1010      12
1970092106 1 290 1703 1010      12
1970092112 1 283 1694 1010      12
1970092118 1 278 1687 1010      12
1970092200 0 272 1679 1010      10
1970092206 0 270 1669 1010      10
1970092212 0 270 1659 1010      10
1970092218 0 265 1649 1010      10
1970092300 0 258 1640 1010      10
1970092306 0 258 1630 1010      10
1970092312 0 261 1619 1010      10
66666 0000   34 0032 0000 2 6 (nameless)                         20110729
1970091712 0  95 1402 1007       0
1970091718 0 101 1395 1007       0
1970091800 0 109 1389 1007       0
1970091806 0 113 1382 1007       0
1970091812 0 109 1380 1007       0
1970091818 0 110 1384 1007       0
1970091900 0 115 1385 1004       0
1970091906 0 117 1382 1004       0
1970091912 0 118 1376 1004       0
1970091918 0 120 1372 1004      10
1970092000 0 125 1371 1004      10
1970092006 1 130 1370 1004      12
1970092012 1 135 1365 1004      12
1970092018 1 137 1357 1004      12
1970092100 1 143 1350 1004      12
1970092106 1 149 1340 1004      12
1970092112 1 150 1325 1004      12
1970092118 1 155 1305 1004      12
1970092200 1 170 1299 1004      12
1970092206 1 180 1295 1002      15
1970092212 1 190 1287 1002      15
1970092218 1 194 1279 1002      15
1970092300 1 195 1270 1002      15
1970092306 1 193 1262 1002      15
1970092312 1 197 1260 1002      15
1970092318 1 190 1250 1002      15
1970092400 1 184 1242 1002      15
1970092406 1 180 1230 1002      15
1970092412 1 179 1214 1002      12
1970092418 1 180 1195 1002      12
1970092500 1 178 1178 1002      12
1970092506 0 175 1175 1002      10
1970092512 0 173 1172 1002      10
1970092518 0 170 1168 1002      10
66666 0000   49 0033 0000 0 6 Hope                               20110729
1970091812 1 132 1750 1004      12
1970091818 1 133 1740 1002      12
1970091900 1 135 1730 1000      15
1970091906 1 137 1720 1000      15
1970091912 2 138 1710  998      20
1970091918 2 139 1695  998      20
1970092000 3 141 1680  997      25
1970092006 3 142 1664  997      25
1970092012 3 143 1647  997      25
1970092018 3 145 1631  996      30
1970092100 3 147 1615  995      30
1970092106 3 150 1600  997      25
1970092112 3 151 1585  997      25
1970092118 3 153 1568  996      30
1970092200 5 154 1552  995      50
1970092206 5 158 1542  980      50
1970092212 5 164 1533  953      50
1970092218 5 173 1522  975      50
1970092300 5 178 1511  974      50
1970092306 5 188 1499  962      50
1970092312 6 201 1491  930      55
1970092318 6 201 1481  900      55
1970092400 6 208 1470  895      65
1970092406 6 218 1460  905      70
1970092412 6 229 1453  920      70
1970092418 6 242 1444  930      65
1970092500 6 253 1438  940      60
1970092506 6 264 1430  945      55
1970092512 6 273 1424  950      55
1970092518 6 286 1422  950      55
1970092600 6 297 1424  950      55
1970092606 6 306 1433  952      55
1970092612 6 315 1447  952      55
1970092618 6 319 1459  953      55
1970092700 6 324 1471  954      55
1970092706 6 324 1484  960      55
1970092712 6 326 1500  965      55
1970092718 6 326 1512  967      55
1970092800 6 325 1525  968      55
1970092806 5 323 1540  972      50
1970092812 5 321 1554  985      45
1970092818 3 317 1563  997      30
1970092900 3 311 1566  997      30
1970092906 3 304 1566 1000      25
1970092912 1 298 1565 1004      15
1970092918 1 295 1557 1006      15
1970093000 1 298 1545 1010      12
1970093006 1 308 1536 1010      12
1970093012 0 320 1532 1014      10
66666 0000   20 0034 0000 1 6 (nameless)                         20110729
1970092300 0 116 1121 1006       0
1970092306 0 123 1130 1003       0
1970092312 0 127 1128 1003       0
1970092318 0 124 1126 1003       0
1970092400 0 121 1127 1003       0
1970092406 0 116 1130 1002      10
1970092412 0 113 1138 1001      10
1970092418 0 112 1145 1001      10
1970092500 0 113 1152 1001      10
1970092506 1 117 1157 1001      12
1970092512 1 124 1160 1000      12
1970092518 1 131 1159 1000      12
1970092600 1 135 1155 1000      12
1970092606 1 137 1148 1000      12
1970092612 1 137 1140 1002      12
1970092618 1 139 1132 1002      12
1970092700 0 147 1119 1002      10
1970092706 0 157 1105 1002      10
1970092712 0 165 1092 1004      10
1970092718 0 168 1077 1004      10
66666 0000   22 0035 0000 2 6 (nameless)                         20110729
1970092712 0 100 1320 1008       0
1970092718 0 108 1310 1008       0
1970092800 0 114 1300 1007       0
1970092806 0 123 1291 1003      10
1970092812 1 132 1284 1003      12
1970092818 1 139 1279 1003      15
1970092900 1 145 1268 1003      15
1970092906 1 152 1256 1003      15
1970092912 1 158 1240 1003      15
1970092918 1 166 1223 1003      12
1970093000 1 168 1207 1005      12
1970093006 1 165 1192 1005      12
1970093012 1 159 1181 1005      12
1970093018 1 153 1173 1005      12
1970100100 1 147 1165 1005      12
1970100106 1 144 1157 1005      12
1970100112 1 144 1148 1005      12
1970100118 0 147 1139 1007      10
1970100200 0 150 1133 1007      10
1970100206 0 156 1121 1008      10
1970100212 0 169 1110 1008      10
1970100218 0 159 1109 1008      10
66666 0000   19 0036 0000 0 6 (nameless)                         20110729
1970100112 0 160 1370 1008       0
1970100118 0 170 1363 1008       0
1970100200 0 177 1354 1008       0
1970100206 0 182 1344 1008       0
1970100212 0 187 1331 1008      10
1970100218 0 192 1317 1006      10
1970100300 0 199 1305 1006      10
1970100306 0 204 1293 1004      10
1970100312 1 212 1281 1002      12
1970100318 1 220 1279 1002      12
1970100400 1 230 1281 1002      12
1970100406 1 246 1293 1002      15
1970100412 1 260 1306 1002      15
1970100418 9 278 1327 1002      15
1970100500 9 294 1350 1000      15
1970100506 9 301 1373 1000      20
1970100512 9 297 1394 1004      15
1970100518 9 291 1409 1006      12
1970100600 9 286 1424 1008      10
66666 0000   26 0037 7012 0 6 Iris                               20110729
1970100200 1 110 1125 1006      12
1970100206 1 115 1124 1005      15
1970100212 1 121 1121 1005      15
1970100218 1 126 1122 1005      15
1970100300 1 132 1123 1005      15
1970100306 1 137 1121 1005      15
1970100312 1 142 1118 1005      15
1970100318 1 148 1115 1005      15
1970100400 2 152 1114 1000      20
1970100406 3 156 1114  994      25
1970100412 3 161 1115  994      25
1970100418 3 165 1117  992      30
1970100500 4 170 1121  990      35
1970100506 4 176 1126  980      35
1970100512 4 181 1130  975      35
1970100518 4 187 1130  970      35
1970100600 4 194 1132  965      40
1970100606 5 198 1137  960      45
1970100612 5 201 1142  965      45
1970100618 5 203 1144  970      45
1970100700 5 205 1145  975      45
1970100706 4 208 1149  980      40
1970100712 3 207 1152  990      30
1970100718 3 205 1159  990      25
1970100800 2 201 1167  999      20
1970100806 0 194 1173 1002      10
66666 0000   16 0038 0000 0 6 (nameless)                         20110729
1970100600 0 138 1470 1008       0
1970100606 0 133 1464 1006       0
1970100612 0 128 1457 1006       0
1970100618 0 129 1444 1004       0
1970100700 0 132 1432 1004       0
1970100706 0 135 1420 1002       0
1970100712 0 140 1405 1002       0
1970100718 0 146 1386 1002      10
1970100800 1 154 1366 1002      12
1970100806 1 158 1351 1000      12
1970100812 1 160 1335 1000      12
1970100818 1 161 1322 1000      12
1970100900 1 161 1309 1000      15
1970100906 1 160 1299 1000      15
1970100912 1 158 1289 1004      15
1970100918 0 154 1279 1004      10
66666 0000   40 0039 7013 0 6 Joan                               20110729
1970100900 0  72 1480 1004       0
1970100906 0  76 1461 1004      10
1970100912 1  81 1441 1002      15
1970100918 2  87 1423 1000      20
1970101000 3  96 1404  997      25
1970101006 3 103 1387  987      25
1970101012 3 107 1370  990      30
1970101018 3 109 1351  990      30
1970101100 3 111 1333  985      30
1970101106 4 113 1317  976      35
1970101112 4 116 1304  969      40
1970101118 5 115 1292  962      50
1970101200 6 114 1278  950      55
1970101206 6 115 1271  938      60
1970101212 6 120 1265  920      65
1970101218 6 126 1256  910      70
1970101300 6 135 1246  901      75
1970101306 6 135 1235  910      70
1970101312 6 138 1225  926      60
1970101318 5 145 1215  942      50
1970101400 5 146 1204  954      45
1970101406 4 147 1192  966      40
1970101412 5 143 1179  966      45
1970101418 5 146 1169  966      45
1970101500 5 148 1158  966      45
1970101506 5 147 1152  960      45
1970101512 5 151 1146  958      50
1970101518 5 157 1137  958      50
1970101600 5 165 1129  952      50
1970101606 5 175 1124  952      50
1970101612 5 185 1119  960      50
1970101618 5 191 1113  960      50
1970101700 5 195 1106  965      50
1970101706 3 199 1103  980      30
1970101712 2 206 1102  988      20
1970101718 1 210 1101  993      15
1970101800 1 215 1102  998      12
1970101806 0 216 1107 1002      10
1970101812 0 215 1114 1005       9
1970101818 0 212 1116 1007       9
66666 0000   52 0040 7014 1 6 Kate                               20110729
1970101306 0  57 1431 1005      10
1970101312 1  56 1425 1002      15
1970101318 1  55 1418 1000      15
1970101400 1  54 1412 1000      15
1970101406 2  51 1405  995      20
1970101412 2  49 1399  990      20
1970101418 2  47 1394  990      20
1970101500 3  46 1388  988      25
1970101506 3  44 1381  986      30
1970101512 4  42 1373  980      35
1970101518 4  46 1364  976      35
1970101600 4  51 1353  973      40
1970101606 5  47 1337  965      50
1970101612 6  46 1324  960      55
1970101618 6  47 1315  945      65
1970101700 6  46 1306  938      75
1970101706 6  46 1299  939      75
1970101712 6  49 1291  940      70
1970101718 6  51 1283  940      70
1970101800 6  56 1273  940      70
1970101806 6  62 1262  950      60
1970101812 5  68 1253  960      50
1970101818 4  73 1244  970      40
1970101900 4  84 1232  988      35
1970101906 4  96 1225  987      35
1970101912 4 101 1214  987      35
1970101918 4 109 1210  980      35
1970102000 4 118 1201  978      40
1970102006 5 123 1194  972      45
1970102012 5 129 1190  968      45
1970102018 5 136 1185  965      45
1970102100 6 144 1181  959      55
1970102106 6 151 1178  958      55
1970102112 6 156 1176  958      55
1970102118 6 160 1175  952      55
1970102200 6 163 1173  952      55
1970102206 6 165 1170  950      55
1970102212 6 167 1166  947      55
1970102218 6 166 1164  941      60
1970102300 6 166 1159  952      55
1970102306 6 166 1154  955      55
1970102312 6 165 1146  955      55
1970102318 5 162 1135  965      50
1970102400 4 160 1125  976      40
1970102406 4 159 1116  981      35
1970102412 4 159 1108  985      35
1970102418 3 159 1100  988      30
1970102500 3 159 1090  989      30
1970102506 2 159 1079  995      20
1970102512 1 159 1069 1000      15
1970102518 0 156 1059 1003      10
1970102600 0 153 1052 1003       9
66666 0000   17 0041 0000 1 6 (nameless)                         20110729
1970101400 0 257 1638 1008       0
1970101406 0 262 1620 1008       0
1970101412 0 269 1602 1008      10
1970101418 1 279 1590 1008      12
1970101500 1 289 1580 1006      15
1970101506 1 306 1570 1006      15
1970101512 1 324 1567 1002      15
1970101518 1 341 1568 1004      15
1970101600 1 358 1571 1004      15
1970101606 1 372 1584 1004      15
1970101612 1 385 1600 1004      15
1970101618 1 397 1622 1004      15
1970101700 9 408 1649 1004      15
1970101706 9 417 1675 1005      12
1970101712 9 426 1703 1006      10
1970101718 9 432 1738 1008       0
1970101800 9 435 1775 1008       0
66666 0000   22 0042 7015 1 6 Louise                             20110729
1970102406 0  98 1318 1005       0
1970102412 0  93 1303 1005       0
1970102418 0  96 1286 1005       0
1970102500 0 102 1270 1005      10
1970102506 0 107 1254 1004      10
1970102512 0 108 1242 1004      10
1970102518 0 111 1230 1004      10
1970102600 0 110 1215 1004      10
1970102606 1 109 1202 1002      15
1970102612 2 110 1189  998      20
1970102618 2 114 1177  998      20
1970102700 3 117 1165  996      25
1970102706 3 119 1154  992      25
1970102712 3 121 1143  988      25
1970102718 3 123 1129  984      25
1970102800 3 124 1115  980      30
1970102806 3 120 1104  978      30
1970102812 3 117 1095  985      25
1970102818 2 116 1086  990      20
1970102900 1 115 1078  998      15
1970102906 1 114 1068 1000      12
1970102912 0 113 1056 1007      10
66666 0000   53 0043 7016 0 6 Marge                              20110729
1970102600 0 100 1566 1010       0
1970102606 0 102 1549 1010       0
1970102612 0 104 1534 1008       0
1970102618 0 106 1516 1008       0
1970102700 0 109 1499 1006       0
1970102706 0 110 1484 1004       0
1970102712 0 111 1469 1002      10
1970102718 1 114 1453 1000      15
1970102800 1 117 1435  999      15
1970102806 1 122 1419  993      15
1970102812 1 124 1404  996      15
1970102818 1 125 1389 1000      15
1970102900 1 129 1371 1002      15
1970102906 1 134 1361 1000      15
1970102912 2 137 1349  999      20
1970102918 2 141 1337  999      20
1970103000 2 143 1325  999      20
1970103006 2 145 1312  999      20
1970103012 3 148 1301  999      25
1970103018 3 151 1289  999      25
1970103100 3 155 1279  999      25
1970103106 3 155 1266  999      25
1970103112 3 148 1254  996      25
1970103118 2 142 1243  998      20
1970110100 2 139 1230  999      20
1970110106 2 142 1220 1000      20
1970110112 1 146 1211 1002      15
1970110118 1 145 1202 1002      15
1970110200 2 142 1193 1000      20
1970110206 2 141 1183  995      20
1970110212 3 144 1176  990      25
1970110218 3 146 1172  987      30
1970110300 3 147 1169  990      30
1970110306 3 148 1166  993      25
1970110312 3 146 1166  993      25
1970110318 3 144 1164  993      25
1970110400 3 144 1166  992      25
1970110406 3 147 1163  989      30
1970110412 3 154 1157  989      30
1970110418 3 157 1150  989      30
1970110500 3 158 1144  989      25
1970110506 3 154 1145  992      25
1970110512 2 156 1146  996      20
1970110518 2 158 1140  997      20
1970110600 2 158 1133  998      20
1970110606 2 159 1128  998      20
1970110612 2 160 1123  999      20
1970110618 2 161 1117  999      20
1970110700 1 163 1109 1001      15
1970110706 1 164 1101 1003      15
1970110712 1 166 1095 1006      12
1970110718 0 171 1089 1008      10
1970110800 0 172 1080 1009      10
66666 0000   14 0044 0000 1 6 Nora                               20110729
1970110100 0  95 1109 1007      10
1970110106 1  91 1102 1007      12
1970110112 1  87 1095 1005      15
1970110118 1  83 1087 1005      15
1970110200 1  79 1078 1004      15
1970110206 2  78 1070 1002      20
1970110212 2  78 1060 1002      20
1970110218 2  78 1053 1002      20
1970110300 3  78 1048 1002      25
1970110306 2  79 1042 1002      20
1970110312 1  82 1038 1002      15
1970110318 1  87 1032 1004      15
1970110400 1  92 1027 1006      15
1970110406 0  95 1020 1008       0
66666 0000   28 0045 7017 0 6 Opal                               20110729
1970111018 0  78 1280 1008       0
1970111100 0  84 1274 1007       0
1970111106 0  93 1268 1007       0
1970111112 0 101 1264 1007       0
1970111118 0 108 1257 1007       0
1970111200 0 113 1246 1007      10
1970111206 0 118 1235 1005      10
1970111212 0 120 1225 1005      10
1970111218 0 121 1210 1005      10
1970111300 1 125 1199 1005      12
1970111306 1 129 1193 1005      12
1970111312 1 136 1188 1005      12
1970111318 1 143 1184 1005      12
1970111400 1 150 1180 1004      15
1970111406 2 154 1172 1000      20
1970111412 2 156 1159  996      20
1970111418 2 156 1152  994      20
1970111500 3 153 1144  991      25
1970111506 3 149 1140  991      25
1970111512 3 147 1134  994      25
1970111518 2 143 1126  998      20
1970111600 2 134 1119 1000      20
1970111606 2 124 1113 1002      20
1970111612 2 116 1110 1002      20
1970111618 2 107 1103 1002      20
1970111700 1  98 1095 1004      15
1970111706 0  90 1087 1004      10
1970111712 0  80 1078 1006      10
66666 0000   35 0046 7018 0 6 Patsy                              20110729
1970111318 0 130 1570 1006       0
1970111400 1 135 1544 1006      12
1970111406 1 141 1522 1006      12
1970111412 1 148 1500 1005      15
1970111418 2 151 1481 1000      20
1970111500 2 153 1461  998      20
1970111506 3 151 1448  997      25
1970111512 3 149 1438  992      30
1970111518 4 148 1424  988      35
1970111600 4 151 1408  986      40
1970111606 5 150 1393  985      45
1970111612 5 149 1380  982      45
1970111618 4 147 1368  975      40
1970111700 4 147 1352  967      40
1970111706 4 146 1335  956      40
1970111712 5 145 1320  944      45
1970111718 6 145 1303  935      55
1970111800 6 144 1286  926      55
1970111806 6 144 1272  915      60
1970111812 6 145 1255  905      60
1970111818 5 145 1240  915      50
1970111900 5 146 1224  915      50
1970111906 5 147 1208  950      45
1970111912 4 148 1190  970      35
1970111918 4 154 1174  987      35
1970112000 3 158 1156  988      25
1970112006 3 156 1154  988      25
1970112012 3 158 1145  989      25
1970112018 3 159 1134  990      25
1970112100 3 159 1120  995      25
1970112106 3 161 1104  995      25
1970112112 3 164 1094  996      25
1970112118 2 168 1083 1000      20
1970112200 1 169 1070 1000      15
1970112206 0 166 1063 1005      10
66666 0000   17 0047 0000 1 6 Ruth                               20110729
1970112512 0  92 1150 1005      10
1970112518 1  94 1140 1000      12
1970112600 1  95 1129 1000      12
1970112606 1  93 1120  998      15
1970112612 1  91 1111  998      15
1970112618 1  89 1100  998      15
1970112700 1  88 1092  998      15
1970112706 2  86 1083  996      20
1970112712 2  85 1068  996      20
1970112718 2  84 1059  998      20
1970112800 1  84 1050 1000      15
1970112806 1  84 1042 1000      15
1970112812 1  85 1035 1002      15
1970112818 1  87 1026 1002      15
1970112900 1  90 1015 1002      15
1970112906 0  94 1006 1002      10
1970112912 0  96 1000 1002      10
66666 0000   11 0048 0000 0 6 (nameless)                         20110729
1970121412 1 110 1153 1004      12   20
1970121418 1 115 1161 1004      15   20
1970121500 1 121 1168 1004      15   20
1970121506 1 127 1173 1004      15   20
1970121512 1 135 1178 1004      15   20
1970121518 1 146 1183 1004      15   20
1970121600 1 155 1188 1002      12   15
1970121606 1 162 1194 1002      12   15
1970121612 1 168 1200 1002      12   15
1970121618 1 175 1200 1004      12
1970121700 0 177 1194 1005      10
