66666 0000   13 0001 9801 0 6 NICHOLE                            20110729
1998070800 1 201 1183 1004      12
1998070806 1 208 1188 1002      15
1998070812 1 216 1187 1002      15
1998070818 1 221 1186 1002      15
1998070900 1 225 1186 1002      15
1998070906 2 228 1190  998      18
1998070912 2 229 1195  998      18
1998070918 2 230 1203  998      18
1998071000 2 239 1198  998      18
1998071006 1 242 1193 1000      15
1998071012 1 244 1191 1000      15
1998071018 1 245 1187 1002      12
1998071100 1 244 1181 1002      12
66666 0000   13 0002 0000 0 6 (nameless)                         20110729
1998070800 1 193 1287 1004      12
1998070806 1 198 1290 1002      15
1998070812 1 201 1289 1002      15
1998070818 1 203 1287 1002      15
1998070900 1 206 1283 1002      15
1998070906 1 209 1280 1002      15
1998070912 1 215 1273 1002      15
1998070918 1 220 1267 1002      15
1998071000 1 226 1257 1000      15
1998071006 1 232 1249 1000      15
1998071012 1 240 1240 1000      15
1998071018 1 245 1230 1000      15
1998071100 1 249 1221 1000      15
66666 0000   16 0003 9802 0 6 OTTO                               20110729
1998080112 1 148 1274 1004      15
1998080118 1 148 1270 1004      15
1998080200 1 148 1266 1002      15
1998080206 1 148 1258 1000      15
1998080212 1 152 1252 1000      15
1998080218 1 159 1248 1000      15
1998080300 2 172 1246  995      18
1998080306 2 187 1240  990      23
1998080312 3 202 1232  985      25
1998080318 3 214 1225  980      30
1998080400 3 222 1219  980      30
1998080406 3 234 1210  980      30
1998080412 3 246 1200  985      25
1998080418 2 255 1195  998      18
1998080500 2 259 1187  998      18
1998080506 1 262 1183 1000      12
66666 0000   21 0004 9803 0 6 PENNY                              20110729
1998080612 1 125 1275 1004      12
1998080618 1 135 1263 1004      12
1998080700 1 145 1255 1000      15
1998080706 1 155 1245 1000      15
1998080712 1 162 1238 1000      15
1998080718 1 165 1229 1000      15
1998080800 1 167 1220 1000      15
1998080806 1 170 1210 1000      15
1998080812 1 179 1199 1000      15
1998080818 1 184 1189 1000      15
1998080900 2 190 1178  998      18
1998080906 2 194 1166  990      23
1998080912 2 195 1159  990      23
1998080918 2 198 1150  990      23
1998081000 2 200 1141  990      23
1998081006 3 202 1132  985      25
1998081012 3 204 1125  985      25
1998081018 3 209 1118  985      25
1998081100 3 217 1113  990      25
1998081106 1 225 1102  995      15
1998081112 0 234 1074  997      10
66666 0000    9 0005 0000 0 6 (nameless)                         20110729
1998082106 1 178 1154 1002      15
1998082112 1 180 1145 1002      15
1998082118 1 184 1136 1002      15
1998082200 1 188 1126 1002      15
1998082206 1 198 1116 1002      15
1998082212 1 206 1102 1004      12
1998082218 1 209 1096 1004      12
1998082300 0 212 1090 1004      10
1998082306 0 215 1084 1004      10
66666 0000   58 0006 9804 1 6 REX                                20110729
1998082400 1 200 1292 1004      15
1998082406 1 207 1297 1004      15
1998082412 1 220 1305 1004      15
1998082418 1 235 1315 1002      15
1998082500 2 243 1324  998      18
1998082506 2 248 1331  998      18
1998082512 2 251 1336  990      23
1998082518 3 252 1346  985      25
1998082600 3 250 1352  980      30
1998082606 4 250 1360  970      35
1998082612 4 245 1369  965      40
1998082618 4 246 1376  960      40
1998082700 4 247 1383  960      40
1998082706 4 249 1391  960      40
1998082712 4 254 1397  960      40
1998082718 4 259 1400  960      40
1998082800 4 265 1404  960      40
1998082806 4 270 1408  960      40
1998082812 4 275 1410  960      40
1998082818 4 279 1410  960      40
1998082900 5 282 1410  955      45
1998082906 5 285 1410  955      45
1998082912 5 288 1410  955      45
1998082918 4 291 1410  960      40
1998083000 4 295 1410  970      35
1998083006 4 302 1412  970      35
1998083012 4 305 1416  970      35
1998083018 4 308 1422  970      35
1998083100 4 313 1430  970      35
1998083106 4 316 1441  970      35
1998083112 4 313 1449  970      35
1998083118 4 307 1457  970      35
1998090100 4 302 1470  965      40
1998090106 4 298 1481  965      40
1998090112 4 293 1492  965      40
1998090118 4 290 1502  970      35
1998090200 4 289 1513  975      33
1998090206 4 293 1523  975      33
1998090212 4 299 1532  975      33
1998090218 4 305 1537  975      33
1998090300 4 310 1540  975      33
1998090306 4 313 1543  975      33
1998090312 4 314 1548  975      33
1998090318 4 315 1553  975      33
1998090400 3 315 1560  980      30
1998090406 3 315 1565  980      30
1998090412 3 315 1571  980      30
1998090418 3 318 1574  980      30
1998090500 3 320 1576  980      30
1998090506 3 328 1580  980      30
1998090512 3 337 1581  985      28
1998090518 3 342 1584  985      28
1998090600 3 349 1596  985      28
1998090606 3 366 1608  985      25
1998090612 3 386 1617  985      25
1998090618 3 416 1637  985      25
1998090700 9 458 1643  985      25
1998090706 9 481 1660  985      25
66666 0000   10 0007 0000 0 6 (nameless)                         20110729
1998083118 1 250 1250 1004      12
1998090100 1 250 1250 1000      15
1998090106 1 255 1265 1000      15
1998090112 1 264 1286 1000      15
1998090118 1 270 1300 1000      15
1998090200 1 275 1310 1000      15
1998090206 1 278 1320 1000      15
1998090212 1 283 1333 1000      15
1998090218 1 291 1351 1002      12
1998090300 1 297 1375 1004      12
66666 0000   15 0008 0000 0 6 (nameless)                         20110729
1998091106 1 202 1157 1004      12
1998091112 1 204 1154 1002      12
1998091118 1 205 1150 1002      15
1998091200 1 205 1146 1002      15
1998091206 1 204 1143 1002      15
1998091212 1 204 1139 1002      15
1998091218 1 204 1134 1002      15
1998091300 1 204 1128 1000      15
1998091306 1 200 1111 1000      15
1998091312 1 197 1097 1000      15
1998091318 1 200 1085  998      15
1998091400 1 201 1076  997      15
1998091406 1 203 1065  998      15
1998091412 1 203 1065  998      15
1998091418 1 205 1055 1000      12
66666 0000   19 0009 9805 1 6 STELLA                             20110729
1998091206 1 187 1446 1002      15
1998091212 1 192 1439 1002      15
1998091218 1 198 1433 1002      15
1998091300 1 208 1425 1002      15
1998091306 1 215 1419 1000      15
1998091312 2 222 1413  998      18
1998091318 2 227 1411  998      18
1998091400 2 239 1401  995      20
1998091406 2 254 1392  995      20
1998091412 3 263 1383  990      25
1998091418 3 270 1378  985      28
1998091500 3 283 1375  980      30
1998091506 3 298 1370  980      30
1998091512 3 316 1371  980      30
1998091518 9 336 1379  975      30
1998091600 9 359 1395  975      28
1998091606 9 405 1416  975      25
1998091612 9 434 1455  980      25
1998091618 9 452 1472  980      18
66666 0000   20 0010 9806 0 6 TODD                               20110729
1998091512 1 205 1285 1002      12
1998091518 1 206 1296 1002      12
1998091600 1 209 1308 1000      15
1998091606 2 210 1317  998      18
1998091612 3 212 1328  990      25
1998091618 3 216 1333  980      30
1998091700 4 222 1342  970      35
1998091706 4 232 1346  960      40
1998091712 4 247 1348  960      40
1998091718 4 265 1343  960      40
1998091800 4 289 1327  970      35
1998091806 3 298 1310  980      30
1998091812 3 299 1291  985      25
1998091818 3 300 1272  985      25
1998091900 3 300 1257  985      25
1998091906 3 301 1237  985      25
1998091912 3 300 1226  985      25
1998091918 2 298 1217  995      20
1998092000 2 296 1209  998      18
1998092006 1 296 1209 1000      15
66666 0000   24 0011 9807 1 6 VICKI                              20110729
1998091706 1 173 1192 1002      12
1998091712 1 172 1190  998      15
1998091718 1 170 1187  998      15
1998091800 2 164 1186  995      20
1998091806 3 161 1188  985      25
1998091812 3 160 1194  980      30
1998091818 3 160 1199  980      30
1998091900 3 162 1203  985      25
1998091906 3 167 1213  985      25
1998091912 2 170 1220  990      23
1998091918 2 177 1232  990      23
1998092000 2 195 1255  990      23
1998092006 2 210 1269  990      23
1998092012 3 220 1279  985      25
1998092018 3 233 1289  980      28
1998092100 3 248 1297  980      30
1998092106 4 263 1311  975      33
1998092112 4 275 1321  970      35
1998092118 4 296 1330  965      40
1998092200 4 323 1343  965      40
1998092206 4 349 1361  970      35
1998092212 3 385 1393  980      28
1998092218 2 412 1435  990      23
1998092300 1 420 1470 1000      15
66666 0000   11 0012 0000 0 6 WALDO                              20110729
1998091906 1 224 1372 1002      12
1998091912 1 227 1378 1002      12
1998091918 1 232 1380 1000      15
1998092000 1 237 1380 1000      15
1998092006 1 245 1370  998      15
1998092012 1 259 1366  998      15
1998092018 1 277 1364  998      15
1998092100 1 300 1360  998      15
1998092106 1 327 1354  998      15
1998092112 1 354 1364  998      15
1998092118 1 380 1380 1000      12
66666 0000   20 0013 9808 0 6 YANNI                              20110729
1998092600 1 185 1270 1004      12
1998092606 1 188 1264 1002      15
1998092612 1 195 1255 1002      15
1998092618 1 204 1252 1002      15
1998092700 1 212 1250 1000      15
1998092706 1 216 1245 1000      15
1998092712 2 220 1230  998      18
1998092718 2 225 1223  998      18
1998092800 2 230 1221  995      20
1998092806 2 239 1221  995      20
1998092812 2 245 1223  990      23
1998092818 3 254 1230  985      25
1998092900 3 259 1233  985      25
1998092906 3 271 1243  980      30
1998092912 4 287 1256  970      35
1998092918 4 309 1269  970      35
1998093000 3 327 1268  975      30
1998093006 3 345 1271  985      25
1998093012 2 350 1275  995      20
1998093018 1 360 1300 1000      15
66666 0000   16 0014 0000 0 6 (nameless)                         20110729
1998100200 1 135 1135 1002      15
1998100206 1 137 1135 1002      15
1998100212 1 141 1135 1000      15
1998100218 1 145 1134 1000      15
1998100300 1 151 1131 1000      15
1998100306 1 156 1127 1000      15
1998100312 1 159 1124 1000      15
1998100318 1 163 1120 1000      15
1998100400 1 165 1117  995      15
1998100406 1 171 1105  995      15
1998100412 1 176 1093  998      15
1998100418 1 181 1084  998      15
1998100500 1 185 1075 1000      15
1998100506 1 189 1069 1000      15
1998100512 1 192 1063 1002      12
1998100518 0 194 1057 1004      10
66666 0000   32 0015 9809 1 6 ZEB                                20110729
1998101000 1 110 1415 1002      15
1998101006 1 106 1406 1002      15
1998101012 1 102 1398 1000      15
1998101018 2 101 1388  997      18
1998101100 2 104 1376  995      20
1998101106 2 110 1364  990      23
1998101112 3 113 1347  985      25
1998101118 3 108 1336  985      28
1998101200 3 113 1327  980      30
1998101206 4 122 1313  970      35
1998101212 4 127 1302  970      35
1998101218 4 137 1291  960      40
1998101300 5 147 1278  940      50
1998101306 6 156 1261  920      60
1998101312 6 160 1247  920      60
1998101318 6 162 1238  905      65
1998101400 6 170 1227  905      65
1998101406 6 175 1216  930      55
1998101412 5 177 1214  950      45
1998101418 5 188 1212  955      45
1998101500 4 195 1210  960      40
1998101506 4 202 1209  960      40
1998101512 4 213 1212  960      40
1998101518 4 227 1218  960      40
1998101600 4 238 1223  970      35
1998101606 3 248 1225  975      30
1998101612 3 265 1246  975      30
1998101618 3 276 1260  980      30
1998101700 3 292 1281  980      30
1998101706 3 303 1298  985      25
1998101712 3 323 1323  985      25
1998101718 9 369 1358  990      20
66666 0000   44 0016 9810 0 6 BABS                               20110729
1998101700 1 112 1320 1000      15
1998101706 1 115 1315 1000      15
1998101712 1 114 1308  998      15
1998101718 1 113 1304  998      15
1998101800 1 112 1300  998      15
1998101806 1 112 1300  995      15
1998101812 1 108 1299  995      15
1998101818 2 108 1299  990      20
1998101900 3 105 1297  985      25
1998101906 3 105 1296  985      25
1998101912 3 105 1296  985      28
1998101918 4 111 1290  975      35
1998102000 4 115 1282  965      40
1998102006 5 118 1277  955      45
1998102012 5 122 1272  940      50
1998102018 5 127 1264  940      50
1998102100 5 130 1256  940      50
1998102106 5 135 1250  940      50
1998102112 5 137 1243  940      50
1998102118 5 139 1235  950      45
1998102200 5 142 1232  950      45
1998102206 4 145 1226  960      40
1998102212 4 150 1220  960      40
1998102218 4 154 1214  970      35
1998102300 4 161 1205  975      33
1998102306 4 164 1195  975      33
1998102312 4 168 1189  975      33
1998102318 4 174 1186  975      33
1998102400 4 180 1180  975      33
1998102406 4 180 1174  975      33
1998102412 4 184 1167  975      33
1998102418 4 187 1162  975      33
1998102500 4 191 1158  975      33
1998102506 4 197 1158  975      33
1998102512 4 202 1159  975      33
1998102518 4 205 1161  975      33
1998102600 4 208 1162  975      33
1998102606 4 217 1167  975      33
1998102612 4 224 1173  975      33
1998102618 3 231 1177  980      30
1998102700 3 236 1181  985      25
1998102706 2 241 1185  995      20
1998102712 1 245 1190 1002      15
1998102718 1 250 1205 1004      12
66666 0000   12 0017 0000 0 6 CHIP                               20110729
1998111106 1  85 1145 1004      15
1998111112 1  92 1139 1004      15
1998111118 1  94 1133 1004      15
1998111200 1  96 1125 1002      15
1998111206 1  98 1119 1002      15
1998111212 1 100 1114 1000      15
1998111218 1 103 1110 1000      15
1998111300 2 106 1108  998      20
1998111306 2 108 1104  998      20
1998111312 2 112 1099  998      20
1998111318 2 113 1093  998      20
1998111400 0 114 1086 1000      10   20
66666 0000    9 0018 0000 0 6 DAWN                               20110729
1998111800 1  96 1150 1002      12
1998111806 1  98 1140 1000      15
1998111812 1 100 1130 1000      15
1998111818 1 106 1121 1000      15
1998111900 1 113 1110 1000      15
1998111906 2 118 1105  998      18
1998111912 2 122 1102  998      18
1998111918 2 125 1095  998      18
1998112000 1 129 1085 1000      15
66666 0000    7 0019 9811 0 6 ELVIS                              20110729
1998112412 1 125 1136  998      15
1998112418 1 128 1126  998      15
1998112500 2 129 1120  996      18
1998112506 2 130 1115  995      20
1998112512 2 132 1104  995      20
1998112518 2 135 1096  995      18
1998112600 1 142 1091  998      15
66666 0000    8 0020 0000 1 6 (nameless)                         20110729
1998120818 1  77 1125 1002      12
1998120900 1  76 1115 1000      15
1998120906 1  75 1105 1000      15
1998120912 1  74 1095 1000      15
1998120918 1  73 1085 1000      15
1998121000 1  75 1078 1000      15
1998121006 1  82 1070 1000      15
1998121012 1  83 1048 1000      15
66666 0000   19 0021 9812 0 6 FAITH                              20110729
1998120912 1 105 1331 1002      12
1998120918 1 107 1308  998      15
1998121000 2 110 1288  994      20
1998121006 3 113 1268  990      25
1998121012 3 116 1253  985      28
1998121018 3 118 1236  985      28
1998121100 3 119 1216  985      28
1998121106 3 117 1202  980      30
1998121112 3 115 1189  980      30
1998121118 3 112 1174  980      30
1998121200 3 108 1158  980      30
1998121206 3 107 1143  980      30
1998121212 3 105 1130  980      30
1998121218 3 105 1120  980      28
1998121300 3 106 1116  980      28
1998121306 3 110 1114  980      28
1998121312 3 113 1110  985      25
1998121318 2 119 1102  990      23
1998121400 2 126 1093  995      20
