66666 0000   49 0001 0000 0 6 Carmen                             20110729
1949011300 0  57 1399 1006       0
1949011306 0  59 1393 1006       0
1949011312 0  63 1387 1006       0
1949011318 0  67 1380 1006       0
1949011400 0  72 1373 1005       0
1949011406 0  77 1367 1005       0
1949011412 0  82 1360 1005       0
1949011418 0  88 1353 1005       0
1949011500 1  96 1348 1005      15
1949011506 2 108 1345 1002      20
1949011512 3 116 1345 1000      25
1949011518 3 122 1346  998      30
1949011600 3 127 1347  998      30
1949011606 4 131 1351  996      35
1949011612 4 132 1353  996      35
1949011618 4 132 1356  996      35
1949011700 4 131 1359  993      35
1949011706 4 128 1361  993      35
1949011712 4 126 1359  993      35
1949011718 5 124 1356  990      45
1949011800 5 123 1352  990      45
1949011806 5 124 1345  990      45
1949011812 5 124 1338  990      45
1949011818 4 123 1328  995      35
1949011900 3 122 1318  995      30
1949011906 3 121 1309  995      30
1949011912 2 119 1299 1000      20
1949011918 2 117 1291 1000      20
1949012000 1 116 1282 1002      15
1949012006 1 114 1274 1004      15
1949012012 0 113 1266 1006       0
1949012018 0 112 1257 1006       0
1949012100 0 113 1249 1008       0
1949012106 0 114 1243 1008       0
1949012112 0 116 1238 1008       0
1949012118 0 117 1233 1008       0
1949012200 0 119 1227 1008       0
1949012206 0 120 1222 1008       0
1949012212 0 125 1212 1008       0
1949012218 0 133 1200 1008       0
1949012300 0 138 1194 1008       0
1949012306 0 143 1191 1008       0
1949012312 0 147 1187 1008       0
1949012318 0 152 1184 1008       0
1949012400 0 157 1182 1008       0
1949012406 0 161 1179 1008       0
1949012412 0 166 1177 1008       0
1949012418 0 171 1174 1010       0
1949012500 0 175 1173 1012       0
66666 0000   50 0002 0000 0 6 Della                              20110729
1949061200 0  66 1450 1008       0
1949061206 0  66 1437 1008       0
1949061212 0  66 1427 1008       0
1949061218 0  66 1418 1008       0
1949061300 0  66 1408 1006       0
1949061306 0  66 1401 1006       0
1949061312 0  67 1393 1006       0
1949061318 0  68 1386 1006       0
1949061400 0  70 1377 1005       0
1949061406 0  72 1370 1005       0
1949061412 0  75 1362 1005       0
1949061418 0  78 1354 1005       0
1949061500 0  83 1347 1005       0
1949061506 0  88 1340 1005       0
1949061512 0  93 1332 1005       0
1949061518 0  99 1325 1005       0
1949061600 0 107 1317 1005       0
1949061606 1 115 1309 1004      15
1949061612 1 123 1302 1004      15
1949061618 1 134 1293 1004      15
1949061700 2 143 1286 1002      20
1949061706 2 152 1278 1000      20
1949061712 2 159 1271  998      20
1949061718 3 166 1264  996      25
1949061800 3 172 1258  992      30
1949061806 4 178 1252  988      35
1949061812 4 183 1248  984      40
1949061818 5 188 1243  980      45
1949061900 5 194 1239  980      45
1949061906 5 207 1249  978      50
1949061912 5 222 1258  978      50
1949061918 5 233 1258  974      50
1949062000 5 248 1261  974      50
1949062006 6 271 1282  960      60
1949062012 6 303 1302  960      60
1949062018 5 333 1310  974      45
1949062100 4 350 1307  980      40
1949062106 4 360 1303  984      40
1949062112 3 355 1300  992      30
1949062118 3 357 1313  994      25
1949062200 2 372 1350  996      20
1949062206 2 390 1381  998      20
1949062212 1 397 1390 1000      15
1949062218 9 405 1396 1002      15
1949062300 9 410 1405 1003      12
1949062306 9 414 1425 1003      12
1949062312 9 417 1450 1005       0
1949062318 9 426 1470 1007       0
1949062400 9 440 1495 1008       0
1949062406 9 460 1520 1008       0
66666 0000   10 0003 0000 0 6 (nameless)                         20110729
1949062006 1 213 1218 1000      12
1949062012 1 215 1235 1000      12
1949062018 1 218 1248 1000      12
1949062100 1 220 1260 1000      12
1949062106 1 225 1272 1002      12
1949062112 1 232 1286 1002      12
1949062118 1 235 1302 1004      12
1949062200 1 240 1320 1004      12
1949062206 1 260 1330 1004      12
1949062212 1 274 1332 1004      12
66666 0000   43 0004 0000 0 6 Elaine                             20110729
1949063000 0  55 1403 1008       0
1949063006 0  56 1398 1008       0
1949063012 0  56 1392 1008       0
1949063018 0  56 1387 1008       0
1949070100 0  56 1381 1008       0
1949070106 0  56 1376 1006       0
1949070112 0  57 1371 1006       0
1949070118 0  57 1365 1006       0
1949070200 0  58 1359 1006       0
1949070206 0  59 1354 1006       0
1949070212 0  60 1349 1006       0
1949070218 0  61 1344 1006       0
1949070300 0  63 1339 1006       0
1949070306 0  65 1334 1006       0
1949070312 0  68 1330 1006       0
1949070318 0  71 1325 1006       0
1949070400 0  73 1320 1006       0
1949070406 0  75 1315 1006       0
1949070412 0  77 1310 1006       0
1949070418 0  78 1304 1006      10
1949070500 1  81 1298 1003      15
1949070506 1  83 1292 1000      15
1949070512 2  86 1284  998      20
1949070518 2  88 1276  996      20
1949070600 2  92 1266  995      20
1949070606 3  94 1257  994      25
1949070612 3  98 1247  993      25
1949070618 3 102 1236  992      30
1949070700 3 108 1227  992      30
1949070706 3 116 1221  991      30
1949070712 3 121 1217  990      30
1949070718 3 130 1210  990      30
1949070800 3 140 1202  989      30
1949070806 3 153 1190  987      30
1949070812 3 161 1182  985      30
1949070818 3 169 1175  984      30
1949070900 3 177 1171  984      30
1949070906 3 186 1166  985      30
1949070912 3 198 1160  988      25
1949070918 2 207 1155  990      20
1949071000 2 216 1150  995      20
1949071006 1 226 1139  998      15
1949071012 0 228 1130 1000      10
66666 0000   35 0005 0000 0 6 Faye                               20110729
1949071018 0 191 1418 1006       0
1949071100 1 192 1411 1002      15
1949071106 2 193 1404  998      20
1949071112 2 195 1397  994      20
1949071118 3 197 1391  990      25
1949071200 3 198 1385  988      25
1949071206 3 200 1381  985      30
1949071212 3 201 1377  983      30
1949071218 4 203 1373  980      35
1949071300 4 205 1368  978      35
1949071306 4 209 1359  976      40
1949071312 4 212 1350  974      40
1949071318 4 217 1341  972      40
1949071400 4 222 1333  971      40
1949071406 4 227 1328  970      40
1949071412 4 232 1321  969      40
1949071418 4 238 1313  969      40
1949071500 4 244 1308  968      40
1949071506 4 251 1304  967      40
1949071512 5 258 1301  966      45
1949071518 5 265 1298  965      45
1949071600 5 273 1296  966      45
1949071606 4 281 1295  967      40
1949071612 4 289 1294  968      40
1949071618 4 298 1293  971      40
1949071700 4 308 1293  975      35
1949071706 3 318 1294  981      30
1949071712 3 327 1295  986      30
1949071718 3 335 1298  992      25
1949071800 2 344 1301  996      20
1949071806 1 355 1308  998      15
1949071812 1 368 1313 1000      15
1949071818 0 384 1324 1002       0
1949071900 0 402 1339 1002       0
1949071906 0 414 1347 1004       0
66666 0000   33 0006 0000 0 6 Gloria                             20110729
1949071900 0 122 1340 1004       0
1949071906 1 127 1336 1000      15
1949071912 2 132 1332  995      20
1949071918 2 139 1328  990      20
1949072000 3 145 1323  982      30
1949072006 4 151 1320  974      35
1949072012 5 159 1317  967      45
1949072018 5 166 1314  960      50
1949072100 5 172 1312  960      50
1949072106 5 180 1310  960      50
1949072112 5 188 1309  960      50
1949072118 5 195 1308  960      50
1949072200 5 203 1307  960      50
1949072206 5 213 1306  960      50
1949072212 5 224 1304  960      50
1949072218 5 239 1297  960      50
1949072300 5 253 1286  960      50
1949072306 5 261 1272  960      50
1949072312 5 266 1261  960      45
1949072318 5 272 1251  960      45
1949072400 5 279 1241  962      45
1949072406 5 288 1232  964      45
1949072412 4 296 1225  966      40
1949072418 4 304 1217  968      40
1949072500 3 312 1210  978      30
1949072506 2 321 1208  983      20
1949072512 2 330 1206  988      20
1949072518 3 342 1206  988      25
1949072600 4 355 1208  985      35
1949072606 3 369 1216  990      30
1949072612 9 378 1230  995      25
1949072618 9 381 1246  998      15
1949072700 9 382 1262  998      15
66666 0000   27 0007 0000 0 6 Hester                             20110729
1949072218 3 162 1437  988      25
1949072300 3 166 1433  986      30
1949072306 3 170 1430  984      30
1949072312 3 178 1428  982      30
1949072318 4 185 1428  980      35
1949072400 4 193 1431  980      35
1949072406 4 200 1435  980      35
1949072412 4 208 1439  980      35
1949072418 4 216 1440  980      35
1949072500 4 223 1438  980      35
1949072506 4 230 1436  980      35
1949072512 4 240 1431  980      35
1949072518 4 251 1423  980      35
1949072600 3 258 1410  980      30
1949072606 3 263 1402  980      30
1949072612 3 267 1399  980      30
1949072618 3 273 1395  980      30
1949072700 3 283 1392  984      30
1949072706 3 291 1390  987      25
1949072712 3 300 1390  990      25
1949072718 3 308 1390  994      25
1949072800 2 319 1383  995      20
1949072806 2 328 1375  996      20
1949072812 2 337 1367  997      20
1949072818 2 347 1361  998      20
1949072900 1 360 1358 1002      15
1949072906 0 368 1357 1006       0
66666 0000   23 0008 0000 0 6 Irma                               20110729
1949072418 0 180 1135 1004       0
1949072500 0 182 1139 1003       0
1949072506 0 185 1142 1002       0
1949072512 1 188 1145 1001      15
1949072518 1 190 1149 1000      15
1949072600 1 193 1153  998      15
1949072606 1 195 1157  997      15
1949072612 1 199 1163  995      15
1949072618 1 203 1168  994      15
1949072700 2 208 1173  992      20
1949072706 2 211 1178  989      20
1949072712 2 214 1183  987      20
1949072718 2 217 1189  984      20
1949072800 3 220 1195  983      25
1949072806 3 225 1206  982      25
1949072812 3 239 1220  980      25
1949072818 3 256 1227  980      30
1949072900 3 272 1232  980      30
1949072906 3 288 1236  985      25
1949072912 2 304 1238  990      20
1949072918 1 318 1238  995      15
1949073000 1 330 1238 1000      12
1949073006 0 344 1238 1005       0
66666 0000    4 0008 0000 0 6 Irma(-)1                           20110729
1949072806 1 243 1206  988      15
1949072812 1 247 1204  990      12
1949072818 0 250 1202  992       0
1949072900 0 252 1200  995       0
66666 0000   40 0009 0000 1 6 (nameless)                         20110729
1949072918 0 198 1429 1006       0
1949073000 0 205 1429 1006       0
1949073006 0 212 1429 1005       0
1949073012 0 219 1429 1004       0
1949073018 0 226 1429 1004       0
1949073100 1 234 1429 1003      15
1949073106 1 243 1430 1002      15
1949073112 1 250 1431 1001      15
1949073118 1 257 1433 1000      15
1949080100 2 261 1435  998      20
1949080106 2 264 1437  995      20
1949080112 3 267 1439  992      25
1949080118 3 269 1441  990      25
1949080200 3 270 1443  990      25
1949080206 3 272 1445  990      25
1949080212 3 273 1448  990      25
1949080218 3 275 1451  990      25
1949080300 3 277 1455  990      25
1949080306 3 280 1460  990      25
1949080312 3 283 1465  990      25
1949080318 3 286 1470  990      25
1949080400 3 289 1477  990      25
1949080406 3 292 1484  990      25
1949080412 3 296 1492  990      25
1949080418 3 300 1500  990      25
1949080500 2 310 1511  992      20
1949080506 2 324 1521  994      20
1949080512 2 339 1530  996      20
1949080518 2 362 1542  998      20
1949080600 2 382 1554  997      20
1949080606 2 397 1565  996      20
1949080612 2 415 1579  995      20
1949080618 2 432 1592  994      20
1949080700 2 457 1613  994      20
1949080706 1 476 1633  994      15
1949080712 1 487 1658  995      15
1949080718 0 492 1680  995       0
1949080800 0 500 1715  995       0
1949080806 0 511 1749  995       0
1949080812 0 536 1771  995       0
66666 0000   21 0010 0000 0 6 (nameless)                         20110729
1949073006 0  68 1385 1006       0
1949073012 0  69 1374 1006       0
1949073018 0  71 1363 1006       0
1949073100 0  75 1352 1005       0
1949073106 0  79 1343 1005       0
1949073112 0  84 1334 1005       0
1949073118 0  90 1325 1005       0
1949080100 1  97 1317 1004      12
1949080106 1 106 1308 1004      12
1949080112 1 113 1301 1004      12
1949080118 1 120 1292 1004      12
1949080200 1 125 1283 1004      12
1949080206 1 128 1275 1004      12
1949080212 1 131 1268 1004      12
1949080218 0 133 1261 1007       0
1949080300 0 136 1254 1007       0
1949080306 0 138 1248 1007       0
1949080312 0 142 1240 1008       0
1949080318 0 144 1232 1008       0
1949080400 0 146 1224 1008       0
1949080406 0 147 1213 1008       0
66666 0000   14 0011 0000 0 6 (nameless)                         20110729
1949080606 0 180 1140 1004       0
1949080612 1 181 1134 1000      12
1949080618 1 182 1128 1000      12
1949080700 1 183 1122 1000      12
1949080706 1 184 1116  998      12
1949080712 1 185 1110  998      12
1949080718 1 186 1103  998      12
1949080800 0 192 1099 1002       9
1949080806 0 204 1105 1000       9
1949080812 0 207 1115  998       9
1949080818 0 211 1121  998       9
1949080900 0 215 1124 1000       9
1949080906 0 219 1127 1000       9
1949080912 0 223 1128 1000       9
66666 0000   50 0012 0000 0 6 Judith                             20110729
1949080700 0  74 1337 1006       0
1949080706 0  77 1333 1006       0
1949080712 0  82 1329 1005       0
1949080718 0  85 1327 1004       0
1949080800 0  88 1324 1004       0
1949080806 0  92 1322 1004       0
1949080812 0  95 1321 1004       0
1949080818 0  98 1319 1004       0
1949080900 1 103 1317 1003      15
1949080906 1 109 1314 1002      15
1949080912 1 119 1311 1001      15
1949080918 1 129 1306 1000      15
1949081000 2 139 1301  999      20
1949081006 2 149 1294  998      20
1949081012 2 156 1289  997      20
1949081018 2 162 1283  996      20
1949081100 3 169 1276  994      25
1949081106 3 173 1270  992      25
1949081112 3 175 1265  990      25
1949081118 3 178 1262  988      30
1949081200 4 183 1258  980      35
1949081206 4 190 1254  980      35
1949081212 4 202 1254  975      35
1949081218 4 214 1260  970      40
1949081300 4 224 1269  970      40
1949081306 4 235 1280  970      40
1949081312 4 247 1292  970      40
1949081318 4 257 1302  970      40
1949081400 5 267 1308  960      50
1949081406 5 277 1311  960      50
1949081412 5 287 1313  960      50
1949081418 5 298 1313  960      50
1949081500 5 306 1313  960      50
1949081506 5 310 1311  960      50
1949081512 5 315 1309  960      45
1949081518 4 320 1305  976      35
1949081600 3 328 1299  980      30
1949081606 3 335 1292  980      30
1949081612 3 338 1289  982      30
1949081618 3 342 1285  982      30
1949081700 3 343 1286  984      25
1949081706 3 344 1287  984      25
1949081712 3 345 1289  984      25
1949081718 3 345 1291  984      25
1949081800 2 345 1297  988      20
1949081806 2 345 1305  992      20
1949081812 1 346 1315  994      15
1949081818 1 350 1328  994      12
1949081900 1 356 1338  996      12
1949081906 1 358 1346  996      12
66666 0000   26 0012 0000 0 6 Judith(-)1                         20110729
1949081900 1 347 1398 1000      12
1949081906 1 349 1410  998      15
1949081912 1 351 1423  998      15
1949081918 1 352 1433  998      15
1949082000 1 353 1443  998      15
1949082006 1 354 1451  998      15
1949082012 1 356 1460  998      15
1949082018 1 359 1470  998      15
1949082100 1 361 1480  998      15
1949082106 1 363 1491  998      15
1949082112 1 364 1501  998      15
1949082118 1 366 1510  999      15
1949082200 1 367 1520 1000      15
1949082206 1 368 1530 1000      15
1949082212 1 370 1540 1000      15
1949082218 1 367 1549 1001      12
1949082300 1 359 1547 1001      12
1949082306 0 353 1539 1001       0
1949082312 0 348 1531 1001       0
1949082318 0 345 1522 1002       0
1949082400 0 341 1512 1003       0
1949082406 0 336 1502 1003       0
1949082412 0 333 1493 1003       0
1949082418 0 330 1483 1003       0
1949082500 0 328 1472 1003       0
1949082506 0 325 1460 1005       0
66666 0000   11 0013 0000 0 6 (nameless)                         20110729
1949080706 0 261 1285 1006       0
1949080712 0 259 1279 1006       0
1949080718 0 258 1274 1004       0
1949080800 0 256 1269 1004       0
1949080806 1 254 1262 1002      12
1949080812 1 253 1256 1002      12
1949080818 1 253 1250 1002      12
1949080900 1 254 1242 1002      12
1949080906 0 260 1221 1002       0
1949080912 0 273 1203 1005       0
1949080918 0 287 1191 1006       0
66666 0000   11 0014 0000 0 6 (nameless)                         20110729
1949080918 0 252 1330 1007       0
1949081000 0 263 1343 1007       0
1949081006 1 270 1350 1004      12
1949081012 1 280 1356 1004      12
1949081018 1 295 1355 1004      12
1949081100 1 305 1350 1004      12
1949081106 1 311 1343 1004      12
1949081112 0 316 1336 1004       0
1949081118 0 321 1330 1004       0
1949081200 0 326 1328 1004       0
1949081206 0 332 1332 1004       0
66666 0000   17 0015 0000 0 6 (nameless)                         20110729
1949082000 0  74 1411 1006       0
1949082006 0  79 1397 1006       0
1949082012 0  86 1383 1006       0
1949082018 0  93 1367 1006       0
1949082100 0 101 1349 1006       0
1949082106 0 105 1344 1004       0
1949082112 0 108 1338 1004       0
1949082118 1 112 1332 1002      12
1949082200 1 116 1325 1002      12
1949082206 1 119 1317 1002      12
1949082212 1 123 1309 1002      12
1949082218 1 124 1301 1002      12
1949082300 1 121 1294 1002      12
1949082306 1 118 1291 1002      12
1949082312 0 116 1287 1004       0
1949082318 0 114 1284 1004       0
1949082400 0 112 1281 1004       0
66666 0000   28 0016 0000 1 6 Kitty                              20110729
1949082700 1 205 1551 1000      15
1949082706 1 211 1551 1000      15
1949082712 1 217 1551 1000      15
1949082718 2 225 1549  990      20
1949082800 3 232 1545  980      30
1949082806 3 241 1536  980      30
1949082812 3 250 1527  980      30
1949082818 3 258 1517  980      30
1949082900 3 266 1505  980      30
1949082906 3 272 1493  980      30
1949082912 3 277 1480  980      30
1949082918 3 283 1463  980      30
1949083000 4 289 1449  975      35
1949083006 4 296 1435  970      40
1949083012 4 303 1422  970      40
1949083018 5 315 1409  960      45
1949083100 5 328 1399  957      45
1949083106 4 343 1392  952      40
1949083112 3 358 1390  975      30
1949083118 3 389 1388  978      30
1949090100 3 413 1395  985      25
1949090106 2 445 1403  988      20
1949090112 9 474 1413  990       0
1949090118 9 506 1432  995       0
1949090200 9 524 1440  996       0
1949090206 9 530 1460  998       0
1949090212 9 537 1482  998       0
1949090218 9 541 1508 1000       0
66666 0000   39 0017 0000 0 6 Lise                               20110729
1949083100 0 172 1462 1003       0
1949083106 0 172 1453 1002       0
1949083112 0 172 1444 1001       0
1949083118 1 172 1435 1000      15
1949090100 1 172 1424  999      15
1949090106 1 173 1413  998      15
1949090112 2 174 1401  997      20
1949090118 2 175 1389  996      20
1949090200 3 177 1378  992      25
1949090206 3 179 1370  988      30
1949090212 3 186 1364  984      30
1949090218 3 195 1372  980      30
1949090300 4 200 1380  977      35
1949090306 4 207 1388  975      35
1949090312 4 214 1397  972      35
1949090318 4 222 1404  970      40
1949090400 4 229 1410  970      40
1949090406 4 235 1412  970      40
1949090412 4 242 1415  970      40
1949090418 4 251 1418  970      40
1949090500 4 260 1422  970      40
1949090506 4 273 1431  970      40
1949090512 4 288 1444  970      40
1949090518 4 297 1455  970      40
1949090600 4 307 1469  967      40
1949090606 4 318 1481  965      40
1949090612 5 328 1491  962      45
1949090618 5 339 1499  960      45
1949090700 5 353 1503  960      45
1949090706 5 367 1504  960      45
1949090712 5 377 1504  960      45
1949090718 5 385 1504  960      45
1949090800 4 393 1504  970      40
1949090806 3 404 1508  980      30
1949090812 9 416 1520  990      20
1949090818 9 430 1538 1000      15
1949090900 9 444 1554 1001       0
1949090906 9 466 1577 1002       0
1949090912 9 474 1584 1004       0
66666 0000   23 0018 0000 1 6 Madeline                           20110729
1949090200 1 211 1520 1000      15
1949090206 2 219 1520  995      20
1949090212 3 228 1519  990      25
1949090218 3 237 1514  984      30
1949090300 3 250 1502  983      30
1949090306 3 261 1491  982      30
1949090312 3 272 1484  981      30
1949090318 3 284 1480  980      30
1949090400 3 296 1480  980      30
1949090406 3 312 1485  980      30
1949090412 3 328 1495  980      30
1949090418 3 340 1506  980      30
1949090500 3 352 1521  980      30
1949090506 3 368 1539  980      30
1949090512 3 384 1557  980      30
1949090518 3 398 1580  980      30
1949090600 3 419 1619  980      30
1949090606 3 437 1663  980      30
1949090612 3 450 1698  980      30
1949090618 3 473 1727  980      30
1949090700 4 497 1759  978      35
1949090706 4 507 1782  975      35
1949090712 4 513 1798  973      40
66666 0000   29 0019 0000 0 6 (nameless)                         20110729
1949090200 0 183 1255 1002       0
1949090206 0 186 1249 1002       0
1949090212 0 188 1244 1002       0
1949090218 0 191 1239 1000       0
1949090300 0 193 1235 1000       0
1949090306 0 195 1230 1000       0
1949090312 0 195 1225 1000       0
1949090318 0 195 1220 1000       0
1949090400 0 195 1214 1000       0
1949090406 0 195 1210 1000       0
1949090412 0 195 1205 1000       0
1949090418 0 196 1201 1000       0
1949090500 0 197 1196 1000       0
1949090506 0 198 1194 1000       0
1949090512 0 200 1190 1000       0
1949090518 0 203 1187 1000       0
1949090600 0 207 1184 1000       0
1949090606 1 210 1180 1000      12
1949090612 1 213 1175 1000      12
1949090618 1 217 1171 1000      12
1949090700 1 219 1166 1000      15
1949090706 2 220 1161  998      20
1949090712 3 220 1153  993      30
1949090718 3 220 1144  990      30
1949090800 3 220 1129  990      30
1949090806 3 220 1115  993      25
1949090812 1 221 1101  998      15
1949090818 0 222 1086 1000       9
1949090900 0 222 1074 1000       9
66666 0000   29 0020 0000 0 6 Nelly                              20110729
1949090812 0 167 1428 1000       0
1949090818 0 168 1422 1000       0
1949090900 0 169 1416 1000       0
1949090906 0 171 1410 1000       0
1949090912 1 171 1402 1000      15
1949090918 1 172 1394 1000      15
1949091000 1 172 1387  997      15
1949091006 2 173 1381  994      20
1949091012 2 174 1376  991      20
1949091018 3 176 1370  988      25
1949091100 3 178 1361  988      25
1949091106 3 182 1350  988      25
1949091112 3 186 1340  988      25
1949091118 3 190 1330  988      25
1949091200 3 194 1321  986      30
1949091206 3 200 1311  984      30
1949091212 4 204 1302  982      35
1949091218 4 210 1293  980      40
1949091300 4 216 1283  980      40
1949091306 4 220 1272  980      40
1949091312 4 225 1261  980      40
1949091318 4 228 1250  980      40
1949091400 4 231 1237  980      40
1949091406 4 234 1216  984      35
1949091412 3 233 1198  986      30
1949091418 2 232 1183  990      20
1949091500 1 231 1168 1000      15
1949091506 0 237 1158 1001       9
1949091512 0 247 1150 1002       9
66666 0000   38 0021 0000 0 6 (nameless)                         20110729
1949091518 0 150 1422 1007       0
1949091600 0 162 1424 1005       0
1949091606 0 172 1425 1005       0
1949091612 0 180 1424 1004       0
1949091618 0 186 1423 1004       0
1949091700 0 192 1420 1004       0
1949091706 0 195 1416 1004       0
1949091712 0 198 1411 1003       0
1949091718 0 201 1405 1003       0
1949091800 0 202 1398 1002       0
1949091806 0 203 1391 1001       0
1949091812 0 205 1383 1000       0
1949091818 0 207 1376 1000       0
1949091900 0 208 1371 1000       0
1949091906 0 210 1364 1000       0
1949091912 0 212 1358 1000       0
1949091918 0 214 1352 1000       0
1949092000 0 216 1345 1000       0
1949092006 0 219 1338 1000       0
1949092012 0 222 1330 1000       0
1949092018 0 226 1322 1000       0
1949092100 0 232 1315 1000       0
1949092106 1 245 1304 1000      12
1949092112 1 264 1297 1000      12
1949092118 2 285 1298 1000      20
1949092200 2 305 1304 1000      20
1949092206 2 335 1325 1002      20
1949092212 2 370 1350  995      20
1949092218 3 394 1348  990      25
1949092300 3 408 1342  985      25
1949092306 3 422 1332  985      25
1949092312 2 435 1333  990      20
1949092318 1 450 1340  993      15
1949092400 1 465 1355  996      15
1949092406 0 480 1370  996       0
1949092412 0 493 1385  998       0
1949092418 0 510 1390 1000       0
1949092500 0 520 1390 1000       0
66666 0000   11 0021 0000 0 6 (nameless)(-)1                     20110729
1949092212 1 335 1345 1002      12
1949092218 1 331 1358 1002      12
1949092300 1 328 1370 1002      15
1949092306 2 325 1378 1002      20
1949092312 2 323 1385 1000      20
1949092318 2 321 1392 1000      20
1949092400 1 320 1400 1002      15
1949092406 0 320 1410 1004       0
1949092412 0 321 1420 1004       0
1949092418 0 322 1430 1005       0
1949092500 0 325 1440 1005       0
66666 0000   18 0022 0000 1 6 (nameless)                         20110729
1949091706 0 112 1155 1003       0
1949091712 0 114 1152 1003       0
1949091718 0 117 1149 1002       0
1949091800 0 118 1145 1001       0
1949091806 1 120 1141  998      12
1949091812 1 122 1137  998      15
1949091818 1 127 1132  995      15
1949091900 2 133 1125  995      20
1949091906 3 142 1120  990      25
1949091912 3 150 1116  990      25
1949091918 3 161 1112  990      25
1949092000 3 170 1107  990      25
1949092006 3 175 1099  990      25
1949092012 3 176 1091  990      25
1949092018 3 177 1081  990      25
1949092100 2 177 1073  995      20
1949092106 1 178 1065 1000      15
1949092112 0 178 1060 1002      10
66666 0000   27 0023 0000 1 6 (nameless)                         20110729
1949092106 0 163 1540 1004       0
1949092112 0 172 1540 1003       0
1949092118 0 182 1540 1002       0
1949092200 0 192 1540 1000       0
1949092206 0 202 1541 1000       0
1949092212 0 213 1542 1000       0
1949092218 1 225 1545 1000      12
1949092300 1 245 1551  999      12
1949092306 1 275 1560  997      12
1949092312 2 294 1566  995      20
1949092318 2 304 1568  994      20
1949092400 2 312 1564  993      20
1949092406 2 319 1558  992      20
1949092412 2 328 1551  991      20
1949092418 3 335 1544  990      25
1949092500 3 353 1545  990      25
1949092506 9 382 1564  990      25
1949092512 9 397 1581  990      25
1949092518 9 414 1601  990      25
1949092600 9 431 1622  990      25
1949092606 9 450 1647  990      25
1949092612 9 461 1663  991       0
1949092618 9 473 1681  992       0
1949092700 9 487 1711  994       0
1949092706 9 502 1739  997       0
1949092712 9 516 1753 1000       0
1949092718 9 533 1772 1002       0
66666 0000   16 0024 0000 0 6 (nameless)                         20110729
1949092618 0 148 1344 1002       0
1949092700 0 165 1313 1002       0
1949092706 0 178 1290 1002       0
1949092712 1 186 1272 1002      12
1949092718 1 192 1262 1002      15
1949092800 2 195 1255 1001      20
1949092806 2 199 1248 1001      20
1949092812 2 202 1241 1001      20
1949092818 2 207 1233 1000      20
1949092900 1 215 1225 1000      15
1949092906 1 222 1218 1000      15
1949092912 1 229 1209 1000      12
1949092918 0 233 1202 1000      10
1949093000 0 239 1198 1000      10
1949093006 0 247 1191 1001       9
1949093012 0 254 1186 1001       9
66666 0000   24 0025 0000 0 6 Omilia                             20110729
1949092900 0  74 1382 1004       0
1949092906 0  81 1371 1004       0
1949092912 0  88 1359 1003       0
1949092918 0  95 1348 1003       0
1949093000 0 103 1335 1002       0
1949093006 0 112 1322 1002       0
1949093012 0 122 1312 1001       0
1949093018 1 131 1301 1000      15
1949100100 1 140 1290  998      15
1949100106 2 150 1281  995      20
1949100112 2 160 1272  992      20
1949100118 3 168 1263  990      25
1949100200 3 176 1252  988      25
1949100206 3 184 1241  985      30
1949100212 4 191 1229  982      35
1949100218 4 193 1217  980      35
1949100300 4 196 1207  980      35
1949100306 4 200 1199  980      35
1949100312 4 207 1192  980      35
1949100318 3 215 1185  985      30
1949100400 3 221 1179  990      25
1949100406 2 230 1172  990      20
1949100412 1 237 1163  995      15
1949100418 0 240 1160 1000       9
66666 0000   42 0026 0000 0 6 (nameless)                         20110729
1949101500 0 127 1366 1008       0
1949101506 0 132 1357 1006       0
1949101512 0 137 1347 1006       0
1949101518 0 142 1339 1006       0
1949101600 0 146 1331 1004       0
1949101606 0 150 1323 1004       0
1949101612 0 154 1315 1004       0
1949101618 0 158 1307 1004       0
1949101700 0 161 1301 1004       0
1949101706 0 164 1295 1004       0
1949101712 1 166 1291 1002      15
1949101718 1 168 1286 1002      15
1949101800 1 170 1283 1000      15
1949101806 1 172 1279 1000      15
1949101812 1 173 1277 1000      15
1949101818 2 174 1273  998      20
1949101900 2 176 1270  998      20
1949101906 2 177 1267  998      20
1949101912 2 179 1262  998      20
1949101918 3 181 1258  998      25
1949102000 3 182 1252  998      25
1949102006 3 185 1243  998      25
1949102012 3 188 1233  998      25
1949102018 3 193 1222  998      25
1949102100 3 196 1210  996      25
1949102106 3 197 1201  994      25
1949102112 3 198 1192  992      25
1949102118 3 198 1184  990      25
1949102200 3 198 1176  992      25
1949102206 2 198 1168  994      20
1949102212 2 192 1157  996      20
1949102218 1 185 1146  998      15
1949102300 0 175 1137 1000       0
1949102306 0 163 1130 1000       0
1949102312 0 154 1131 1000       0
1949102318 0 146 1133 1000       0
1949102400 0 137 1137 1000       0
1949102406 0 129 1144 1000       0
1949102412 0 126 1153 1000       0
1949102418 0 124 1161 1001       0
1949102500 0 123 1170 1002       0
1949102506 0 122 1178 1002       0
66666 0000   40 0027 0000 1 6 Patricia                           20110729
1949102000 0 116 1415 1004       0
1949102006 1 118 1409 1002      12
1949102012 1 121 1403 1002      12
1949102018 1 124 1397 1002      12
1949102100 1 128 1391 1001      15
1949102106 2 132 1384 1000      20
1949102112 2 136 1378  999      20
1949102118 2 140 1372  998      20
1949102200 3 144 1366  995      25
1949102206 3 147 1361  992      25
1949102212 3 150 1355  988      25
1949102218 3 153 1349  986      30
1949102300 3 156 1343  985      30
1949102306 4 160 1337  983      35
1949102312 4 164 1328  981      35
1949102318 4 168 1320  980      35
1949102400 4 172 1312  978      40
1949102406 4 175 1304  975      40
1949102412 4 177 1298  973      40
1949102418 4 179 1292  970      40
1949102500 5 182 1285  960      50
1949102506 5 184 1280  950      50
1949102512 6 187 1274  940      60
1949102518 6 193 1272  930      70
1949102600 6 202 1273  930      70
1949102606 6 213 1279  930      70
1949102612 6 227 1287  930      70
1949102618 6 243 1298  930      70
1949102700 6 262 1311  935      65
1949102706 6 283 1333  940      60
1949102712 6 301 1360  945      55
1949102718 6 325 1391  950      55
1949102800 6 353 1440  952      55
1949102806 5 387 1500  955      50
1949102812 5 406 1546  957      50
1949102818 5 421 1589  960      45
1949102900 9 440 1640  965      40
1949102906 9 453 1678  970       0
1949102912 9 470 1735  975       0
1949102918 9 482 1784  980       0
66666 0000   22 0028 0000 1 6 (nameless)                         20110729
1949103000 0  72 1321 1005       0
1949103006 0  73 1316 1005       0
1949103012 0  74 1311 1005       0
1949103018 0  77 1306 1005       0
1949103100 0  80 1301 1005       0
1949103106 0  84 1293 1005       0
1949103112 0  88 1286 1005       0
1949103118 0  92 1277 1005       0
1949110100 0  95 1268 1003       0
1949110106 1  98 1258 1003      15
1949110112 1 102 1245 1003      15
1949110118 1 105 1230 1003      15
1949110200 2 108 1216 1002      20
1949110206 2 111 1202 1000      20
1949110212 3 113 1190  998      25
1949110218 3 115 1178  996      25
1949110300 3 117 1163  993      25
1949110306 3 119 1145  990      30
1949110312 3 122 1126  993      30
1949110318 3 126 1108  996      25
1949110400 2 132 1094  997      20
1949110406 1 140 1082 1000      15
66666 0000   23 0029 0000 0 6 (nameless)                         20110729
1949110400 0  67 1369 1002       0
1949110406 0  67 1362 1002       0
1949110412 0  67 1353 1002       0
1949110418 0  68 1345 1002       0
1949110500 0  69 1335 1002       0
1949110506 0  73 1320 1002       0
1949110512 0  78 1306 1002       0
1949110518 0  84 1294 1002       0
1949110600 0  90 1283 1002       0
1949110606 0 104 1268 1005       0
1949110612 0 115 1250 1005       0
1949110618 0 120 1230 1005       0
1949110700 0 122 1208 1005       0
1949110706 1 120 1180 1002      12
1949110712 1 124 1165 1002      15
1949110718 1 127 1151 1002      15
1949110800 1 129 1139 1002      15
1949110806 2 132 1131 1000      20
1949110812 1 135 1124 1002      15
1949110818 1 138 1115 1004      12
1949110900 0 142 1106 1004       0
1949110906 0 146 1096 1006       0
1949110912 0 151 1085 1008       0
66666 0000   27 0030 0000 0 6 Rena                               20110729
1949110818 0  63 1366 1004       0
1949110900 0  63 1358 1004       0
1949110906 0  63 1348 1004       0
1949110912 0  64 1338 1003       0
1949110918 1  65 1327 1002      15
1949111000 1  70 1314 1000      15
1949111006 2  79 1299  997      20
1949111012 3  88 1284  995      25
1949111018 3  94 1270  990      30
1949111100 3  97 1260  990      30
1949111106 3  98 1254  992      25
1949111112 3 101 1245  992      25
1949111118 3 105 1232  992      25
1949111200 3 115 1215  990      30
1949111206 3 122 1200  990      30
1949111212 3 130 1180  990      30
1949111218 3 138 1164  990      30
1949111300 3 145 1156  992      30
1949111306 3 150 1152  995      25
1949111312 3 156 1148  997      25
1949111318 2 161 1145 1000      20
1949111400 2 168 1142 1001      20
1949111406 1 176 1140 1002      15
1949111412 1 186 1137 1003      15
1949111418 1 196 1134 1004      12
1949111500 1 202 1129 1005      12
1949111506 0 204 1119 1006       0
66666 0000   46 0031 0000 1 6 Allyn                              20110729
1949111406 1  81 1539  998      12
1949111412 1  85 1534  997      15
1949111418 2  88 1530  996      20
1949111500 2  92 1525  995      20
1949111506 3  96 1520  993      25
1949111512 3  99 1515  992      25
1949111518 3 102 1510  990      30
1949111600 3 105 1504  988      30
1949111606 4 108 1499  985      35
1949111612 4 114 1487  982      35
1949111618 4 118 1475  980      40
1949111700 4 120 1461  978      40
1949111706 5 124 1450  975      45
1949111712 5 130 1438  972      45
1949111718 5 134 1426  970      45
1949111800 5 137 1416  970      45
1949111806 5 142 1406  970      45
1949111812 5 146 1397  970      45
1949111818 5 148 1388  970      45
1949111900 5 151 1381  970      45
1949111906 5 155 1371  970      45
1949111912 5 159 1360  970      45
1949111918 5 163 1350  970      45
1949112000 5 167 1338  970      45
1949112006 5 169 1333  970      45
1949112012 5 171 1327  970      45
1949112018 5 174 1320  970      45
1949112100 5 176 1314  970      45
1949112106 5 180 1308  970      45
1949112112 5 185 1304  970      45
1949112118 5 191 1302  970      45
1949112200 5 198 1302  968      45
1949112206 5 207 1304  965      50
1949112212 5 222 1311  962      50
1949112218 5 241 1324  960      50
1949112300 5 260 1339  961      50
1949112306 5 278 1357  962      50
1949112312 5 294 1377  963      50
1949112318 5 308 1400  965      45
1949112400 5 324 1434  968      45
1949112406 4 338 1470  972      40
1949112412 9 358 1520  975      35
1949112418 9 377 1573  978       0
1949112500 9 388 1632  980       0
1949112506 9 402 1708  980       0
1949112512 9 410 1783  980       0
66666 0000   34 0032 0000 1 6 Betty                              20110729
1949120200 0  71 1335 1000       0
1949120206 1  72 1332 1000      15
1949120212 2  73 1328  997      20
1949120218 3  74 1323  996      30
1949120300 4  75 1318  996      35
1949120306 4  76 1310  996      35
1949120312 4  78 1300  996      35
1949120318 4  81 1287  996      35
1949120400 4  83 1273  997      35
1949120406 3  88 1257  997      30
1949120412 3  94 1244  997      30
1949120418 3 100 1234  998      25
1949120500 3 103 1225  998      25
1949120506 3 105 1218  998      25
1949120512 3 106 1211  998      25
1949120518 3 107 1203  998      25
1949120600 2 108 1194  997      20
1949120606 2 108 1186  997      20
1949120612 2 107 1177  997      20
1949120618 2 106 1167  996      20
1949120700 2 105 1160  996      20
1949120706 2 104 1153  996      20
1949120712 2 104 1145  996      20
1949120718 2 103 1137  996      20
1949120800 2 102 1127  997      20
1949120806 2 101 1117  997      20
1949120812 2 101 1107  997      20
1949120818 1 103 1100  998      15
1949120900 1 104 1096  998      15
1949120906 1 106 1093  998      15
1949120912 1 108 1089  998      15
1949120918 1 109 1086  998      15
1949121000 0 111 1083 1000       0
1949121006 0 113 1080 1000       0
66666 0000   34 0033 0000 0 6 Camilla                            20110729
1949120618 0  97 1419 1000       0
1949120700 0  96 1412  999       0
1949120706 0  95 1403  998       0
1949120712 1  93 1395  997      15
1949120718 2  91 1387  996      20
1949120800 2  88 1379  995      20
1949120806 2  85 1371  994      20
1949120812 3  82 1363  992      25
1949120818 3  79 1354  990      25
1949120900 4  79 1346  980      35
1949120906 4  80 1335  980      35
1949120912 4  83 1324  980      35
1949120918 4  89 1311  980      35
1949121000 4 100 1301  975      40
1949121006 5 113 1291  970      45
1949121012 5 125 1280  970      45
1949121018 5 137 1268  970      45
1949121100 5 144 1256  972      45
1949121106 5 152 1243  975      45
1949121112 4 159 1232  978      40
1949121118 4 167 1219  980      35
1949121200 4 175 1212  980      35
1949121206 4 184 1207  975      35
1949121212 4 194 1205  972      40
1949121218 4 205 1206  970      40
1949121300 4 221 1216  972      40
1949121306 4 240 1236  975      40
1949121312 4 248 1266  978      35
1949121318 4 256 1304  980      35
1949121400 3 277 1360  983      30
1949121406 9 300 1419  986      30
1949121412 9 320 1465  989      25
1949121418 9 335 1500  992      20
1949121500 9 343 1545  994      15
