66666 0000   14 0001 8901 0 6 Winona                             20110729
1989011718 1 167 1567 1002      15
1989011800 1 169 1543 1002      15
1989011806 1 167 1520 1002      15
1989011812 1 163 1502 1000      15
1989011818 1 160 1482 1000      15
1989011900 1 155 1456 1000      15
1989011906 2 152 1434  995      20
1989011912 2 140 1400  995      20
1989011918 2 134 1370  995      20
1989012000 2 130 1338  995      20
1989012006 1 136 1321 1000      15
1989012012 1 140 1304 1002      15
1989012018 1 135 1285 1002      12
1989012100 1 130 1270 1004      12
66666 0000    9 0002 0000 0 6 (nameless)                         20110729
1989012606 1 105 1270 1004      12
1989012612 1 111 1272 1004      12
1989012618 1 114 1275 1002      12
1989012700 1 120 1280 1002      15
1989012706 1 120 1280 1002      15
1989012712 1 123 1273 1002      15
1989012718 1 123 1273 1002      15
1989012800 1 123 1273 1002      15
1989012806 1 120 1265 1004      12
66666 0000   46 0003 8902 0 6 Andy                               20110729
1989041400 1  99 1485 1004      12
1989041406 1  99 1485 1004      12
1989041412 1  99 1489 1004      12
1989041418 1 100 1493 1004      12
1989041500 1 100 1493 1002      15
1989041506 1 100 1493 1002      15
1989041512 1  95 1493 1002      15
1989041518 1  90 1492 1002      15
1989041600 1  85 1490 1002      15
1989041606 1  85 1490 1002      15
1989041612 1  82 1488 1002      15
1989041618 1  82 1488 1002      15
1989041700 1  80 1486 1002      15
1989041706 1  80 1480 1002      15
1989041712 1  80 1480 1000      15
1989041718 1  82 1473 1000      15
1989041800 2  85 1467  998      20
1989041806 2  93 1462  995      20
1989041812 2  97 1455  995      20
1989041818 2  97 1447  995      20
1989041900 2  98 1440  990      20
1989041906 2  98 1434  990      20
1989041912 3  99 1432  985      25
1989041918 3 104 1433  980      30
1989042000 3 107 1434  980      30
1989042006 4 110 1437  970      35
1989042012 4 113 1442  960      40
1989042018 5 120 1450  945      50
1989042100 5 126 1459  940      50
1989042106 6 133 1469  930      55
1989042112 6 142 1482  930      55
1989042118 6 155 1496  930      55
1989042200 5 166 1506  945      50
1989042206 5 172 1515  950      45
1989042212 4 183 1528  955      40
1989042218 4 195 1538  960      40
1989042300 4 206 1546  970      35
1989042306 3 215 1553  980      30
1989042312 3 225 1556  980      30
1989042318 3 234 1560  985      25
1989042400 2 242 1567  990      20
1989042406 2 251 1573  990      20
1989042412 2 258 1585  990      20
1989042418 2 271 1594  992      20
1989042500 1 281 1605  996      15
1989042506 1 294 1609 1000      12
66666 0000   30 0004 8903 0 6 Brenda                             20110729
1989051406 1  60 1340 1004      12
1989051412 1  67 1338 1004      12
1989051418 1  74 1333 1004      12
1989051500 1  80 1330 1004      12
1989051506 1  83 1322 1002      12
1989051512 1  87 1315 1002      12
1989051518 1  91 1305 1000      15
1989051600 1  95 1295 1000      15
1989051606 2 100 1285  996      20
1989051612 3 110 1268  990      25
1989051618 3 115 1257  990      25
1989051700 3 123 1239  990      25
1989051706 3 133 1226  990      25
1989051712 3 139 1212  990      25
1989051718 3 148 1200  985      25
1989051800 3 153 1190  985      25
1989051806 3 158 1185  985      25
1989051812 3 165 1179  985      25
1989051818 3 170 1175  985      25
1989051900 3 175 1170  985      25
1989051906 3 180 1164  980      30
1989051912 3 188 1158  980      30
1989051918 4 196 1152  975      35
1989052000 4 205 1146  970      35
1989052006 4 211 1138  970      35
1989052012 4 215 1131  970      35
1989052018 3 220 1122  985      25
1989052100 1 222 1112  990      15
1989052106 1 224 1105 1000      12
1989052112 0 227 1101 1002       9
66666 0000   18 0005 8904 1 6 Cecil                              20110729
1989052118 1 114 1144 1002      12
1989052200 1 120 1140 1000      15
1989052206 1 125 1138 1000      15
1989052212 1 130 1134  998      15
1989052218 2 135 1130  995      20
1989052300 3 140 1125  990      25
1989052306 3 146 1121  985      25
1989052312 3 150 1116  985      25
1989052318 3 154 1110  985      25
1989052400 3 158 1104  985      25
1989052406 3 160 1097  985      25
1989052412 3 160 1091  985      25
1989052418 3 161 1083  980      30
1989052500 3 162 1078  980      30
1989052506 3 164 1071  985      25
1989052512 2 169 1065  990      20
1989052518 2 172 1057  995      20
1989052600 1 174 1048  998      15
66666 0000   32 0006 8905 0 6 Dot                                20110729
1989060400 0  73 1370 1008      10
1989060406 0  80 1350 1006      10
1989060412 0  85 1330 1006      10
1989060418 0  88 1318 1006      10
1989060500 1  93 1305 1004      12
1989060506 1  98 1295 1002      15
1989060512 1 105 1280 1000      15
1989060518 1 109 1267  998      15
1989060600 2 112 1256  995      20
1989060606 2 115 1241  990      20
1989060612 3 121 1231  990      25
1989060618 3 126 1217  990      25
1989060700 3 130 1202  990      25
1989060706 3 136 1192  990      25
1989060712 3 142 1185  985      25
1989060718 3 147 1177  985      25
1989060800 3 152 1167  985      25
1989060806 3 158 1160  980      30
1989060812 3 162 1150  975      30
1989060818 4 163 1144  970      35
1989060900 4 166 1136  965      35
1989060906 4 170 1127  960      40
1989060912 4 173 1119  960      40
1989060918 4 176 1110  960      40
1989061000 4 181 1104  960      40
1989061006 4 185 1095  970      35
1989061012 4 189 1088  970      35
1989061018 3 193 1077  980      30
1989061100 3 198 1068  985      25
1989061106 3 201 1061  985      25
1989061112 2 204 1058  990      20
1989061118 1 208 1054  995      15
66666 0000   24 0007 8906 0 6 Ellis                              20110729
1989062000 1 155 1310 1002      15
1989062006 1 165 1300 1002      15
1989062012 1 171 1290 1002      15
1989062018 1 173 1282 1002      15
1989062100 1 174 1272 1002      15
1989062106 1 170 1265 1002      15
1989062112 1 170 1265 1002      15
1989062118 1 173 1261 1000      15
1989062200 1 176 1264 1000      15
1989062206 1 183 1269 1000      15
1989062212 1 190 1267 1000      15
1989062218 1 199 1263 1000      15
1989062300 2 210 1267  998      20
1989062306 2 226 1273  994      20
1989062312 2 249 1284  994      20
1989062318 2 293 1300  992      20
1989062400 2 330 1307  992      20
1989062406 1 346 1315  994      15
1989062412 1 367 1322  996      15
1989062418 9 380 1330  998      15
1989062500 9 400 1345  998      15
1989062506 9 415 1355  998      15
1989062512 9 425 1361 1000      15
1989062518 9 435 1365 1002      12
66666 0000   10 0008 0000 0 6 (nameless)                         20110729
1989062418 1 142 1140 1004      12
1989062500 1 145 1130 1004      12
1989062506 1 149 1122 1002      15
1989062512 1 152 1118 1002      12   15
1989062518 1 156 1111 1002      12   15
1989062600 1 160 1102 1002      12   15
1989062606 1 160 1092 1002      12   15
1989062612 1 160 1084 1002      12   15
1989062618 1 165 1075 1004      12
1989062700 1 175 1070 1004      12
66666 0000   23 0009 8907 0 6 Faye                               20110729
1989070600 1 145 1300 1006      12
1989070606 1 152 1295 1002      15
1989070612 1 156 1293 1002      15
1989070618 1 160 1290 1000      15
1989070700 1 163 1285  998      15
1989070706 2 165 1278  998      20
1989070712 2 167 1270  995      20
1989070718 2 168 1260  995      20
1989070800 2 168 1248  990      20
1989070806 3 167 1236  985      25
1989070812 3 168 1220  985      25
1989070818 3 169 1197  980      30
1989070900 3 171 1186  980      30
1989070906 3 174 1175  980      30
1989070912 3 177 1166  980      30
1989070918 3 181 1153  980      30
1989071000 3 185 1139  985      25
1989071006 3 192 1124  985      25
1989071012 3 195 1113  985      25
1989071018 2 199 1103  990      20
1989071100 2 205 1092  990      20
1989071106 2 212 1079  995      20
1989071112 1 220 1070 1000      15
66666 0000   34 0010 8908 0 6 Gordon                             20110729
1989071100 1 185 1480 1006      12
1989071106 1 185 1468 1003      15
1989071112 1 185 1458 1000      15
1989071118 1 185 1445 1000      15
1989071200 1 184 1430  998      15
1989071206 2 183 1413  995      20
1989071212 2 181 1399  995      20
1989071218 3 181 1385  990      25
1989071300 3 178 1371  985      25
1989071306 3 173 1354  980      30
1989071312 4 169 1340  975      35
1989071318 4 165 1329  970      35
1989071400 4 164 1315  970      35
1989071406 4 164 1302  960      40
1989071412 5 163 1287  955      45
1989071418 5 163 1275  940      50
1989071500 5 166 1262  935      50
1989071506 6 169 1252  930      55
1989071512 6 175 1240  920      60
1989071518 6 180 1225  920      60
1989071600 6 182 1213  925      55
1989071606 5 181 1202  930      50
1989071612 5 185 1190  935      50
1989071618 5 189 1178  940      45
1989071700 4 191 1167  955      40
1989071706 4 198 1158  960      40
1989071712 4 204 1149  960      40
1989071718 4 209 1138  960      40
1989071800 4 213 1127  960      40
1989071806 4 216 1116  970      35
1989071812 3 219 1101  980      25
1989071818 2 227 1090  985      20
1989071900 2 235 1077  990      20
1989071906 1 235 1065  995      15
66666 0000   31 0011 8909 0 6 Hope                               20110729
1989071512 1 198 1364 1005      12
1989071518 1 199 1352 1005      12
1989071600 1 201 1343 1002      12
1989071606 1 206 1337 1000      15
1989071612 1 211 1326  998      15
1989071618 2 214 1317  995      20
1989071700 2 221 1309  995      20
1989071706 2 230 1300  995      20
1989071712 2 238 1283  990      20
1989071718 2 245 1272  990      20
1989071800 2 250 1265  990      20
1989071806 3 252 1263  985      25
1989071812 3 254 1258  985      25
1989071818 3 258 1252  985      25
1989071900 3 268 1246  985      25
1989071906 3 272 1240  985      25
1989071912 3 276 1238  985      25
1989071918 3 283 1235  985      25
1989072000 3 287 1228  985      25
1989072006 3 289 1225  985      25
1989072012 3 290 1222  980      30
1989072018 4 287 1213  975      40
1989072100 3 290 1214  990      25
1989072106 2 297 1210  995      20
1989072112 1 300 1203 1002      10   15
1989072118 1 300 1203 1002      10   15
1989072200 1 305 1190 1002      10   15
1989072206 1 305 1190 1002      10   15
1989072212 1 310 1188 1002       9   15
1989072218 1 310 1188 1002       9   15
1989072300 1 313 1183 1002       9   15
66666 0000   19 0012 8910 0 6 Irving                             20110729
1989072000 1 135 1240 1002      12
1989072006 1 140 1228 1002      12
1989072012 1 143 1213 1002      12
1989072018 1 148 1190 1000      15
1989072100 1 152 1170  998      15
1989072106 2 153 1151  995      20
1989072112 2 154 1135  990      20
1989072118 2 150 1124  990      20
1989072200 3 151 1119  985      25
1989072206 3 160 1113  980      30
1989072212 3 163 1105  980      30
1989072218 3 166 1095  985      25
1989072300 3 168 1084  985      25
1989072306 3 174 1076  985      25
1989072312 2 180 1070  990      20
1989072318 2 187 1066  995      20
1989072400 2 193 1058  995      20
1989072406 1 198 1048 1000      15
1989072412 1 205 1040  998      15
66666 0000   34 0013 8911 0 6 Judy                               20110729
1989072100 1 100 1425 1004      12
1989072106 1 102 1413 1004      12
1989072112 1 110 1400 1004      12
1989072118 1 120 1395 1004      12
1989072200 1 132 1388 1004      12
1989072206 1 146 1383 1002      15
1989072212 1 156 1380 1000      15
1989072218 1 160 1377 1000      15
1989072300 1 165 1375  998      15
1989072306 2 169 1375  995      20
1989072312 2 174 1375  995      20
1989072318 2 180 1378  990      20
1989072400 3 188 1381  985      25
1989072406 3 194 1383  980      30
1989072412 3 202 1383  980      30
1989072418 3 210 1383  975      30
1989072500 4 218 1383  970      35
1989072506 4 229 1382  960      40
1989072512 5 239 1381  955      45
1989072518 5 250 1379  945      50
1989072600 5 260 1376  945      50
1989072606 5 268 1369  945      50
1989072612 5 277 1363  950      45
1989072618 5 285 1353  955      45
1989072700 4 293 1341  960      40
1989072706 4 302 1327  960      40
1989072712 4 308 1315  960      40
1989072718 4 315 1302  960      40
1989072800 4 324 1294  970      35
1989072806 3 334 1285  980      30
1989072812 3 345 1280  980      30
1989072818 2 358 1273  990      20
1989072900 1 370 1264  995      15
1989072906 0 380 1250 1005      10
66666 0000   41 0014 8913 0 6 Ken                                20110729
1989072800 1 230 1295  998      15
1989072806 1 230 1295  995      15
1989072812 1 230 1295  995      15
1989072818 1 230 1295  995      15
1989072900 2 219 1305  992      20
1989072906 2 216 1319  990      20
1989072912 2 225 1330  990      20
1989072918 2 228 1345  990      20
1989073000 2 239 1360  990      20
1989073006 3 250 1374  985      25
1989073012 3 264 1381  985      25
1989073018 3 280 1375  985      25
1989073100 3 287 1356  980      30
1989073106 3 292 1325  980      30
1989073112 3 286 1306  980      30
1989073118 3 280 1300  980      30
1989080100 3 275 1296  980      30
1989080106 3 270 1294  985      25
1989080112 3 270 1294  985      25
1989080118 3 265 1292  985      25
1989080200 3 267 1289  985      25
1989080206 3 272 1286  985      25
1989080212 3 276 1282  985      25
1989080218 3 285 1278  985      25
1989080300 3 294 1270  980      30
1989080306 3 299 1251  980      30
1989080312 3 305 1240  980      30
1989080318 3 310 1226  980      30
1989080400 3 313 1214  985      25
1989080406 2 315 1203  990      20
1989080412 2 316 1190  990      20
1989080418 1 320 1180  995      15
1989080500 1 317 1175  995      15
1989080506 1 315 1170  995      12
1989080512 1 319 1162  996      12
1989080518 1 319 1162  997      12
1989080600 0 325 1158  997      10
1989080606 0 325 1158  997      10
1989080612 0 325 1148  998      10
1989080618 0 317 1136  999      10
1989080700 0 312 1132 1000      10
66666 0000    8 0015 8912 0 6 (nameless)                         20110729
1989072818 1 250 1280  995      15
1989072900 1 250 1263  995      15
1989072906 2 247 1249  993      20
1989072912 2 243 1240  993      20
1989072918 2 248 1230  994      20
1989073000 1 251 1218  996      15
1989073006 1 251 1218  996      15
1989073012 1 255 1217  998      12
66666 0000   35 0016 8914 0 6 Mac                                20110729
1989073006 0 225 1540 1006      10
1989073012 0 221 1531 1006      10
1989073018 0 210 1529 1006      10
1989073100 1 200 1520 1004      12
1989073106 1 200 1520 1002      15
1989073112 1 198 1514  995      15
1989073118 1 206 1510  995      15
1989080100 2 206 1510  992      20
1989080106 2 221 1513  990      20
1989080112 3 230 1511  990      25
1989080118 3 236 1509  987      25
1989080200 3 241 1503  985      25
1989080206 3 250 1497  980      30
1989080212 3 261 1493  980      30
1989080218 3 270 1482  975      30
1989080300 4 270 1472  970      35
1989080306 4 270 1462  970      35
1989080312 4 270 1454  960      40
1989080318 4 265 1451  960      40
1989080400 4 263 1449  960      40
1989080406 4 263 1445  960      40
1989080412 4 264 1441  960      40
1989080418 4 269 1441  955      40
1989080500 4 275 1442  955      40
1989080506 4 290 1438  955      40
1989080512 4 307 1436  960      35
1989080518 4 326 1429  965      35
1989080600 4 343 1419  965      35
1989080606 3 360 1413  975      30
1989080612 3 374 1403  980      25
1989080618 3 397 1393  985      25
1989080700 2 406 1384  990      20
1989080706 2 413 1373  990      20
1989080712 1 423 1370  995      15
1989080718 1 435 1370  998      15
66666 0000   14 0017 0000 0 6 (nameless)                         20110729
1989080900 0 170 1145 1002      10
1989080906 0 161 1154 1002      10
1989080912 0 150 1150 1000      10
1989080918 0 152 1137 1000      10
1989081000 1 153 1130 1000      15
1989081006 1 173 1116 1000      12
1989081012 1 182 1115 1000      12
1989081018 0 190 1115 1000      10
1989081100 0 193 1104 1000      10
1989081106 0 198 1103 1000      10
1989081112 0 203 1097 1000      10
1989081118 0 206 1092 1000      10
1989081200 0 216 1085 1000       9
1989081206 0 220 1070 1000       9
66666 0000   37 0018 8916 1 6 Owen                               20110729
1989081000 0 140 1430 1004      10
1989081006 0 146 1422 1003      10
1989081012 0 154 1417 1003      10
1989081018 0 165 1418 1003      10
1989081100 0 173 1425 1003      10
1989081106 0 178 1437 1003      10
1989081112 0 185 1447 1003      10
1989081118 0 192 1453 1003      10
1989081200 1 195 1465 1002      15
1989081206 1 192 1473 1002      15
1989081212 1 191 1481 1000      15
1989081218 1 189 1485  998      15
1989081300 2 185 1489  995      20
1989081306 3 185 1498  985      25
1989081312 3 186 1510  985      25
1989081318 3 196 1516  980      30
1989081400 3 208 1522  975      30
1989081406 4 223 1523  965      35
1989081412 4 235 1519  965      35
1989081418 4 250 1515  960      40
1989081500 4 261 1508  960      40
1989081506 4 274 1503  960      40
1989081512 4 285 1497  960      40
1989081518 4 293 1490  960      40
1989081600 4 305 1480  970      35
1989081606 3 315 1470  975      30
1989081612 3 325 1463  975      30
1989081618 3 334 1459  975      30
1989081700 3 344 1456  985      25
1989081706 3 363 1456  985      25
1989081712 3 374 1460  985      25
1989081718 3 386 1466  985      25
1989081800 2 401 1477  990      20
1989081806 2 416 1486  990      20
1989081812 2 431 1498  990      20
1989081818 2 443 1513  990      20
1989081900 2 456 1530  990      20
66666 0000   24 0019 8915 1 6 Nancy                              20110729
1989081106 1 205 1550 1004      12
1989081112 1 205 1555 1004      12
1989081118 1 207 1567 1002      15
1989081200 1 205 1577  995      15
1989081206 2 212 1580  990      20
1989081212 2 216 1580  990      20
1989081218 2 223 1577  990      20
1989081300 3 232 1577  985      25
1989081306 3 246 1570  980      30
1989081312 3 259 1563  980      30
1989081318 4 273 1554  970      35
1989081400 4 293 1540  965      35
1989081406 4 305 1519  965      35
1989081412 4 317 1500  965      35
1989081418 4 330 1482  965      35
1989081500 4 342 1472  965      35
1989081506 4 357 1462  965      35
1989081512 4 373 1458  965      35
1989081518 4 390 1458  965      35
1989081600 3 405 1452  975      30
1989081606 3 415 1449  985      25
1989081612 2 427 1456  990      20
1989081618 1 439 1465  995      15
1989081700 1 450 1470 1000      15
66666 0000   11 0020 8917 0 6 Peggy                              20110729
1989081600 1 190 1485 1000      12
1989081606 1 205 1488  998      12
1989081612 1 215 1489  998      12
1989081618 2 223 1488  995      20
1989081700 2 229 1484  995      20
1989081706 2 233 1479  995      20
1989081712 2 233 1479  995      20
1989081718 2 235 1471  995      20
1989081800 2 236 1463  995      20
1989081806 2 235 1457  995      20
1989081812 1 235 1457 1000      15
66666 0000   18 0021 8918 0 6 (nameless)                         20110729
1989081600 1 280 1285 1000      12
1989081606 1 282 1277 1000      12
1989081612 1 284 1270 1000      12
1989081618 1 288 1262 1000      15
1989081700 2 291 1250  998      20
1989081706 2 287 1241  995      20
1989081712 2 282 1235  995      20
1989081718 2 277 1233  995      20
1989081800 2 272 1232  995      20
1989081806 2 272 1232  995      20
1989081812 1 270 1230 1000      15
1989081818 1 270 1226 1000      15
1989081900 1 272 1220 1000      15
1989081906 2 271 1211  998      20
1989081912 3 268 1207  995      25
1989081918 1 268 1205 1000      15
1989082000 0 268 1200 1004      10
1989082006 0 268 1195 1004      10
66666 0000   19 0022 0000 0 6 (nameless)                         20110729
1989081800 0 170 1370 1004      10
1989081806 0 176 1365 1004      10
1989081812 1 184 1364 1004      12
1989081818 1 189 1367 1004      12
1989081900 1 195 1370 1004      12
1989081906 1 202 1363 1004      12
1989081912 1 207 1355 1004      12
1989081918 1 209 1348 1004      12
1989082000 1 211 1335 1004      12
1989082006 1 211 1320 1004      12
1989082012 1 215 1306 1004      12
1989082018 1 221 1295 1004      12
1989082100 1 228 1284 1004      12
1989082106 1 234 1271 1004      12
1989082112 1 240 1259 1004      12
1989082118 1 242 1247 1004      12
1989082200 1 241 1236 1004      12
1989082206 1 239 1227 1002      12
1989082212 0 237 1220 1003      10
66666 0000   19 0023 0000 0 6 (nameless)                         20110729
1989081900 0 215 1535 1005      10
1989081906 0 218 1542 1005      10
1989081912 0 220 1550 1008      10
1989081918 0 225 1556 1008      10
1989082000 0 231 1564 1008      10
1989082006 0 236 1575 1008      10
1989082012 0 242 1586 1008      10
1989082018 0 247 1597 1008      10
1989082100 0 253 1605 1008      10
1989082106 0 262 1609 1008      10
1989082112 1 271 1604 1005      15
1989082118 1 277 1598 1005      15
1989082200 1 278 1587 1005      15
1989082206 1 277 1577 1005      15
1989082212 1 272 1566 1005      15
1989082218 1 267 1557 1005      15
1989082300 1 260 1550 1005      15
1989082306 0 255 1542 1008      10
1989082312 0 250 1538 1010      10
66666 0000   23 0024 8919,8120 1 6 Roger                              20110729
1989082300 1 270 1220 1004      12
1989082306 1 277 1226 1004      12
1989082312 1 275 1232 1002      15
1989082318 1 270 1235 1000      15
1989082400 2 270 1235  995      20
1989082406 2 267 1238  995      20
1989082412 2 263 1241  995      20
1989082418 2 260 1243  995      20
1989082500 2 255 1250  995      20
1989082506 2 250 1257  993      20
1989082512 2 246 1266  995      20
1989082518 2 249 1285  995      20
1989082600 3 265 1301  990      25
1989082606 3 292 1312  990      25
1989082612 3 306 1319  985      25
1989082618 3 318 1327  985      25
1989082700 3 334 1341  980      25
1989082706 3 348 1356  975      25
1989082712 3 375 1378  980      25
1989082718 3 398 1396  985      25
1989082800 3 420 1406  985      25
1989082806 2 437 1425  985      20
1989082812 2 460 1450  985      20
66666 0000   13 0025 0000 0 6 (nameless)                         20110729
1989082418 1 265 1488 1004      12
1989082500 1 274 1498 1004      12
1989082506 1 280 1510 1002      12
1989082512 1 286 1529 1002      15
1989082518 1 295 1538 1000      15
1989082600 1 305 1539 1002      15
1989082606 1 311 1550 1002      15
1989082612 1 312 1570 1002      15
1989082618 1 316 1584 1002      15
1989082700 1 320 1602 1002      15
1989082706 1 321 1610 1002      12
1989082712 1 321 1610 1002      12
1989082718 1 322 1616 1004      12
66666 0000   29 0026 8921 0 6 Sarah                              20110729
1989090500 0 205 1470 1002      10
1989090506 1 200 1460 1002      12
1989090512 1 198 1446 1000      15
1989090518 1 200 1432  998      15
1989090600 2 205 1418  996      20
1989090606 2 208 1393  996      20
1989090612 2 206 1380  996      20
1989090618 2 204 1370  996      20
1989090700 3 201 1356  990      25
1989090706 3 202 1344  990      25
1989090712 3 205 1334  985      25
1989090718 3 210 1319  985      25
1989090800 3 219 1295  985      25
1989090806 3 213 1266  980      30
1989090812 3 195 1250  980      30
1989090818 3 185 1250  980      30
1989090900 3 180 1252  980      30
1989090906 3 179 1242  975      30
1989090912 4 174 1243  970      35
1989090918 4 185 1243  970      35
1989091000 4 193 1241  970      35
1989091006 4 200 1239  970      35
1989091012 4 208 1236  965      35
1989091018 4 211 1231  960      40
1989091100 5 217 1231  955      45
1989091106 5 227 1228  950      50
1989091112 6 233 1221  945      55
1989091118 3 238 1213  975      30
1989091200 2 247 1210  980      20
66666 0000   12 0026 8921 0 6 Sarah(-)1                          20110729
1989091112 3 222 1207  975      30
1989091118 4 222 1212  970      35
1989091200 4 236 1215  970      35
1989091206 4 242 1216  975      35
1989091212 4 252 1215  975      35
1989091218 4 255 1211  975      35
1989091300 4 262 1207  975      35
1989091306 3 267 1205  980      30
1989091312 1 269 1195  995      15
1989091318 0 267 1192 1002      10
1989091400 0 260 1190 1002      10
1989091406 0 255 1191 1004      10
66666 0000   25 0027 8922 0 6 Tip                                20110729
1989090806 1 180 1500 1000      15
1989090812 1 184 1514 1000      15
1989090818 1 190 1525 1000      15
1989090900 1 195 1536  998      15
1989090906 1 215 1547  994      15
1989090912 1 244 1550  992      15
1989090918 2 267 1540  990      20
1989091000 2 282 1523  990      20
1989091006 2 288 1504  990      20
1989091012 3 295 1497  985      25
1989091018 3 299 1497  985      25
1989091100 3 303 1506  985      25
1989091106 3 315 1510  985      25
1989091112 3 330 1512  985      25
1989091118 3 340 1512  985      25
1989091200 3 350 1517  985      25
1989091206 3 358 1527  985      25
1989091212 3 361 1544  985      25
1989091218 3 365 1564  985      25
1989091300 2 371 1587  990      20
1989091306 2 372 1608  990      20
1989091312 2 364 1629  990      20
1989091318 2 355 1650  990      20
1989091400 1 354 1667  995      15
1989091406 1 364 1696 1000      12
66666 0000   29 0028 8923 0 6 Vera                               20110729
1989091106 0 180 1480 1004      10
1989091112 0 174 1473 1004      10
1989091118 0 171 1465 1004      10
1989091200 1 172 1455 1004      12
1989091206 1 175 1445 1002      15
1989091212 1 180 1434 1002      15
1989091218 2 192 1416  990      20
1989091300 2 202 1395  990      20
1989091306 3 206 1376  985      25
1989091312 3 212 1363  985      25
1989091318 3 220 1344  985      25
1989091400 3 226 1324  985      25
1989091406 3 232 1305  985      25
1989091412 3 241 1285  985      25
1989091418 3 249 1264  985      25
1989091500 3 261 1245  985      25
1989091506 3 272 1230  985      25
1989091512 3 285 1215  980      30
1989091518 2 295 1203  990      20
1989091600 1 307 1190 1000      15
1989091606 1 321 1192 1002      15
1989091612 9 329 1198 1002      15
1989091618 9 348 1215 1002      15
1989091700 9 364 1234  998      25
1989091706 9 372 1270 1000      20
1989091712 9 384 1305 1000      20
1989091718 9 390 1345 1002      15
1989091800 9 400 1385 1004      12
1989091806 9 420 1420 1004      12
66666 0000   18 0029 8924 0 6 Wayne                              20110729
1989091606 1 195 1255 1002      15
1989091612 1 204 1244 1002      15
1989091618 1 211 1236 1002      15
1989091700 1 219 1233 1002      15
1989091706 1 230 1236 1002      15
1989091712 1 238 1242  998      15
1989091718 2 246 1246  995      20
1989091800 2 253 1248  990      20
1989091806 2 265 1252  990      20
1989091812 3 276 1256  985      25
1989091818 3 288 1267  980      25
1989091900 3 300 1283  975      30
1989091906 4 316 1312  970      35
1989091912 4 333 1355  970      35
1989091918 3 346 1388  975      30
1989092000 3 364 1428  985      25
1989092006 2 378 1480  990      20
1989092012 1 400 1530 1000      15
66666 0000   50 0030 8925 0 6 Angela                             20110729
1989092812 0 110 1400 1006      10
1989092818 1 115 1395 1004      12
1989092900 1 124 1394 1004      12
1989092906 1 133 1393 1000      15
1989092912 2 143 1394  995      20
1989092918 2 151 1393  995      20
1989093000 2 155 1389  995      20
1989093006 2 158 1383  995      20
1989093012 2 160 1382  990      20
1989093018 3 164 1382  985      25
1989100100 3 165 1379  980      30
1989100106 4 167 1374  975      35
1989100112 4 169 1367  970      35
1989100118 4 170 1361  960      40
1989100200 5 174 1353  950      45
1989100206 5 177 1344  940      50
1989100212 5 178 1335  940      50
1989100218 5 179 1326  940      50
1989100300 5 180 1320  935      50
1989100306 5 182 1313  935      50
1989100312 5 182 1308  935      50
1989100318 5 182 1301  935      50
1989100400 5 181 1295  935      50
1989100406 5 182 1285  940      50
1989100412 5 182 1275  940      50
1989100418 5 182 1263  940      50
1989100500 5 182 1251  940      50
1989100506 5 182 1241  940      50
1989100512 5 184 1231  940      50
1989100518 5 187 1221  945      50
1989100600 5 187 1211  945      45
1989100606 5 188 1201  950      45
1989100612 5 187 1194  950      45
1989100618 4 185 1185  955      40
1989100700 4 185 1181  955      40
1989100706 4 184 1174  960      40
1989100712 4 184 1166  960      40
1989100718 4 184 1159  960      40
1989100800 4 183 1152  960      40
1989100806 4 182 1145  960      40
1989100812 4 181 1136  960      40
1989100818 4 179 1126  960      40
1989100900 4 175 1116  960      40
1989100906 4 175 1107  960      40
1989100912 4 175 1096  965      40
1989100918 4 175 1088  965      35
1989101000 4 175 1078  970      35
1989101006 4 174 1070  970      35
1989101012 3 174 1058  980      30
1989101018 1 172 1048 1002      15
66666 0000   19 0031 8926 1 6 Brian                              20110729
1989092900 1 170 1185 1005      12
1989092906 1 180 1180 1000      15
1989092912 1 185 1175 1000      15
1989092918 1 189 1169 1000      15
1989093000 1 193 1163 1000      15
1989093006 1 198 1160 1000      15
1989093012 1 201 1155 1000      15
1989093018 1 202 1152 1000      15
1989100100 2 199 1148  995      20
1989100106 3 194 1144  990      25
1989100112 3 191 1142  990      25
1989100118 3 187 1132  980      30
1989100200 4 186 1123  975      35
1989100206 4 183 1118  970      40
1989100212 4 185 1107  965      40
1989100218 4 183 1092  975      35
1989100300 4 184 1076  980      35
1989100306 3 189 1065  985      30
1989100312 3 192 1045  990      25
66666 0000   28 0032 8927 1 6 Collen                             20110729
1989100118 1 115 1500 1000      15
1989100200 2 117 1492  995      20
1989100206 2 120 1483  995      20
1989100212 2 123 1476  995      20
1989100218 2 127 1474  995      20
1989100300 3 143 1474  990      25
1989100306 3 154 1466  985      25
1989100312 3 162 1462  980      25
1989100318 3 172 1458  975      30
1989100400 4 181 1454  970      35
1989100406 4 188 1453  970      35
1989100412 4 195 1449  970      35
1989100418 4 202 1446  965      40
1989100500 4 207 1444  960      40
1989100506 4 214 1441  960      40
1989100512 4 220 1438  960      40
1989100518 4 227 1435  960      40
1989100600 4 235 1426  960      40
1989100606 4 247 1416  960      40
1989100612 4 254 1409  960      40
1989100618 4 264 1406  960      40
1989100700 4 273 1409  970      35
1989100706 4 292 1415  970      35
1989100712 4 308 1429  970      35
1989100718 4 331 1452  970      35
1989100800 4 364 1484  970      35
1989100806 4 398 1528  970      35
1989100812 4 440 1577  970      35
66666 0000   23 0033 8928 1 6 Dan                                20110729
1989100812 1 100 1393 1000      15
1989100818 1 101 1373 1000      15
1989100900 2 105 1355  995      20
1989100906 2 109 1336  995      20
1989100912 3 110 1321  985      25
1989100918 3 117 1305  980      30
1989101000 3 121 1284  980      30
1989101006 4 124 1265  970      35
1989101012 4 132 1244  970      35
1989101018 4 136 1224  970      35
1989101100 4 140 1200  970      35
1989101106 4 150 1187  970      35
1989101112 4 164 1170  970      35
1989101118 4 165 1149  970      35
1989101200 4 165 1136  970      35
1989101206 4 166 1123  960      40
1989101212 4 168 1113  960      40
1989101218 4 174 1100  960      40
1989101300 4 178 1086  960      40
1989101306 4 180 1074  970      35
1989101312 3 183 1061  975      30
1989101318 3 185 1050  985      25
1989101400 1 188 1028  995      15
66666 0000   34 0034 8929 0 6 Elsie                              20110729
1989101400 1 160 1324 1000      15
1989101406 2 164 1320  995      20
1989101412 3 168 1315  990      25
1989101418 3 166 1310  990      25
1989101500 3 160 1309  990      25
1989101506 3 162 1310  990      25
1989101512 3 163 1309  990      25
1989101518 3 163 1309  985      25
1989101600 3 164 1308  980      30
1989101606 4 166 1304  970      35
1989101612 4 168 1300  960      40
1989101618 4 170 1293  960      40
1989101700 4 170 1288  960      40
1989101706 5 170 1282  950      45
1989101712 5 168 1275  940      50
1989101718 5 165 1270  940      50
1989101800 5 162 1263  940      50
1989101806 6 161 1257  930      55
1989101812 6 163 1251  930      55
1989101818 6 164 1242  930      55
1989101900 6 166 1231  930      55
1989101906 5 166 1213  940      50
1989101912 5 166 1194  950      45
1989101918 5 168 1187  950      45
1989102000 5 170 1172  950      45
1989102006 4 172 1162  955      40
1989102012 4 175 1150  960      35
1989102018 4 177 1140  960      35
1989102100 4 176 1127  960      35
1989102106 4 178 1115  970      35
1989102112 3 181 1101  975      30
1989102118 3 183 1085  985      25
1989102200 2 185 1070  990      20
1989102206 1 187 1061  995      15
66666 0000   33 0035 8930 1 6 Forrest                            20110729
1989102106 0  82 1492 1001      10
1989102112 0  85 1495 1000      10
1989102118 1  88 1498  995      15
1989102200 1  93 1502  995      15
1989102206 1  99 1504  995      15
1989102212 2 106 1498  990      20
1989102218 2 111 1482  990      20
1989102300 3 123 1482  985      25
1989102306 3 131 1476  985      25
1989102312 3 135 1472  985      25
1989102318 3 138 1464  980      30
1989102400 3 143 1461  980      30
1989102406 3 152 1453  980      30
1989102412 3 156 1446  980      30
1989102418 4 158 1436  975      35
1989102500 4 165 1427  970      35
1989102506 4 173 1419  965      35
1989102512 4 178 1410  960      40
1989102518 4 183 1405  960      40
1989102600 4 193 1398  960      40
1989102606 4 202 1389  960      40
1989102612 4 209 1385  960      40
1989102618 5 217 1379  950      45
1989102700 5 224 1375  950      45
1989102706 4 233 1372  960      40
1989102712 4 245 1371  960      40
1989102718 4 260 1372  960      40
1989102800 4 271 1377  965      40
1989102806 4 282 1382  970      35
1989102812 4 301 1405  975      35
1989102818 3 319 1436  980      30
1989102900 3 335 1483  980      30
1989102906 3 372 1543  980      30
66666 0000   29 0036 8931 0 6 Hunt                               20110729
1989111600 1 120 1350 1000      12
1989111606 1 120 1340 1000      12
1989111612 1 120 1330  995      15
1989111618 1 120 1322  995      15
1989111700 1 121 1314  995      15
1989111706 1 120 1306  995      15
1989111712 1 120 1300  995      15
1989111718 2 124 1296  990      20
1989111800 3 130 1290  985      25
1989111806 3 130 1280  980      30
1989111812 3 133 1277  980      30
1989111818 3 138 1274  975      30
1989111900 4 141 1272  970      35
1989111906 4 145 1270  960      40
1989111912 4 150 1270  960      40
1989111918 4 154 1269  960      40
1989112000 4 154 1264  960      40
1989112006 4 155 1261  960      40
1989112012 4 155 1256  960      40
1989112018 4 154 1252  960      40
1989112100 4 152 1241  960      40
1989112106 4 151 1233  960      40
1989112112 4 151 1226  960      40
1989112118 4 152 1219  970      35
1989112200 4 157 1213  970      35
1989112206 3 162 1204  980      30
1989112212 2 165 1199  990      20
1989112218 2 167 1191  994      20
1989112300 1 170 1180 1000      15
66666 0000   46 0037 8932 0 6 Irma                               20110729
1989112406 0 148 1528 1004      10
1989112412 0 145 1518 1004      10
1989112418 1 141 1509 1002      12
1989112500 1 136 1500 1002      15
1989112506 1 132 1492 1000      15
1989112512 1 125 1483 1000      15
1989112518 1 119 1475 1000      15
1989112600 1 114 1466 1000      15
1989112606 1 109 1461 1000      15
1989112612 1 105 1455 1000      15
1989112618 1 101 1448 1000      15
1989112700 2 100 1442  995      20
1989112706 2 100 1438  990      20
1989112712 3  99 1430  990      25
1989112718 3 100 1425  985      25
1989112800 3 101 1419  980      30
1989112806 4 106 1411  970      35
1989112812 4 109 1401  970      35
1989112818 4 114 1390  960      40
1989112900 5 120 1379  955      45
1989112906 5 125 1367  945      45
1989112912 5 126 1357  935      50
1989112918 5 130 1352  935      50
1989113000 5 132 1344  935      50
1989113006 6 136 1334  925      55
1989113012 6 139 1327  925      60
1989113018 6 140 1321  925      60
1989120100 6 143 1318  935      55
1989120106 5 146 1313  945      50
1989120112 5 149 1310  945      50
1989120118 5 150 1307  950      45
1989120200 4 153 1307  960      40
1989120206 4 157 1306  960      40
1989120212 4 162 1307  960      40
1989120218 4 167 1311  960      40
1989120300 4 171 1318  960      40
1989120306 4 178 1323  970      35
1989120312 3 188 1330  980      30
1989120318 3 198 1341  980      30
1989120400 3 206 1357  985      25
1989120406 2 213 1371  990      20
1989120412 1 218 1386 1002      15
1989120418 1 221 1400 1002      15
1989120500 1 223 1415 1002      15
1989120506 1 225 1430 1004      15
1989120512 1 226 1445 1005      12
66666 0000   19 0038 0000 0 6 (nameless)                         20110729
1989120506 0 100 1445 1004      10
1989120512 0 105 1438 1004      10
1989120518 1 108 1429 1004      12
1989120600 1 110 1420 1002      15
1989120606 1 105 1410 1002      15
1989120612 1 105 1400 1002      15
1989120618 1 105 1400 1002      15
1989120700 1 105 1400 1002      15
1989120706 1 111 1390 1002      15
1989120712 1 115 1380 1002      15
1989120718 1 120 1375 1002      15
1989120800 1 125 1370 1002      15
1989120806 1 130 1367 1002      15
1989120812 1 135 1365 1002      15
1989120818 1 137 1360 1002      15
1989120900 1 138 1355 1004      12
1989120906 1 137 1348 1004      12
1989120912 0 135 1340 1006      10
1989120918 0 133 1330 1006      10
66666 0000   25 0039 8933 0 6 Jack                               20110729
1989122200 1  85 1560 1006      12
1989122206 1  85 1560 1004      12
1989122212 1  86 1549 1002      15
1989122218 1  95 1540 1002      15
1989122300 1 103 1527 1000      15
1989122306 1 108 1521 1000      15
1989122312 2 112 1517  995      20
1989122318 3 117 1512  990      25
1989122400 3 121 1506  985      30
1989122406 3 127 1502  980      30
1989122412 3 129 1496  980      30
1989122418 4 129 1493  970      35
1989122500 4 130 1490  960      40
1989122506 5 132 1488  950      45
1989122512 5 136 1485  940      50
1989122518 6 138 1482  930      55
1989122600 6 139 1482  925      55
1989122606 5 139 1482  930      50
1989122612 5 139 1482  930      45
1989122618 5 139 1482  935      45
1989122700 4 137 1479  940      35
1989122706 4 132 1480  960      35
1989122712 3 127 1478  980      30
1989122718 2 122 1476  990      20
1989122800 1 112 1474 1004      12
