66666 0000   36 0001 9401 0 6 Owen                               20110729
1994033112 1 108 1348 1004      12
1994033118 1 111 1339 1002      15
1994040100 1 113 1330 1000      15
1994040106 2 114 1321  996      20
1994040112 2 116 1316  996      20
1994040118 2 116 1311  996      20
1994040200 2 116 1306  996      20
1994040206 2 115 1298  996      20
1994040212 2 114 1292  995      20
1994040218 2 113 1287  995      20
1994040300 3 110 1282  990      25
1994040306 3 106 1276  985      25
1994040312 3 104 1271  985      25
1994040318 3 103 1265  980      30
1994040400 3 102 1259  980      30
1994040406 3 104 1244  980      30
1994040412 3 107 1231  980      30
1994040418 3 106 1221  985      25
1994040500 3 106 1212  990      25
1994040506 3 108 1204  990      25
1994040512 3 113 1197  990      25
1994040518 2 117 1187  996      20
1994040600 2 119 1177  996      20
1994040606 2 122 1170  994      20
1994040612 3 125 1164  990      25
1994040618 3 129 1160  990      25
1994040700 3 134 1157  990      25
1994040706 2 143 1160  995      20
1994040712 2 153 1165  995      20
1994040718 2 157 1166  995      20
1994040800 2 162 1167  995      20
1994040806 2 166 1169  996      20
1994040812 2 171 1172  996      20
1994040818 1 175 1175 1000      15
1994040900 1 180 1180 1002      15
1994040906 1 185 1185 1005      12
66666 0000   30 0002 9402 1 6 Page                               20110729
1994051118 1 117 1405 1002      15
1994051200 1 119 1393 1002      15
1994051206 1 121 1383 1000      15
1994051212 1 125 1375 1000      15
1994051218 1 131 1366 1000      15
1994051300 1 139 1359  998      15
1994051306 2 143 1356  995      20
1994051312 2 149 1352  995      20
1994051318 2 156 1351  990      20
1994051400 3 163 1352  985      25
1994051406 3 169 1355  985      25
1994051412 3 175 1362  985      25
1994051418 3 184 1367  980      30
1994051500 4 194 1371  975      35
1994051506 4 204 1373  970      35
1994051512 4 214 1378  965      35
1994051518 4 224 1383  965      35
1994051600 4 233 1393  970      35
1994051606 4 242 1405  970      35
1994051612 4 250 1421  975      35
1994051618 4 258 1436  975      35
1994051700 3 273 1456  980      30
1994051706 3 291 1465  985      25
1994051712 2 305 1477  992      20
1994051718 2 319 1498  995      20
1994051800 9 343 1535  998      15
1994051806 9 370 1590  998      15
1994051812 9 410 1650  996      15
1994051818 9 445 1685  992      15
1994051900 9 480 1710  992      15
66666 0000   26 0003 9403 0 6 Russ                               20110729
1994060306 1 203 1141  998      15
1994060312 2 202 1146  998      20
1994060318 2 201 1151  998      20
1994060400 2 199 1155  998      20
1994060406 3 198 1163  990      25
1994060412 3 201 1170  985      25
1994060418 3 201 1170  985      25
1994060500 3 202 1172  985      25
1994060506 3 202 1172  980      30
1994060512 3 199 1170  980      30
1994060518 3 197 1165  980      30
1994060600 3 196 1160  980      30
1994060606 3 196 1153  980      30
1994060612 3 194 1146  980      30
1994060618 3 194 1138  980      30
1994060700 3 195 1132  985      25
1994060706 3 197 1125  990      25
1994060712 3 199 1120  990      25
1994060718 3 201 1115  990      25
1994060800 3 203 1106  990      25
1994060806 3 209 1103  985      25
1994060812 2 217 1101  990      20
1994060818 2 225 1096  990      20
1994060900 1 232 1095  995      15
1994060906 1 238 1098  998      12
1994060912 1 240 1100  998      12
66666 0000   11 0003 9403 0 6 Russ(-)1                           20110729
1994060912 0 262 1138 1003      10
1994060918 9 270 1140 1002      10
1994061000 9 275 1150 1002      10
1994061006 9 280 1163 1002      10
1994061012 9 282 1178 1002      12
1994061018 9 288 1215 1002      12
1994061100 9 300 1235 1000      15
1994061106 9 305 1245 1003      15
1994061112 9 310 1260 1003      15
1994061118 9 315 1290 1003      15
1994061200 9 320 1340 1006      12
66666 0000   14 0004 9404 0 6 Sharon                             20110729
1994062206 1 135 1260 1004      12
1994062212 1 137 1237 1004      12
1994062218 1 140 1222 1004      12
1994062300 1 145 1205 1004      12
1994062306 1 155 1198 1000      15
1994062312 2 163 1184  995      20
1994062318 2 170 1170  995      20
1994062400 2 179 1147  995      20
1994062406 2 189 1135  995      20
1994062412 2 197 1126  990      20
1994062418 2 201 1120  990      20
1994062500 2 215 1118  992      20
1994062506 0 235 1116  998      10
1994062512 0 270 1118  998      10
66666 0000   15 0005 9405 0 6 (nameless)                         20110729
1994070212 1 185 1187 1003      12
1994070218 1 186 1170 1002      12
1994070300 2 188 1153  995      20
1994070306 2 195 1142  995      20
1994070312 2 199 1129  995      20
1994070318 2 201 1119  995      20
1994070400 2 204 1116  995      20
1994070406 2 210 1115  990      20
1994070412 2 217 1113  993      20
1994070418 1 225 1112  994      15
1994070500 0 232 1104  996      10
1994070506 0 234 1097  996      10
1994070512 0 237 1092  997      10
1994070518 0 240 1083  998      10
1994070600 0 243 1081  999      10
66666 0000   27 0006 9406 0 6 Tim                                20110729
1994070700 1 128 1316 1000      15
1994070706 1 135 1310 1000      15
1994070712 1 142 1303 1000      15
1994070718 1 147 1300  998      15
1994070800 2 157 1297  996      20
1994070806 3 162 1292  990      25
1994070812 3 166 1286  985      25
1994070818 3 173 1279  975      30
1994070900 4 180 1269  970      35
1994070906 4 185 1260  960      40
1994070912 5 191 1254  945      50
1994070918 5 200 1243  940      50
1994071000 6 209 1235  935      55
1994071006 6 219 1225  935      55
1994071012 5 234 1213  950      45
1994071018 4 245 1195  970      35
1994071100 3 252 1182  980      25
1994071106 2 261 1161  985      20
1994071112 1 268 1154  990      15
1994071118 1 273 1151  992      15   20
1994071200 1 280 1150  992      15   20
1994071206 1 295 1151  992      15   20
1994071212 1 328 1157  992      15   20
1994071218 0 366 1170  992      10   15
1994071300 0 387 1180  992      10   15
1994071306 0 401 1200  992      10   15
1994071312 9 419 1230  994      10   15
66666 0000   11 0007 9407 2 6 Vanessa                            20110729
1994070900 1 160 1156 1000      15
1994070906 2 159 1152  996      20
1994070912 2 155 1155  996      20
1994070918 2 155 1155  996      20
1994071000 2 154 1163  996      20
1994071006 2 156 1178  992      20
1994071012 2 165 1188  992      20
1994071018 2 178 1195  990      20
1994071100 2 197 1197  990      20
1994071106 2 213 1195  992      20
1994071112 1 230 1190  998      15
66666 0000   58 0008 9408 0 6 Walt                               20110729
1994071400 1 110 1290 1004      15
1994071406 1 115 1280 1004      15
1994071412 1 125 1270 1004      15
1994071418 1 133 1265 1004      15
1994071500 1 140 1260 1004      15
1994071506 1 145 1255 1004      15
1994071512 1 147 1250 1004      15
1994071518 1 149 1245 1002      15
1994071600 1 151 1246 1002      15
1994071606 1 153 1250 1002      15
1994071612 2 153 1252  998      20
1994071618 2 153 1258  995      20
1994071700 3 155 1269  990      25
1994071706 3 162 1280  985      25
1994071712 3 166 1288  985      25
1994071718 3 169 1297  980      30
1994071800 3 176 1303  975      30
1994071806 4 187 1311  970      35
1994071812 4 196 1313  965      35
1994071818 4 202 1317  960      40
1994071900 4 210 1324  955      40
1994071906 5 217 1331  940      50
1994071912 6 224 1338  930      55
1994071918 6 232 1346  930      55
1994072000 6 238 1356  930      55
1994072006 6 248 1365  930      55
1994072012 6 254 1374  930      55
1994072018 5 263 1380  935      50
1994072100 4 271 1381  955      40
1994072106 4 278 1381  960      40
1994072112 4 285 1380  970      35
1994072118 4 292 1377  970      35
1994072200 3 294 1365  975      30
1994072206 3 296 1354  980      30
1994072212 3 297 1345  980      30
1994072218 3 297 1336  980      30
1994072300 3 297 1329  980      30
1994072306 3 298 1325  980      30
1994072312 3 300 1323  985      25
1994072318 3 303 1324  985      25
1994072400 3 305 1326  985      25
1994072406 3 309 1327  985      25
1994072412 3 311 1328  985      25
1994072418 3 315 1331  985      25
1994072500 3 322 1331  985      25
1994072506 2 330 1327  990      20
1994072512 2 337 1317  995      20
1994072518 2 340 1304  995      20
1994072600 1 340 1300  997      15
1994072606 1 340 1300  998      15
1994072612 1 340 1300  998      15
1994072618 1 340 1300  998      12
1994072700 1 339 1290 1000      12
1994072706 1 338 1280 1000      12
1994072712 0 337 1275 1000       9
1994072718 0 335 1270 1000       9
1994072800 0 335 1270 1000       9
1994072806 0 335 1270 1000       9
66666 0000   15 0009 9409 0 6 Yunya                              20110729
1994071706 1 160 1160 1002      12
1994071712 1 160 1160 1002      12
1994071718 1 157 1170 1002      12
1994071800 1 159 1179 1002      12
1994071806 1 163 1185  998      15
1994071812 1 167 1189  998      15
1994071818 2 171 1195  995      20
1994071900 2 179 1204  995      20
1994071906 2 187 1210  995      20
1994071912 1 196 1215  998      15
1994071918 1 199 1225  998      15
1994072000 1 203 1236  998      15
1994072006 1 204 1250  998      15
1994072012 1 206 1261  998      15
1994072018 1 206 1271  998      15
66666 0000   34 0010 9410 1 6 Zeke                               20110729
1994071706 1 210 1360 1002      12
1994071712 1 215 1365 1000      15
1994071718 1 222 1370 1000      15
1994071800 1 230 1378 1000      15
1994071806 1 242 1395  998      15
1994071812 1 250 1415  998      15
1994071818 1 255 1436  998      15
1994071900 1 263 1455  998      15
1994071906 1 269 1467  998      15
1994071912 1 275 1476  998      15
1994071918 1 276 1481  998      15
1994072000 2 275 1486  995      20
1994072006 2 272 1492  995      20
1994072012 2 268 1502  995      20
1994072018 2 268 1509  995      20
1994072100 2 270 1517  995      20
1994072106 2 272 1523  995      20
1994072112 2 273 1528  995      20
1994072118 2 277 1534  995      20
1994072200 2 281 1543  990      20
1994072206 3 288 1548  985      25
1994072212 3 295 1548  985      25
1994072218 3 302 1548  985      25
1994072300 3 312 1548  985      25
1994072306 3 324 1547  985      25
1994072312 3 338 1545  985      25
1994072318 3 355 1543  985      25
1994072400 3 365 1542  985      25
1994072406 2 379 1545  992      20
1994072412 2 392 1554  995      20
1994072418 2 404 1577  995      20
1994072500 9 430 1610  998      15
1994072506 9 450 1640  994      15
1994072512 9 480 1690  994      15
66666 0000   17 0011 0000 0 6 (nameless)                         20110729
1994071800 0 200 1060 1001       9
1994071806 0 204 1062 1000       9
1994071812 0 206 1070 1000      10
1994071818 0 206 1076 1000      10
1994071900 1 206 1078 1000      12
1994071906 1 206 1080 1000      12
1994071912 1 206 1080  999      12
1994071918 1 206 1080  999      12
1994072000 1 209 1081  998      15
1994072006 1 212 1082  998      15
1994072012 1 212 1082  998      15
1994072018 1 216 1084  998      15
1994072100 1 220 1086  998      15
1994072106 1 228 1092  998      12
1994072112 0 233 1098  998       9
1994072118 0 235 1098  999       9
1994072200 0 238 1102  999       9
66666 0000   16 0012 0000 0 6 (nameless)                         20110729
1994072506 1 163 1458 1000      15
1994072512 1 172 1461 1000      15
1994072518 1 183 1464 1000      15
1994072600 1 210 1470 1000      15
1994072606 1 225 1472  998      15
1994072612 1 243 1467  998      15
1994072618 1 261 1455  998      15
1994072700 1 275 1450  996      15
1994072706 1 285 1449  996      15
1994072712 1 295 1447  996      15
1994072718 1 305 1440  996      15
1994072800 1 310 1430  996      15
1994072806 1 315 1425  996      15
1994072812 1 323 1422  996      15
1994072818 1 330 1415  996      15
1994072900 1 333 1403  998      15
66666 0000   21 0013 9411 1 6 Amy                                20110729
1994072600 0 210 1065  996      10
1994072606 0 210 1065  996      10
1994072612 0 210 1075  996      10
1994072618 0 208 1090  996      10
1994072700 0 210 1094  996      10
1994072706 0 210 1094  996      10
1994072712 0 206 1096  996      10
1994072718 0 206 1096  996      10
1994072800 0 206 1092  996      10
1994072806 1 206 1092  995      12
1994072812 1 206 1092  995      12
1994072818 1 206 1090  995      15
1994072900 2 200 1086  990      20
1994072906 2 190 1082  985      20
1994072912 2 188 1082  990      20
1994072918 2 188 1082  990      20
1994073000 2 188 1078  990      20
1994073006 2 192 1073  990      20
1994073012 2 195 1065  990      20
1994073018 1 195 1054  992      15
1994073100 1 190 1035  996      15
66666 0000   34 0014 9412 0 6 Brendan                            20110729
1994072606 1 151 1295  998      15
1994072612 1 154 1289  998      15
1994072618 1 157 1282  998      15
1994072700 1 160 1274  998      15
1994072706 1 162 1266  998      15
1994072712 1 165 1260  998      15
1994072718 1 168 1254  998      15
1994072800 1 171 1254  998      15
1994072806 1 174 1259  998      15
1994072812 1 177 1265  998      15
1994072818 1 181 1270  998      15
1994072900 2 187 1276  994      20
1994072906 2 196 1281  994      20
1994072912 2 206 1285  994      20
1994072918 2 215 1288  994      20
1994073000 2 227 1290  994      20
1994073006 2 239 1289  994      20
1994073012 2 250 1282  994      20
1994073018 2 264 1273  994      20
1994073100 2 278 1267  992      20
1994073106 2 295 1257  992      20
1994073112 2 318 1254  990      20
1994073118 2 337 1256  990      20
1994080100 2 352 1261  990      20
1994080106 2 367 1273  992      20
1994080112 2 382 1298  994      20
1994080118 2 391 1318  994      20
1994080200 2 400 1344  994      20
1994080206 2 408 1370  994      20
1994080212 2 410 1397  994      20
1994080218 1 413 1425  998      15
1994080300 1 411 1442 1000      12
1994080306 1 410 1455 1002      12
1994080312 1 410 1470 1004      12
66666 0000   19 0015 9413 0 6 Caitlin                            20110729
1994080100 1 189 1295 1003      12
1994080106 1 190 1290 1002      12
1994080112 1 190 1285 1002      12
1994080118 1 193 1275 1000      15
1994080200 1 197 1265 1000      15
1994080206 1 200 1257 1000      15
1994080212 1 202 1250  998      15
1994080218 1 205 1243  998      15
1994080300 2 213 1232  995      20
1994080306 3 226 1219  985      25
1994080312 3 235 1204  985      25
1994080318 3 242 1189  990      25
1994080400 2 243 1178  992      20
1994080406 2 248 1170  992      20
1994080412 1 255 1160  994      15
1994080418 1 260 1150  994      15
1994080500 1 265 1140  994      12
1994080506 1 270 1130  994      12
1994080512 0 273 1125  996      10
66666 0000   48 0016 9414 0 6 Dous                               20110729
1994080106 1 150 1440 1006      12
1994080112 1 148 1434 1006      12
1994080118 1 148 1426 1006      12
1994080200 1 150 1418 1004      15
1994080206 1 152 1412 1004      15
1994080212 1 154 1406 1000      15
1994080218 1 154 1400 1000      15
1994080300 2 154 1396  996      20
1994080306 2 154 1388  990      20
1994080312 3 154 1382  985      25
1994080318 3 155 1375  980      30
1994080400 3 154 1361  980      30
1994080406 4 151 1351  970      35
1994080412 4 150 1339  970      35
1994080418 4 151 1331  960      40
1994080500 5 153 1321  955      45
1994080506 5 158 1311  945      50
1994080512 5 163 1297  940      50
1994080518 5 170 1284  935      50
1994080600 5 175 1273  935      50
1994080606 5 182 1263  935      50
1994080612 5 191 1255  935      50
1994080618 5 199 1246  935      50
1994080700 5 209 1237  935      50
1994080706 5 222 1234  940      50
1994080712 5 236 1229  945      50
1994080718 5 248 1220  945      50
1994080800 4 256 1216  960      40
1994080806 4 265 1215  960      40
1994080812 4 274 1218  960      40
1994080818 4 282 1221  970      35
1994080900 3 290 1226  975      30
1994080906 3 302 1233  980      30
1994080912 3 310 1234  980      30
1994080918 3 319 1236  980      30
1994081000 3 328 1238  985      25
1994081006 3 334 1240  985      25
1994081012 3 337 1245  985      25
1994081018 2 339 1250  990      20
1994081100 2 340 1254  990      20
1994081106 2 340 1257  992      20
1994081112 2 339 1254  992      20
1994081118 2 341 1250  992      20
1994081200 2 340 1244  992      20
1994081206 2 337 1237  995      20
1994081212 1 327 1221  998      15
1994081218 1 323 1210 1000      15
1994081300 1 317 1199 1000      15
66666 0000   44 0017 9415 1 6 Ellie                              20110729
1994080606 0 285 1465 1008      10
1994080612 0 280 1465 1008      10
1994080618 0 275 1465 1008      10
1994080700 1 270 1463 1006      12
1994080706 1 265 1460 1004      15
1994080712 1 255 1450 1004      15
1994080718 1 250 1443 1002      15
1994080800 1 250 1443 1000      15
1994080806 2 252 1439  995      20
1994080812 2 253 1430  995      20
1994080818 2 252 1422  990      20
1994080900 3 249 1416  990      25
1994080906 3 246 1406  990      25
1994080912 3 244 1399  990      25
1994080918 3 242 1391  985      25
1994081000 3 238 1385  985      25
1994081006 3 233 1386  985      25
1994081012 3 232 1389  980      30
1994081018 3 234 1391  980      30
1994081100 3 240 1389  980      30
1994081106 3 250 1384  980      30
1994081112 3 260 1374  980      30
1994081118 3 267 1364  980      30
1994081200 3 273 1353  980      30
1994081206 4 281 1341  975      35
1994081212 4 288 1330  970      35
1994081218 4 294 1315  970      35
1994081300 4 300 1302  970      35
1994081306 4 306 1287  960      40
1994081312 4 312 1274  960      40
1994081318 4 316 1259  970      35
1994081400 4 322 1247  970      35
1994081406 4 325 1236  970      35
1994081412 3 327 1226  980      30
1994081418 3 330 1220  980      30
1994081500 3 340 1218  985      25
1994081506 3 351 1218  985      25
1994081512 3 364 1219  985      25
1994081518 3 381 1223  990      25
1994081600 3 392 1223  990      25
1994081606 2 409 1239  995      20
1994081612 9 426 1266 1000      15
1994081618 9 460 1310 1000      15
1994081700 9 480 1350 1002      12
66666 0000   19 0018 9416 0 6 Li                                 20110729
1994081218 1 126 1795 1004      12
1994081300 1 130 1791  998      15
1994081306 2 135 1782  995      20
1994081312 2 137 1775  995      20
1994081318 2 140 1767  995      20
1994081400 2 144 1755  995      20
1994081406 2 149 1742  995      20
1994081412 2 151 1734  995      20
1994081418 1 155 1726 1000      15
1994081500 1 160 1719 1002      15
1994081506 1 168 1712 1004      12
1994081512 1 176 1707 1004      12
1994081518 1 180 1705 1004      12
1994081600 1 184 1704 1004      12
1994081606 1 184 1704 1004      12
1994081612 1 182 1700 1004      12
1994081618 1 180 1695 1004      12
1994081700 1 181 1690 1004      12
1994081706 1 181 1690 1004      12
66666 0000   46 0019 9417 0 6 Fred                               20110729
1994081318 1 174 1480 1004      12
1994081400 1 175 1470 1002      15
1994081406 1 176 1457 1000      15
1994081412 1 177 1450 1000      15
1994081418 1 179 1440 1000      15
1994081500 1 183 1427  998      15
1994081506 2 185 1415  995      20
1994081512 2 183 1406  995      20
1994081518 2 181 1398  990      20
1994081600 3 180 1393  985      25
1994081606 3 178 1385  985      30
1994081612 3 176 1373  985      30
1994081618 3 176 1362  980      30
1994081700 4 178 1352  975      35
1994081706 4 181 1340  970      35
1994081712 4 184 1330  965      35
1994081718 4 187 1321  960      40
1994081800 4 190 1313  960      40
1994081806 4 195 1307  960      40
1994081812 5 201 1300  955      45
1994081818 5 209 1289  955      45
1994081900 5 212 1280  945      50
1994081906 6 218 1270  940      55
1994081912 6 222 1260  940      55
1994081918 6 224 1252  935      55
1994082000 5 229 1249  940      50
1994082006 5 235 1247  940      50
1994082012 5 244 1245  945      50
1994082018 5 256 1239  950      45
1994082100 5 266 1227  950      45
1994082106 5 270 1220  955      45
1994082112 5 275 1212  955      45
1994082118 4 280 1195  975      35
1994082200 3 285 1185  990      25
1994082206 2 288 1172  995      20
1994082212 1 298 1160 1000      15
1994082218 1 303 1152 1000      15
1994082300 1 312 1150 1000      15
1994082306 1 320 1149 1002      12
1994082312 1 330 1152 1002      12
1994082318 0 338 1156 1004      10
1994082400 0 350 1172 1004      10
1994082406 0 360 1188 1004      10
1994082412 0 368 1210 1002      10
1994082418 0 375 1222 1002      10
1994082500 0 382 1238 1002      10
66666 0000   52 0020 9418 0 6 Gladys                             20110729
1994082118 0 226 1573 1006      10
1994082200 0 231 1578 1006      10
1994082206 0 236 1584 1006      10
1994082212 0 241 1589 1006      10
1994082218 0 243 1590 1006      10
1994082300 0 245 1588 1006      10
1994082306 0 244 1583 1006      10
1994082312 0 242 1578 1006      10
1994082318 0 240 1573 1006      10
1994082400 1 238 1568 1004      12
1994082406 1 238 1563 1002      15
1994082412 1 237 1558 1002      15
1994082418 1 237 1554  998      15
1994082500 2 237 1550  995      20
1994082506 2 237 1545  990      20
1994082512 3 238 1538  990      25
1994082518 3 240 1531  990      25
1994082600 3 242 1523  985      25
1994082606 3 243 1516  985      25
1994082612 3 241 1510  985      25
1994082618 3 241 1500  985      25
1994082700 3 241 1490  985      25
1994082706 3 240 1475  985      25
1994082712 3 239 1467  985      25
1994082718 2 237 1457  990      20
1994082800 2 235 1450  990      20
1994082806 2 230 1441  995      20
1994082812 2 222 1431  995      20
1994082818 1 219 1421  998      15
1994082900 1 216 1407  998      15
1994082906 1 216 1393  998      15
1994082912 1 216 1381  998      15
1994082918 1 217 1365  998      15
1994083000 2 218 1348  995      20
1994083006 2 220 1331  995      20
1994083012 3 221 1316  990      25
1994083018 3 222 1301  985      25
1994083100 3 223 1281  980      30
1994083106 4 227 1265  965      40
1994083112 5 230 1250  955      45
1994083118 5 235 1237  950      45
1994090100 5 240 1225  955      45
1994090106 4 247 1210  960      40
1994090112 4 253 1197  970      35
1994090118 2 263 1185  995      20
1994090200 1 280 1172 1000      15
1994090206 1 290 1165 1005      12
1994090212 1 300 1162 1005      12
1994090218 0 320 1162 1007      10
1994090300 0 330 1165 1007      10
1994090306 0 335 1167 1005      10
1994090312 0 345 1169 1005      10
66666 0000   20 0021 9419 1 6 Harry                              20110729
1994082412 1 155 1203 1004      12
1994082418 1 155 1203 1004      12
1994082500 1 165 1200 1004      12
1994082506 1 175 1194 1000      15
1994082512 2 180 1184 1000      20
1994082518 2 182 1171  995      20
1994082600 2 185 1160  990      20
1994082606 3 191 1150  990      25
1994082612 3 196 1140  990      25
1994082618 3 200 1132  985      25
1994082700 3 201 1122  985      25
1994082706 3 204 1115  985      25
1994082712 3 204 1107  980      30
1994082718 3 204 1100  980      30
1994082800 3 204 1094  980      30
1994082806 4 206 1086  975      35
1994082812 3 210 1078  985      30
1994082818 3 211 1064  985      25
1994082900 2 212 1048  995      20
1994082906 1 215 1025 1000      15
66666 0000   33 0022 9420 1 6 Ivy                                20110729
1994082712 1 195 1620 1006      12
1994082718 1 200 1624 1004      12
1994082800 1 207 1628 1002      15
1994082806 2 213 1632  998      20
1994082812 2 220 1634  995      20
1994082818 2 228 1637  995      20
1994082900 2 235 1632  990      20
1994082906 3 245 1626  990      25
1994082912 3 256 1618  990      25
1994082918 3 261 1611  990      25
1994083000 3 265 1603  990      25
1994083006 3 269 1598  990      25
1994083012 3 273 1593  985      25
1994083018 3 277 1591  980      30
1994083100 4 282 1590  970      35
1994083106 4 289 1589  960      40
1994083112 4 296 1589  960      40
1994083118 4 302 1590  960      40
1994090100 4 309 1592  965      35
1994090106 4 314 1595  970      35
1994090112 3 319 1600  980      30
1994090118 3 324 1605  985      25
1994090200 3 329 1608  985      25
1994090206 3 336 1606  985      25
1994090212 3 343 1608  985      25
1994090218 3 350 1613  990      25
1994090300 3 358 1620  990      25
1994090306 3 372 1629  990      25
1994090312 2 386 1637  995      20
1994090318 2 400 1646  995      20
1994090400 2 412 1653  998      20
1994090406 2 424 1670  998      20
1994090412 9 450 1700  998      20
66666 0000   45 0023 9421 1 6 John                               20110729
1994082812 5 222 1793  945      50
1994082818 5 228 1783  945      50
1994082900 5 233 1773  945      50
1994082906 5 238 1764  950      45
1994082912 5 243 1756  950      45
1994082918 5 248 1750  950      45
1994083000 4 252 1745  960      40
1994083006 4 256 1741  960      40
1994083012 4 260 1738  970      35
1994083018 4 264 1734  970      35
1994083100 4 269 1731  975      35
1994083106 3 274 1728  980      30
1994083112 3 278 1731  980      30
1994083118 3 280 1735  980      30
1994090100 3 278 1738  980      30
1994090106 3 278 1738  985      25
1994090112 3 274 1741  990      25
1994090118 2 273 1744  995      20
1994090200 2 273 1748  995      20
1994090206 2 273 1753  995      20
1994090212 2 273 1758  995      20
1994090218 2 273 1763  995      20
1994090300 2 272 1767  995      20
1994090306 2 270 1772  995      20
1994090312 2 269 1775  995      20
1994090318 2 267 1778  995      20
1994090400 2 265 1780  995      20
1994090406 2 263 1783  995      20
1994090412 2 262 1785  995      20
1994090418 3 262 1785  990      25
1994090500 3 260 1782  990      25
1994090506 3 261 1778  990      25
1994090512 3 263 1775  990      25
1994090518 3 267 1772  990      25
1994090600 3 271 1768  990      25
1994090606 3 277 1762  990      25
1994090612 2 281 1756  995      20
1994090618 2 285 1754  995      20
1994090700 2 290 1752  995      20
1994090706 2 294 1753  995      20
1994090712 2 295 1759  995      20
1994090718 2 296 1766  995      20
1994090800 3 299 1775  990      25
1994090806 3 305 1788  990      25
1994090812 3 310 1798  985      25
66666 0000   23 0024 9422 1 6 Joel                               20110729
1994090212 1 155 1160 1004      12
1994090218 1 155 1154 1002      15
1994090300 1 157 1147 1000      15
1994090306 2 160 1140  995      20
1994090312 2 160 1140  995      20
1994090318 2 162 1128  995      20
1994090400 2 167 1117  995      20
1994090406 2 169 1110  995      20
1994090412 2 170 1102  995      20
1994090418 2 170 1102  995      20
1994090500 2 165 1095  995      20
1994090506 2 163 1091  995      20
1994090512 2 165 1088  995      20
1994090518 2 167 1091  990      20
1994090600 2 173 1095  990      20
1994090606 2 185 1094  985      20
1994090612 2 192 1083  985      20
1994090618 2 196 1078  985      20
1994090700 2 198 1076  985      20
1994090706 3 205 1073  980      25
1994090712 2 212 1068  985      20
1994090718 2 216 1059  990      20
1994090800 1 208 1045 1002      15
66666 0000   31 0025 9423 1 6 Kinna                              20110729
1994090506 1 200 1400 1004      12
1994090512 1 215 1405 1000      15
1994090518 1 223 1408 1000      15
1994090600 2 231 1409  996      20
1994090606 2 240 1409  996      20
1994090612 2 242 1408  995      20
1994090618 2 246 1406  995      20
1994090700 3 249 1404  992      25
1994090706 3 252 1402  992      25
1994090712 3 254 1400  992      25
1994090718 3 256 1399  992      25
1994090800 3 261 1398  990      25
1994090806 3 270 1395  990      25
1994090812 3 275 1396  990      25
1994090818 3 279 1396  985      25
1994090900 3 282 1398  980      30
1994090906 4 285 1399  975      35
1994090912 4 288 1400  970      35
1994090918 4 294 1398  970      35
1994091000 4 300 1395  965      40
1994091006 4 305 1392  960      40
1994091012 4 311 1393  960      40
1994091018 4 318 1398  960      40
1994091100 4 327 1410  965      40
1994091106 4 339 1423  970      35
1994091112 4 352 1440  975      35
1994091118 3 372 1462  980      30
1994091200 3 393 1483  985      25
1994091206 9 425 1515  992      20
1994091212 9 460 1550 1000      15
1994091218 9 480 1570 1000      15
66666 0000   31 0026 9424 0 6 Luke                               20110729
1994090612 1 137 1325 1005      12
1994090618 1 138 1315 1005      12
1994090700 1 140 1305 1002      15
1994090706 1 149 1301 1000      15
1994090712 1 152 1298 1000      15
1994090718 1 157 1297 1000      15
1994090800 1 160 1290 1000      15
1994090806 2 163 1282  995      20
1994090812 2 165 1275  995      20
1994090818 2 161 1265  995      20
1994090900 1 155 1260 1000      15
1994090906 1 172 1265 1000      15
1994090912 1 178 1253 1000      15
1994090918 1 182 1242 1000      15
1994091000 3 184 1230  995      25
1994091006 2 185 1215  990      20
1994091012 2 186 1205  990      20
1994091018 2 190 1197  990      20
1994091100 2 195 1185  990      20
1994091106 2 204 1177  990      20
1994091112 2 203 1166  990      20
1994091118 2 201 1153  990      20
1994091200 2 198 1134  990      20
1994091206 3 192 1120  985      25
1994091212 3 190 1110  985      25
1994091218 3 189 1100  985      25
1994091300 2 189 1090  990      20
1994091306 2 187 1077  995      20
1994091312 2 187 1067  995      20
1994091318 1 191 1060 1000      15
1994091400 1 185 1050 1004      12
66666 0000   33 0027 9425 1 6 Melissa                            20110729
1994091112 1 100 1595 1000      15
1994091118 1 105 1586 1000      15
1994091200 2 112 1576  995      20
1994091206 2 115 1570  995      20
1994091212 3 120 1567  990      25
1994091218 3 127 1569  990      25
1994091300 3 132 1573  990      25
1994091306 3 134 1578  985      25
1994091312 3 138 1583  985      25
1994091318 3 144 1586  980      30
1994091400 4 150 1588  970      35
1994091406 4 154 1591  960      40
1994091412 4 160 1595  955      40
1994091418 5 169 1599  945      45
1994091500 5 180 1597  940      45
1994091506 5 190 1596  930      50
1994091512 6 202 1596  925      55
1994091518 6 215 1591  920      60
1994091600 6 228 1584  920      60
1994091606 6 242 1577  920      60
1994091612 5 254 1569  925      50
1994091618 5 270 1561  930      50
1994091700 5 287 1552  945      45
1994091706 4 302 1540  955      40
1994091712 4 318 1526  970      35
1994091718 4 332 1520  975      35
1994091800 3 350 1501  980      30
1994091806 3 365 1493  980      30
1994091812 3 381 1492  980      30
1994091818 3 393 1487  980      30
1994091900 3 403 1485  980      30
1994091906 3 414 1486  985      25
1994091912 3 421 1493  985      25
66666 0000   28 0028 9426 0 6 Nat                                20110729
1994091500 1 150 1420 1002      12
1994091506 1 148 1432 1000      12
1994091512 1 146 1442 1000      12
1994091518 1 145 1451 1000      15
1994091600 1 145 1465  998      15
1994091606 2 147 1478  995      20
1994091612 2 150 1490  995      20
1994091618 2 152 1503  995      20
1994091700 2 155 1515  995      20
1994091706 2 165 1537  995      20
1994091712 2 185 1556  995      20
1994091718 2 200 1560  995      20
1994091800 2 209 1562  995      20
1994091806 2 217 1560  995      20
1994091812 2 227 1557  995      20
1994091818 2 234 1543  992      20
1994091900 2 238 1526  992      20
1994091906 2 243 1513  992      20
1994091912 2 250 1507  992      20
1994091918 2 257 1502  992      20
1994092000 2 264 1501  992      20
1994092006 2 272 1497  992      20
1994092012 2 280 1492  992      20
1994092018 2 288 1493  992      20
1994092100 2 294 1496  992      20
1994092106 2 298 1505  992      20
1994092112 1 302 1512  998      15
1994092118 1 306 1516 1002      12
66666 0000   60 0029 9427 1 6 Orchid                             20110729
1994091706 1 140 1350 1000      12
1994091712 1 137 1363 1000      15
1994091718 1 135 1375 1000      15
1994091800 1 133 1390 1000      15
1994091806 1 128 1402 1000      15
1994091812 1 120 1407 1000      15
1994091818 1 118 1416 1000      15
1994091900 1 121 1423 1000      15
1994091906 1 127 1423  998      15
1994091912 2 133 1426  995      20
1994091918 2 142 1428  995      20
1994092000 2 150 1430  995      20
1994092006 2 158 1422  995      20
1994092012 2 162 1415  995      20
1994092018 3 172 1411  990      25
1994092100 3 180 1414  990      25
1994092106 3 187 1415  990      25
1994092112 3 190 1409  985      25
1994092118 3 186 1401  980      30
1994092200 3 182 1393  980      30
1994092206 3 178 1386  980      30
1994092212 3 175 1381  980      30
1994092218 3 172 1379  980      30
1994092300 3 172 1378  980      30
1994092306 4 175 1380  970      35
1994092312 4 178 1379  965      40
1994092318 5 183 1376  955      45
1994092400 5 189 1371  950      45
1994092406 5 192 1368  940      50
1994092412 6 194 1367  935      55
1994092418 6 197 1367  930      55
1994092500 6 202 1368  930      55
1994092506 6 208 1365  930      55
1994092512 6 211 1364  930      55
1994092518 6 219 1361  930      55
1994092600 6 225 1356  930      55
1994092606 6 234 1350  930      55
1994092612 6 240 1341  930      55
1994092618 6 245 1335  930      55
1994092700 6 252 1329  930      55
1994092706 5 257 1327  940      50
1994092712 5 262 1326  940      50
1994092718 5 269 1324  940      50
1994092800 5 274 1324  940      50
1994092806 5 281 1325  940      50
1994092812 5 287 1330  940      50
1994092818 5 297 1335  945      50
1994092900 5 310 1340  950      45
1994092906 5 324 1347  955      45
1994092912 4 343 1358  965      35
1994092918 3 367 1370  980      30
1994093000 3 393 1383  980      30
1994093006 9 414 1392  990      25
1994093012 9 435 1405  998      15
1994093018 9 445 1410 1000      15
1994100100 9 460 1435 1000      15
1994100106 9 470 1450 1000      15
1994100112 9 480 1460 1000      15
1994100118 9 490 1470 1000      15
1994100200 9 500 1480 1000      15
66666 0000   35 0030 9428 1 6 Pat                                20110729
1994092100 1 150 1676 1004      12
1994092106 1 148 1665 1002      12
1994092112 1 147 1655 1000      15
1994092118 2 148 1648  995      20
1994092200 2 157 1642  995      20
1994092206 2 167 1641  995      20
1994092212 2 178 1640  995      20
1994092218 3 190 1637  990      25
1994092300 3 207 1630  980      30
1994092306 4 222 1627  970      35
1994092312 4 233 1623  965      35
1994092318 4 243 1618  965      40
1994092400 4 251 1611  965      40
1994092406 4 257 1604  965      40
1994092412 4 265 1595  965      40
1994092418 4 273 1580  965      40
1994092500 4 282 1554  970      35
1994092506 3 282 1530  980      30
1994092512 3 280 1515  985      25
1994092518 3 275 1506  990      25
1994092600 2 278 1507  990      20
1994092606 2 292 1512  995      20
1994092612 2 313 1506  995      20
1994092618 2 323 1497  995      20
1994092700 2 336 1492  995      20
1994092706 2 343 1495  995      20
1994092712 2 356 1507  995      20
1994092718 1 364 1515  998      15
1994092800 1 376 1531  998      15
1994092806 1 383 1550  998      15
1994092812 1 390 1566  998      15
1994092818 9 392 1580 1000      15
1994092900 9 395 1595 1002      12
1994092906 9 400 1620 1004      12
1994092912 9 405 1650 1004      12
66666 0000   11 0031 9429 2 6 Ruth                               20110729
1994092318 1 190 1540 1002      12
1994092400 1 200 1538 1000      15
1994092406 1 210 1537 1000      15
1994092412 1 220 1545  998      15
1994092418 1 225 1557  998      15
1994092500 1 233 1563  998      15
1994092506 2 247 1565  995      20
1994092512 2 263 1560  995      20
1994092518 2 284 1549  995      20
1994092600 2 305 1522  995      20
1994092606 2 307 1494  998      20
66666 0000   46 0032 9430 0 6 Seth                               20110729
1994100212 1 120 1600 1006      12
1994100218 1 118 1575 1004      12
1994100300 1 115 1551 1002      15
1994100306 2 110 1537  998      20
1994100312 2 104 1525  998      20
1994100318 2 108 1512  995      20
1994100400 2 113 1493  995      20
1994100406 3 114 1478  990      25
1994100412 3 115 1459  990      25
1994100418 3 116 1443  985      25
1994100500 3 119 1430  985      25
1994100506 3 125 1411  985      25
1994100512 3 130 1396  980      25
1994100518 3 134 1374  980      30
1994100600 3 137 1359  975      30
1994100606 4 143 1346  970      35
1994100612 4 150 1333  970      35
1994100618 4 157 1313  960      40
1994100700 4 161 1299  955      40
1994100706 5 171 1285  950      45
1994100712 5 176 1273  940      50
1994100718 6 183 1264  930      55
1994100800 6 191 1257  925      55
1994100806 6 199 1250  925      55
1994100812 5 207 1245  935      50
1994100818 5 213 1242  935      50
1994100900 5 219 1239  935      50
1994100906 5 230 1238  935      50
1994100912 5 242 1236  945      45
1994100918 5 252 1232  945      45
1994101000 4 257 1224  950      40
1994101006 4 265 1226  960      40
1994101012 4 274 1229  970      35
1994101018 3 284 1233  975      30
1994101100 3 295 1238  980      30
1994101106 3 306 1241  980      30
1994101112 3 320 1250  980      30
1994101118 3 339 1267  980      25
1994101200 3 366 1292  985      25
1994101206 9 393 1317  985      25
1994101212 9 420 1340  985      20
1994101218 9 452 1375  985      20
1994101300 9 460 1400  985      20
1994101306 9 470 1420  985      15
1994101312 9 483 1449  990      15
1994101318 9 490 1480  998      10
66666 0000   43 0033 9431 0 6                                    20110729
1994101600 0 145 1480 1006      10
1994101606 0 150 1463 1006      10
1994101612 0 155 1443 1006      10
1994101618 0 158 1427 1006      10
1994101700 0 160 1410 1006      10
1994101706 1 163 1401 1000      15
1994101712 2 163 1386  998      20
1994101718 2 163 1376  995      20
1994101800 2 157 1359  994      20
1994101806 3 155 1345  990      25
1994101812 3 155 1330  990      25
1994101818 3 154 1318  985      25
1994101900 3 154 1303  980      30
1994101906 3 156 1287  980      30
1994101912 4 156 1276  970      35
1994101918 4 157 1266  965      35
1994102000 4 156 1254  960      40
1994102006 4 156 1244  960      40
1994102012 4 154 1238  960      40
1994102018 4 152 1228  960      40
1994102100 4 149 1222  960      40
1994102106 4 143 1212  970      35
1994102112 3 139 1200  975      30
1994102118 3 134 1188  985      25
1994102200 3 130 1179  985      25
1994102206 3 125 1170  985      25
1994102212 3 122 1160  985      25
1994102218 3 117 1153  980      30
1994102300 3 113 1147  980      30
1994102306 3 110 1142  980      30
1994102312 3 109 1137  980      30
1994102318 3 108 1132  980      30
1994102400 4 108 1127  970      35
1994102406 4 108 1124  970      35
1994102412 3 110 1120  980      30
1994102418 3 110 1115  980      30
1994102500 3 109 1110  980      30
1994102506 3 108 1105  980      30
1994102512 3 108 1101  985      25
1994102518 2 108 1098  994      20
1994102600 2 109 1095  995      20
1994102606 1 110 1092 1002      15
1994102612 1 111 1090 1006      12
66666 0000   68 0034 9432 0 6 Verne                              20110729
1994101600 1 111 1650 1006      12
1994101606 1 110 1630 1006      12
1994101612 1 109 1610 1004      15
1994101618 1 114 1587 1004      15
1994101700 1 123 1567 1004      15
1994101706 1 135 1541 1002      15
1994101712 1 137 1535 1002      15
1994101718 1 138 1522 1002      15
1994101800 1 140 1508  998      15
1994101806 2 143 1492  995      20
1994101812 2 145 1475  995      20
1994101818 2 143 1460  990      20
1994101900 3 143 1447  985      25
1994101906 3 145 1437  985      25
1994101912 3 150 1422  980      25
1994101918 3 153 1403  980      30
1994102000 3 154 1390  975      30
1994102006 4 158 1373  970      35
1994102012 4 164 1362  970      35
1994102018 4 167 1346  960      40
1994102100 4 169 1340  960      40
1994102106 4 173 1327  960      40
1994102112 4 177 1320  960      40
1994102118 4 180 1319  960      40
1994102200 4 183 1316  960      40
1994102206 4 183 1316  960      40
1994102212 4 185 1312  960      40
1994102218 4 186 1308  955      40
1994102300 5 187 1305  950      45
1994102306 5 187 1302  950      45
1994102312 5 184 1301  950      45
1994102318 5 184 1301  950      45
1994102400 5 181 1299  950      45
1994102406 5 177 1297  950      45
1994102412 5 172 1297  950      45
1994102418 5 167 1295  950      45
1994102500 5 164 1295  950      45
1994102506 5 161 1296  950      45
1994102512 5 158 1295  950      45
1994102518 5 157 1292  950      45
1994102600 5 154 1292  950      45
1994102606 4 152 1290  955      40
1994102612 4 152 1288  960      40
1994102618 4 152 1284  970      35
1994102700 4 154 1292  970      35
1994102706 4 159 1293  970      35
1994102712 3 164 1299  975      30
1994102718 3 167 1304  975      30
1994102800 3 175 1308  980      30
1994102806 3 181 1310  985      25
1994102812 3 189 1310  985      25
1994102818 3 194 1310  990      25
1994102900 3 197 1312  990      25
1994102906 3 204 1318  990      25
1994102912 3 211 1323  990      25
1994102918 3 220 1330  990      25
1994103000 3 230 1344  990      25
1994103006 3 239 1352  990      25
1994103012 3 245 1359  990      25
1994103018 2 251 1367  995      20
1994103100 2 256 1377  995      20
1994103106 2 262 1392  995      20
1994103112 2 269 1405  995      20
1994103118 2 273 1417  995      20
1994110100 1 277 1427  998      15
1994110106 1 283 1442 1000      15
1994110112 1 288 1448 1000      15
1994110118 1 293 1454 1004      12
66666 0000   51 0035 9433 0 6 Wilda                              20110729
1994101918 1 137 1643 1004      12
1994102000 1 135 1635 1004      12
1994102006 1 135 1628  998      15
1994102012 1 137 1621  998      15
1994102018 1 140 1611  998      15
1994102100 2 141 1604  995      20
1994102106 2 143 1597  995      20
1994102112 3 146 1590  985      25
1994102118 3 150 1583  985      25
1994102200 3 155 1576  985      25
1994102206 3 158 1567  980      30
1994102212 4 162 1555  970      35
1994102218 4 165 1544  970      35
1994102300 4 169 1531  960      40
1994102306 4 169 1519  960      40
1994102312 5 168 1510  955      45
1994102318 5 167 1498  955      45
1994102400 5 162 1489  955      45
1994102406 5 161 1482  950      45
1994102412 5 158 1476  950      45
1994102418 5 156 1473  950      45
1994102500 5 157 1472  950      45
1994102506 5 158 1473  950      45
1994102512 5 161 1474  950      45
1994102518 5 165 1477  950      45
1994102600 4 173 1483  960      40
1994102606 4 182 1490  960      40
1994102612 4 189 1494  960      40
1994102618 4 197 1497  960      40
1994102700 4 201 1501  960      40
1994102706 4 206 1506  960      40
1994102712 4 209 1510  960      40
1994102718 4 216 1512  960      40
1994102800 4 224 1516  960      40
1994102806 4 229 1515  960      40
1994102812 4 237 1513  960      40
1994102818 4 242 1512  960      40
1994102900 5 248 1512  950      45
1994102906 5 253 1509  950      45
1994102912 5 256 1504  950      45
1994102918 5 261 1499  950      45
1994103000 5 264 1499  950      45
1994103006 4 269 1500  960      40
1994103012 4 276 1503  960      40
1994103018 4 289 1506  970      35
1994103100 4 308 1513  970      35
1994103106 3 323 1526  980      30
1994103112 3 339 1550  980      30
1994103118 3 360 1573  985      25
1994110100 2 386 1621  990      20
1994110106 1 400 1660  998      15
66666 0000   18 0036 9434 0 6 Yuri                               20110729
1994102218 1 245 1790 1004      12
1994102300 1 241 1762 1002      15
1994102306 1 237 1739 1002      15
1994102312 1 238 1710 1000      15
1994102318 1 241 1686 1000      15
1994102400 2 242 1658  996      20
1994102406 2 246 1632  996      20
1994102412 2 251 1618  996      20
1994102418 2 257 1604  996      20
1994102500 1 260 1588  998      15
1994102506 1 260 1573 1000      15
1994102512 1 258 1566 1002      15
1994102518 1 257 1555 1002      15
1994102600 1 258 1546 1004      12
1994102606 1 268 1538 1004      12
1994102612 0 276 1532 1006      10
1994102618 0 289 1530 1008      10
1994102700 0 300 1534 1008      10
66666 0000   44 0037 9435 0 6 Zelda                              20110729
1994102812 1 170 1667 1004      12
1994102818 1 159 1658 1004      12
1994102900 1 151 1650 1004      12
1994102906 1 146 1639 1002      15
1994102912 1 140 1631 1002      15
1994102918 1 137 1624 1002      15
1994103000 1 131 1618 1002      15
1994103006 1 125 1612 1002      15
1994103012 1 115 1599 1002      15
1994103018 1 111 1585 1002      15
1994103100 1 107 1569 1000      15
1994103106 1 105 1557 1000      15
1994103112 1 103 1544 1000      15
1994103118 2 101 1535  995      20
1994110100 2  98 1525  995      20
1994110106 3  99 1516  985      25
1994110112 3 100 1509  985      25
1994110118 3 104 1500  980      30
1994110200 3 114 1497  980      30
1994110206 3 123 1488  980      30
1994110212 3 130 1481  980      30
1994110218 3 142 1475  975      30
1994110300 4 153 1466  970      35
1994110306 4 163 1458  960      40
1994110312 4 171 1449  960      40
1994110318 5 178 1438  955      45
1994110400 5 181 1427  950      45
1994110406 5 184 1414  940      50
1994110412 6 185 1401  930      55
1994110418 6 186 1389  920      60
1994110500 6 191 1377  920      60
1994110506 6 199 1364  920      60
1994110512 6 209 1353  920      60
1994110518 6 219 1343  930      55
1994110600 6 227 1337  930      55
1994110606 5 238 1332  940      50
1994110612 5 248 1333  940      50
1994110618 5 258 1337  950      45
1994110700 4 273 1348  960      40
1994110706 4 287 1360  970      35
1994110712 3 294 1375  980      30
1994110718 3 302 1396  980      30
1994110800 2 309 1417  990      20
1994110806 1 310 1430 1000      15
66666 0000   45 0038 9436 0 6 Axel                               20110729
1994121518 1  70 1470 1002      15
1994121600 1  72 1462 1002      15
1994121606 1  75 1452 1002      15
1994121612 1  78 1440 1000      15
1994121618 1  82 1429 1000      15
1994121700 2  86 1417  998      20
1994121706 2  90 1408  998      20
1994121712 2  94 1396  998      20
1994121718 2  96 1386  996      20
1994121800 2  99 1379  994      20
1994121806 3 103 1371  990      25
1994121812 3 107 1363  980      30
1994121818 4 110 1357  975      35
1994121900 4 113 1349  970      35
1994121906 4 114 1339  970      35
1994121912 4 114 1326  970      35
1994121918 4 112 1317  970      35
1994122000 4 111 1307  965      40
1994122006 4 112 1296  965      40
1994122012 5 113 1286  955      45
1994122018 5 112 1275  950      45
1994122100 5 109 1268  945      50
1994122106 5 108 1260  945      50
1994122112 4 109 1253  960      40
1994122118 4 112 1245  965      40
1994122200 4 117 1234  970      35
1994122206 3 120 1221  980      30
1994122212 3 126 1208  980      30
1994122218 3 128 1196  985      30
1994122300 3 131 1189  985      25
1994122306 3 139 1181  985      25
1994122312 3 145 1175  990      25
1994122318 2 150 1169  990      20
1994122400 2 158 1165  990      20
1994122406 2 164 1160  995      20
1994122412 2 167 1158  995      20
1994122418 2 172 1153  995      20
1994122500 2 178 1149  998      20
1994122506 2 184 1149  998      20
1994122512 2 190 1151  998      20
1994122518 2 194 1156  998      20
1994122600 1 189 1159  998      15
1994122606 1 187 1161  998      15
1994122612 1 192 1162  998      15
1994122618 1 192 1162  998      15
66666 0000   39 0039 9437 0 6 Bobbie                             20110729
1994121806 1  65 1660 1000      15
1994121812 1  60 1645 1000      15
1994121818 1  55 1630 1000      15
1994121900 1  55 1620 1000      15
1994121906 1  60 1610  998      15
1994121912 2  65 1605  995      20
1994121918 2  74 1598  995      20
1994122000 2  86 1596  995      20
1994122006 2  97 1598  995      20
1994122012 2 108 1592  995      20
1994122018 2 117 1583  995      20
1994122100 2 124 1572  992      20
1994122106 2 128 1559  992      20
1994122112 2 131 1540  990      20
1994122118 2 137 1526  990      20
1994122200 3 140 1510  990      25
1994122206 3 146 1495  985      25
1994122212 3 152 1485  985      25
1994122218 3 156 1477  985      25
1994122300 3 160 1469  985      25
1994122306 3 163 1456  985      25
1994122312 3 166 1444  985      25
1994122318 3 167 1430  985      25
1994122400 3 170 1419  985      25
1994122406 3 175 1407  985      25
1994122412 3 184 1397  990      25
1994122418 2 190 1386  992      20
1994122500 2 194 1374  995      20
1994122506 1 195 1366 1000      15
1994122512 1 196 1357 1000      15
1994122518 1 197 1350 1002      15
1994122600 1 200 1345 1004      12
1994122606 9 215 1347 1004      12
1994122612 9 230 1365 1004      12
1994122618 9 247 1390 1004      12
1994122700 9 260 1410 1004      12
1994122706 9 278 1442 1004      12
1994122712 9 290 1470 1006      12
1994122718 9 305 1500 1006      12
