66666 0000   35 0001 0000 0 6 Phyllis                            20110729
1969011606 1  70 1773 1000      15
1969011612 2  75 1759  995      20
1969011618 3  79 1743  990      25
1969011700 3  83 1727  985      30
1969011706 4  86 1710  978      35
1969011712 4  88 1692  978      35
1969011718 4  90 1674  977      35
1969011800 4  92 1658  975      40
1969011806 5  96 1640  972      45
1969011812 5 103 1622  970      45
1969011818 5 108 1605  967      45
1969011900 5 112 1591  968      45
1969011906 5 114 1579  968      45
1969011912 5 118 1564  968      45
1969011918 5 124 1548  968      45
1969012000 5 127 1533  968      45
1969012006 5 133 1523  970      45
1969012012 4 138 1512  976      40
1969012018 4 140 1503  977      40
1969012100 4 137 1498  980      35
1969012106 4 140 1496  980      35
1969012112 3 138 1500  984      30
1969012118 3 130 1485  990      25
1969012200 2 134 1463  995      20
1969012206 2 136 1446  997      20
1969012212 1 137 1423 1000      15
1969012218 1 134 1406 1000      15
1969012300 1 128 1390 1000      15
1969012306 1 121 1373 1000      15
1969012312 1 117 1359 1000      15
1969012318 1 114 1343 1002      12
1969012400 0 113 1325 1006       0
1969012406 0 113 1308 1006       0
1969012412 0 114 1288 1006       0
1969012418 0 115 1270 1006       0
66666 0000   11 0002 0000 0 6 (nameless)                         20110729
1969022106 1  50 1552  998      15
1969022112 1  53 1554  998      15
1969022118 1  56 1555  998      15
1969022200 1  59 1556  998      15
1969022206 1  63 1557  998      15
1969022212 1  67 1555  998      15
1969022218 1  68 1552 1000      15
1969022300 1  67 1547 1000      15
1969022306 0  65 1544 1005      10
1969022312 0  63 1542 1005      10
1969022318 0  59 1539 1005      10
66666 0000   20 0003 0000 0 6 Rita                               20110729
1969030618 1  51 1699 1005      12
1969030700 1  52 1692 1004      12
1969030706 1  54 1685 1002      15
1969030712 2  56 1678  999      20
1969030718 2  57 1671  996      20
1969030800 2  60 1663  993      20
1969030806 2  69 1654  997      20
1969030812 2  73 1644 1000      20
1969030818 2  72 1635 1000      20
1969030900 2  73 1624 1000      20
1969030906 1  75 1615 1000      15
1969030912 1  77 1601 1000      15
1969030918 1  78 1589 1002      15
1969031000 1  78 1575 1004      15
1969031006 1  77 1564 1006      12
1969031012 1  76 1554 1008      12
1969031018 1  73 1545 1008      12
1969031100 1  71 1540 1008      12
1969031106 0  70 1536 1008       0
1969031112 0  70 1530 1008       0
66666 0000   47 0004 0000 0 6 Susan                              20110729
1969041506 0  60 1480 1006       0
1969041512 0  60 1474 1006       0
1969041518 0  61 1467 1006       0
1969041600 0  62 1460 1004       0
1969041606 0  63 1454 1002       0
1969041612 0  63 1448 1002       0
1969041618 0  64 1442 1002       0
1969041700 0  64 1434 1002      10
1969041706 0  65 1428 1002      10
1969041712 0  66 1420 1002      10
1969041718 1  65 1412 1000      15
1969041800 1  65 1405 1000      15
1969041806 1  65 1398 1000      15
1969041812 1  66 1393 1000      15
1969041818 1  70 1387 1000      15
1969041900 1  72 1378  998      15
1969041906 1  73 1371  998      15
1969041912 1  72 1363  998      15
1969041918 2  72 1354  996      20
1969042000 2  74 1345  991      20
1969042006 3  75 1335  987      25
1969042012 3  76 1324  976      30
1969042018 4  78 1318  968      35
1969042100 4  78 1312  958      40
1969042106 5  77 1304  947      45
1969042112 5  79 1297  945      45
1969042118 5  81 1293  943      50
1969042200 5  84 1289  943      50
1969042206 5  87 1285  943      50
1969042212 5  92 1278  942      50
1969042218 5  94 1272  943      50
1969042300 5  98 1267  946      45
1969042306 5 101 1261  950      45
1969042312 4  98 1257  955      40
1969042318 4  99 1261  965      35
1969042400 3 100 1259  975      30
1969042406 3 100 1256  980      25
1969042412 3 100 1255  980      25
1969042418 2 100 1254  990      20
1969042500 1 100 1253 1000      15
1969042506 1 100 1251 1000      15
1969042512 1 100 1249 1004      15
1969042518 1 100 1245 1004      15
1969042600 0  98 1240 1004      10
1969042606 0  93 1233 1004      10
1969042612 0  85 1225 1004      10
1969042618 0  80 1219 1004       0
66666 0000   23 0005 6901 1 6 Tess                               20110729
1969070600 0  94 1307 1010       0
1969070606 0  98 1299 1008       0
1969070612 0 100 1290 1008       0
1969070618 0 101 1280 1007       0
1969070700 1 102 1270 1007      15
1969070706 1 102 1258 1007      15
1969070712 0 107 1247 1007      10
1969070718 0 114 1239 1007      10
1969070800 0 116 1230 1006      10
1969070806 1 118 1220 1006      15
1969070812 1 119 1210 1006      15
1969070818 2 120 1200 1000      20
1969070900 2 126 1193  997      20
1969070906 3 133 1185  985      25
1969070912 3 138 1169  982      30
1969070918 4 144 1155  972      35
1969071000 4 145 1138  969      40
1969071006 4 147 1126  974      35
1969071012 4 153 1115  975      35
1969071018 3 159 1104  988      30
1969071100 3 165 1091  990      30
1969071106 3 168 1082  992      25
1969071112 1 169 1071  996      15
66666 0000   29 0006 0000 0 6 (nameless)                         20110729
1969071100 0 100 1432 1008       0
1969071106 0 104 1430 1008       0
1969071112 0 106 1428 1008       0
1969071118 0 108 1425 1007       0
1969071200 0 110 1421 1007       0
1969071206 0 113 1415 1007       0
1969071212 0 116 1407 1007       0
1969071218 0 119 1395 1006       0
1969071300 0 120 1380 1006       0
1969071306 0 116 1363 1006       0
1969071312 0 111 1345 1006       0
1969071318 0 106 1325 1006       0
1969071400 0 108 1305 1008       0
1969071406 0 114 1294 1007       0
1969071412 0 122 1289 1006       0
1969071418 0 130 1288 1006       0
1969071500 0 140 1289 1006       0
1969071506 1 150 1291 1004      12
1969071512 1 158 1292 1004      12
1969071518 1 165 1292 1004      12
1969071600 0 170 1292 1005       0
1969071606 0 174 1290 1005       0
1969071612 0 177 1287 1005       0
1969071618 0 183 1282 1005       0
1969071700 0 186 1274 1005       0
1969071706 0 190 1265 1006       0
1969071712 0 190 1251 1006       0
1969071718 0 183 1238 1006       0
1969071800 0 177 1220 1006       0
66666 0000   46 0007 6903 0 6 Viola                              20110729
1969072000 0  40 1510 1005       0
1969072006 0  45 1502 1005       0
1969072012 1  52 1490 1004      15
1969072018 1  58 1482 1004      15
1969072100 1  63 1473 1002      15
1969072106 1  67 1465 1002      15
1969072112 2  71 1456 1000      20
1969072118 2  76 1447 1000      20
1969072200 2  81 1436 1000      20
1969072206 2  85 1426  998      20
1969072212 3  93 1415  993      25
1969072218 3  99 1407  992      25
1969072300 3 108 1398  992      25
1969072306 3 118 1389  988      30
1969072312 3 128 1380  983      30
1969072318 4 138 1369  975      35
1969072400 4 149 1357  962      40
1969072406 5 154 1339  947      45
1969072412 5 159 1324  939      50
1969072418 6 163 1312  930      55
1969072500 6 166 1301  925      60
1969072506 6 168 1288  919      65
1969072512 6 169 1276  911      65
1969072518 6 172 1269  900      75
1969072600 6 176 1262  898      75
1969072606 6 185 1252  898      75
1969072612 6 193 1242  898      75
1969072618 6 196 1230  896      75
1969072700 6 199 1216  896      75
1969072706 6 207 1203  900      75
1969072712 6 214 1194  910      70
1969072718 6 218 1183  920      60
1969072800 6 224 1171  925      55
1969072806 4 231 1156  950      40
1969072812 2 235 1145  970      20   30
1969072818 1 236 1134  980      15   30
1969072900 1 239 1121  983      12   30
1969072906 0 241 1106  984       9   15
1969072912 0 242 1097  987       9   12
1969072918 0 243 1089  988       9   12
1969073000 0 245 1078  990       9   10
1969073006 0 245 1070  990       9
1969073012 0 242 1061  990       9
1969073018 0 237 1053  992       9
1969073100 0 230 1040  993       9
1969073106 0 233 1028  995       9
66666 0000   16 0008 6902 0 6 (nameless)                         20110729
1969072112 0 135 1171 1002       0
1969072118 0 144 1167 1002       0
1969072200 0 150 1162 1002      10
1969072206 0 154 1153 1000      10   15
1969072212 0 157 1142  999      10   15
1969072218 0 162 1127  998      10   15
1969072300 0 172 1118  998      10   15
1969072306 0 184 1110  998      10   15
1969072312 0 190 1091  998       9   12
1969072318 1 195 1085  998      12
1969072400 1 200 1083  998      12
1969072406 1 205 1081  998      12
1969072412 1 210 1076  998      12
1969072418 1 216 1071  998      12
1969072500 1 220 1066 1000      12
1969072506 0 221 1058 1002      10
66666 0000   27 0009 6904 0 6 Winnie                             20110729
1969072700 0 140 1445 1009       0
1969072706 0 136 1439 1007       0
1969072712 0 131 1433 1007      10
1969072718 0 129 1428 1007      10
1969072800 0 130 1419 1007      10
1969072806 1 135 1409 1005      12
1969072812 1 140 1398 1005      12
1969072818 1 144 1387 1003      12
1969072900 1 148 1378 1003      12
1969072906 1 150 1367 1001      15
1969072912 2 152 1356  998      20
1969072918 3 155 1344  995      25
1969073000 3 162 1332  992      30
1969073006 3 171 1320  987      30
1969073012 3 181 1307  991      30
1969073018 3 186 1292  994      25
1969073100 2 188 1278  995      20
1969073106 2 191 1267  997      20
1969073112 1 192 1258  998      15
1969073118 0 196 1248  999      10
1969080100 0 199 1240  999      10
1969080106 0 204 1233  999      10
1969080112 0 206 1226  999      10
1969080118 0 208 1219  999       0
1969080200 0 209 1212  999       0
1969080206 0 210 1202  999       0
1969080212 0 210 1190 1000       0
66666 0000   23 0010 6905 0 6 Alice                              20110729
1969080100 0 200 1395 1002       0
1969080106 0 205 1394 1002       0
1969080112 1 212 1392 1000      15
1969080118 1 219 1390 1000      15
1969080200 2 228 1385  996      20
1969080206 2 240 1377  990      20
1969080212 2 254 1367  990      20
1969080218 3 265 1359  988      25
1969080300 3 273 1354  986      25
1969080306 3 283 1350  984      30
1969080312 3 293 1345  985      30
1969080318 3 304 1343  987      30
1969080400 3 316 1345  988      25
1969080406 3 328 1351  988      25
1969080412 3 339 1360  990      25
1969080418 2 354 1375  995      20
1969080500 1 369 1398 1000      15
1969080506 1 378 1432 1002      15
1969080512 1 382 1460 1002      15
1969080518 0 389 1495 1005      10
1969080600 9 400 1525 1008       0
1969080606 9 420 1575 1010       0
1969080612 9 440 1640 1010       0
66666 0000   30 0011 6906 0 6 Betty                              20110729
1969080400 0  97 1425 1005      10
1969080406 0 107 1412 1005      10
1969080412 0 117 1402 1005      10
1969080418 1 126 1394 1005      15
1969080500 1 133 1387 1004      15
1969080506 3 142 1379  992      25
1969080512 3 152 1369  990      25
1969080518 3 164 1356  988      30
1969080600 3 175 1343  987      30
1969080606 3 187 1324  985      30
1969080612 3 200 1306  983      30
1969080618 3 208 1293  981      30
1969080700 4 216 1276  978      35
1969080706 4 228 1262  975      35
1969080712 4 237 1249  971      35
1969080718 4 243 1234  967      40
1969080800 4 250 1225  963      40
1969080806 4 258 1212  963      40
1969080812 4 263 1197  970      35
1969080818 1 268 1181  983      15   25
1969080900 0 271 1170  985      10   15
1969080906 0 277 1162  988      10   15
1969080912 0 282 1154  990      10
1969080918 0 285 1147  992       9
1969081000 0 288 1140  994       9
1969081006 0 289 1132  994       9
1969081012 0 291 1129  994       9
1969081018 0 298 1129  994       9
1969081100 0 303 1130  995       9
1969081106 0 306 1133  995       9
66666 0000   48 0012 6907 3 6 Cora                               20110729
1969081218 0  95 1500 1009       0
1969081300 0  94 1491 1009       0
1969081306 0  94 1480 1007       0
1969081312 0  95 1470 1007       0
1969081318 0  97 1458 1006       0
1969081400 0  99 1446 1004       0
1969081406 1 103 1438 1002      12
1969081412 1 107 1431 1001      12
1969081418 1 112 1423  999      15
1969081500 1 116 1414  998      15
1969081506 1 124 1406  996      15
1969081512 2 130 1398  995      20
1969081518 2 135 1391  994      20
1969081600 2 140 1383  992      20
1969081606 3 145 1374  990      25
1969081612 3 151 1363  990      25
1969081618 3 160 1352  989      25
1969081700 3 168 1343  989      25
1969081706 3 177 1332  987      25
1969081712 3 184 1323  986      25
1969081718 3 190 1311  979      30
1969081800 3 202 1301  976      30
1969081806 4 213 1295  972      35
1969081812 4 220 1290  968      40
1969081818 4 227 1284  964      40
1969081900 5 235 1279  958      45
1969081906 5 243 1275  950      45
1969081912 5 253 1273  940      50
1969081918 5 259 1272  943      50
1969082000 5 266 1272  948      45
1969082006 5 272 1272  950      45
1969082012 4 279 1273  958      40
1969082018 4 285 1275  958      40
1969082100 4 291 1278  958      40
1969082106 4 297 1280  960      40
1969082112 4 304 1284  961      40
1969082118 4 309 1291  962      40
1969082200 4 314 1301  966      40
1969082206 4 321 1318  970      35
1969082212 4 330 1334  975      35
1969082218 3 345 1359  980      30
1969082300 3 360 1380  984      25
1969082306 3 375 1400  985      25
1969082312 3 396 1418  985      25
1969082318 9 416 1430  985      25
1969082400 9 433 1438  986      25
1969082406 9 442 1440  990      20
1969082412 9 453 1440  993      15
66666 0000   21 0013 6908 1 6 Doris                              20110729
1969082900 0 100 1265 1008       0
1969082906 0 104 1253 1008       0
1969082912 0 108 1242 1008       0
1969082918 0 114 1230 1008       0
1969083000 0 118 1218 1008       0
1969083006 0 122 1207 1007       0
1969083012 1 128 1195 1005      12
1969083018 1 135 1184 1000      15
1969083100 1 141 1174  996      15
1969083106 2 146 1165  992      20
1969083112 3 154 1154  990      25
1969083118 3 160 1141  985      30
1969090100 4 165 1125  975      35
1969090106 4 166 1114  973      35
1969090112 4 169 1101  973      35
1969090118 3 171 1088  976      30
1969090200 3 173 1076  980      25
1969090206 2 173 1063  985      20
1969090212 1 174 1053  994      15
1969090218 1 173 1040  998      15
1969090300 1 172 1025 1000      15
66666 0000   21 0014 0000 2 6 (nameless)                         20110729
1969090312 0 125 1310 1003       0
1969090318 0 124 1305 1003       0
1969090400 0 123 1300 1003       0
1969090406 0 123 1295 1003       0
1969090412 0 124 1290 1003       0
1969090418 0 125 1285 1003       0
1969090500 0 130 1280 1002      10
1969090506 0 137 1275 1002      10
1969090512 0 143 1269 1002      10
1969090518 1 149 1265 1000      12
1969090600 1 157 1264 1000      12
1969090606 1 165 1263 1000      12
1969090612 1 172 1260 1000      12
1969090618 1 180 1259  998      15
1969090700 1 187 1257  998      15
1969090706 1 196 1256  998      15
1969090712 1 205 1258  998      15
1969090718 1 210 1250  998      15
1969090800 1 205 1241  998      15
1969090806 1 200 1230 1000      15
1969090812 1 196 1220 1000      12
66666 0000   10 0015 0000 2 6 (nameless)                         20110729
1969090400 1 180 1400 1006      12
1969090406 1 178 1390 1004      12
1969090412 1 177 1380 1004      12
1969090418 1 178 1370 1004      12
1969090500 1 179 1359 1004      15
1969090506 1 184 1347 1004      15
1969090512 1 190 1333 1004      15
1969090518 1 197 1320 1004      15
1969090600 1 204 1305 1004      15
1969090606 0 204 1290 1003      10
66666 0000   23 0016 6909 0 6 (nameless)                         20110729
1969090712 1 170 1190  999      15
1969090718 1 176 1194  998      15
1969090800 2 184 1195  996      20
1969090806 2 189 1195  995      20
1969090812 2 194 1195  993      20
1969090818 3 202 1197  991      25
1969090900 3 209 1200  990      25
1969090906 3 215 1201  990      25
1969090912 3 220 1201  991      25
1969090918 2 225 1202  992      20
1969091000 2 229 1203  993      20
1969091006 2 238 1209  994      20
1969091012 1 237 1217  994      15
1969091018 1 236 1221  994      15
1969091100 1 234 1224  994      15
1969091106 1 230 1225  994      15
1969091112 1 225 1223  996      15
1969091118 1 221 1221  996      15
1969091200 1 216 1217  998      15
1969091206 1 210 1211  998      15
1969091212 1 204 1205  998      15
1969091218 1 199 1200  998      15
1969091300 1 196 1196  998      15
66666 0000   11 0017 0000 0 6 (nameless)                         20110729
1969090800 1 135 1113  996      15
1969090806 1 140 1119  998      15
1969090812 1 143 1125  998      15
1969090818 1 146 1129  998      15
1969090900 1 147 1135  998      15
1969090906 1 148 1140  998      12
1969090912 1 150 1149 1000      12
1969090918 1 159 1160 1000      12
1969091000 1 168 1169 1000      12
1969091006 1 174 1180 1000      12
1969091012 1 175 1193 1001      12
66666 0000   30 0018 6910 0 6 (nameless)                         20110729
1969090906 0 120 1430 1006       0
1969090912 0 126 1420 1006       0
1969090918 0 132 1410 1006       0
1969091000 1 135 1403 1006      15
1969091006 1 135 1395 1004      15
1969091012 1 132 1386 1004      15
1969091018 1 130 1373 1004      15
1969091100 1 140 1350 1002      15
1969091106 1 153 1330  998      15
1969091112 1 160 1314  996      15
1969091118 1 169 1299  996      15
1969091200 1 180 1285  996      15
1969091206 1 192 1268  996      15
1969091212 1 196 1259  996      15
1969091218 2 200 1252  994      20
1969091300 2 206 1244  994      20
1969091306 2 213 1234  994      20
1969091312 2 217 1227  992      20
1969091318 2 222 1221  992      20
1969091400 2 228 1212  994      20
1969091406 2 240 1201  996      20
1969091412 1 256 1205  998      15
1969091418 1 277 1219 1000      15
1969091500 9 304 1235 1002      15
1969091506 9 325 1250 1003      15
1969091512 9 344 1262 1004      12
1969091518 9 352 1280 1005      12
1969091600 9 352 1312 1006       0
1969091606 9 351 1342 1006       0
1969091612 9 355 1378 1007       0
66666 0000   15 0019 0000 0 6 (nameless)                         20110729
1969091300 0 190 1558 1010       0
1969091306 0 195 1549 1008       0
1969091312 0 200 1540 1006       0
1969091318 0 207 1531 1004       0
1969091400 1 212 1522 1004      15
1969091406 1 215 1515 1004      15
1969091412 1 219 1508 1004      15
1969091418 1 223 1500 1004      15
1969091500 1 227 1492 1004      15
1969091506 1 231 1484 1006      15
1969091512 1 235 1478 1006      15
1969091518 1 239 1472 1006      15
1969091600 1 244 1468 1006      15
1969091606 1 250 1468 1006      15
1969091612 0 258 1470 1006      10
66666 0000   65 0020 6911 3 6 Elsie                              20110729
1969091600 0 150 1650 1010       0
1969091606 0 152 1650 1008       0
1969091612 0 154 1650 1008       0
1969091618 0 157 1650 1008       0
1969091700 0 160 1650 1008       0
1969091706 0 163 1649 1008       0
1969091712 0 166 1647 1007       0
1969091718 0 168 1644 1005       0
1969091800 0 171 1643 1004       0
1969091806 0 173 1644 1003      10
1969091812 0 175 1644 1001      10
1969091818 1 176 1645  999      12
1969091900 1 177 1645  997      15
1969091906 1 178 1643  994      15
1969091912 2 177 1639  991      20
1969091918 2 174 1636  989      20
1969092000 3 174 1626  985      30
1969092006 4 172 1614  981      35
1969092012 4 167 1604  978      35
1969092018 4 167 1589  973      35
1969092100 4 166 1574  968      40
1969092106 4 165 1558  962      40
1969092112 5 165 1544  956      45
1969092118 5 164 1530  948      50
1969092200 6 165 1515  940      55
1969092206 6 167 1498  931      60
1969092212 6 169 1480  921      60
1969092218 6 174 1464  910      65
1969092300 6 180 1448  900      75
1969092306 6 183 1429  893      80
1969092312 6 187 1413  888      85
1969092318 6 194 1395  888      85
1969092400 6 200 1380  891      85
1969092406 6 206 1364  898      80
1969092412 6 213 1348  900      75
1969092418 6 217 1334  900      75
1969092500 6 222 1321  904      70
1969092506 6 225 1305  904      70
1969092512 6 228 1289  910      65
1969092518 6 233 1275  916      65
1969092600 6 234 1260  922      55
1969092606 6 238 1248  923      55
1969092612 5 239 1230  924      50
1969092618 5 238 1216  931      45
1969092700 4 242 1197  941      40
1969092706 3 246 1185  965      30
1969092712 1 251 1169  990      15
1969092718 0 260 1156  995      10   15
1969092800 0 270 1154 1000      10   15
1969092806 0 281 1158 1002      10   12
1969092812 0 293 1161 1004       9
1969092818 0 305 1165 1006       9
1969092900 9 316 1174 1006       9
1969092906 9 325 1185 1007       9
1969092912 9 338 1196 1007      10   15
1969092918 9 344 1219 1003      20
1969093000 9 340 1242 1003      20
1969093006 9 330 1265 1003      15
1969093012 9 332 1295 1003      10
1969093018 9 350 1328 1002      10
1969100100 9 375 1345 1000      15
1969100106 9 400 1366  998      15
1969100112 9 430 1390  996      20
1969100118 9 460 1410  990      25
1969100200 9 475 1420  982      25
66666 0000   17 0021 0000 0 6 (nameless)                         20110729
1969091800 1 144 1780  998      15
1969091806 1 141 1773 1000      15
1969091812 1 141 1768 1002      15
1969091818 1 140 1763 1003      15
1969091900 1 138 1758 1005      15
1969091906 1 137 1753 1006      15
1969091912 1 141 1747 1006      15
1969091918 0 145 1744 1006       0
1969092000 0 150 1740 1006       0
1969092006 0 150 1735 1006       0
1969092012 0 149 1731 1008       0
1969092018 0 147 1727 1008       0
1969092100 0 144 1723 1008       0
1969092106 0 139 1718 1008       0
1969092112 0 138 1711 1008       0
1969092118 0 143 1702 1008       0
1969092200 0 148 1692 1008       0
66666 0000   52 0022 6912 2 6 Flossie                            20110729
1969092700 0 127 1387 1006       0
1969092706 0 126 1375 1006       0
1969092712 0 125 1366 1006       0
1969092718 0 126 1358 1006       0
1969092800 0 127 1346 1006       0
1969092806 1 128 1339 1006      15
1969092812 1 131 1331 1004      15
1969092818 1 133 1325 1004      15
1969092900 1 135 1320 1003      15
1969092906 1 139 1311 1003      15
1969092912 2 143 1301 1000      20
1969092918 2 150 1292  992      20
1969093000 3 157 1288  985      30
1969093006 4 173 1278  973      35
1969093012 4 183 1264  974      35
1969093018 4 189 1248  975      35
1969100100 4 200 1237  976      35
1969100106 4 203 1227  976      35
1969100112 4 206 1220  972      35
1969100118 4 208 1221  958      40
1969100200 4 217 1218  958      40
1969100206 4 224 1216  967      35
1969100212 4 229 1218  975      35
1969100218 3 233 1223  980      30
1969100300 3 237 1224  980      30
1969100306 3 239 1225  980      30
1969100312 3 241 1227  980      30
1969100318 3 242 1230  983      30
1969100400 3 242 1230  987      25
1969100406 3 242 1233  992      25
1969100412 3 242 1233  994      25
1969100418 3 243 1236  996      25
1969100500 3 245 1242  996      25
1969100506 2 247 1247  998      20
1969100512 2 250 1253  998      20
1969100518 1 253 1260 1000      15
1969100600 1 255 1264 1000      15
1969100606 1 257 1270 1000      15
1969100612 1 258 1275  998      15
1969100618 2 259 1279  994      20
1969100700 2 260 1283  992      20
1969100706 2 261 1286  992      20
1969100712 2 262 1290  992      20
1969100718 2 263 1295  992      20
1969100800 3 264 1299  990      25
1969100806 3 267 1314  988      30
1969100812 4 279 1341  975      35
1969100818 4 296 1360  968      40
1969100900 4 314 1384  979      35
1969100906 9 346 1426  980      35
1969100912 9 379 1475  985      30
1969100918 9 420 1530  990      25
66666 0000   41 0023 0000 1 6 Grace                              20110729
1969092800 0 232 1625 1010       0
1969092806 0 234 1626 1010       0
1969092812 0 236 1627 1010       0
1969092818 0 238 1629 1010       0
1969092900 0 239 1629 1008       0
1969092906 1 240 1631 1005      15
1969092912 1 243 1634 1005      15
1969092918 1 245 1636 1005      15
1969093000 2 253 1639  996      20
1969093006 3 264 1642  985      25
1969093012 3 274 1646  982      30
1969093018 4 273 1660  973      35
1969100100 4 263 1663  960      40
1969100106 4 262 1667  958      40
1969100112 4 265 1666  967      35
1969100118 4 261 1661  968      35
1969100200 4 256 1652  966      40
1969100206 5 249 1640  963      45
1969100212 5 244 1627  961      45
1969100218 5 243 1613  958      45
1969100300 5 236 1597  954      45
1969100306 5 236 1575  949      45
1969100312 5 244 1554  943      45
1969100318 5 245 1537  939      50
1969100400 5 248 1526  937      50
1969100406 5 257 1517  936      50
1969100412 5 262 1508  937      50
1969100418 5 269 1501  939      50
1969100500 5 281 1498  941      45
1969100506 5 293 1504  946      45
1969100512 5 301 1516  951      45
1969100518 5 305 1534  956      45
1969100600 4 315 1550  963      40
1969100606 4 323 1575  971      35
1969100612 3 324 1598  980      30
1969100618 3 338 1615  990      25
1969100700 3 351 1638  995      25
1969100706 3 356 1665  995      25
1969100712 2 363 1692  998      20
1969100718 9 370 1720 1000      15
1969100800 9 380 1770 1000      15
66666 0000    9 0024 0000 0 6 (nameless)                         20110729
1969100312 0 130 1139 1004       0
1969100318 0 134 1132 1004       0
1969100400 0 137 1126 1004       0
1969100406 1 141 1123 1004      12
1969100412 1 145 1124 1004      15
1969100418 1 145 1127 1006      12
1969100500 0 141 1127 1008       0
1969100506 0 137 1122 1008       0
1969100512 0 135 1115 1008       0
66666 0000   34 0025 0000 1 6 Helen                              20110729
1969100512 0 107 1578 1008       0
1969100518 0 108 1571 1008       0
1969100600 0 110 1563 1008       0
1969100606 0 113 1558 1008       0
1969100612 0 116 1552 1008       0
1969100618 0 119 1547 1006       0
1969100700 0 124 1542 1006       0
1969100706 0 128 1538 1006       0
1969100712 1 134 1534 1004      15
1969100718 1 138 1528 1004      15
1969100800 1 143 1521 1004      15
1969100806 1 149 1506 1004      15
1969100812 1 156 1492 1003      15
1969100818 1 163 1480 1001      15
1969100900 1 172 1468  998      15
1969100906 2 181 1457  993      20
1969100912 3 187 1446  987      25
1969100918 4 193 1439  974      35
1969101000 4 198 1430  963      40
1969101006 5 208 1426  956      45
1969101012 5 218 1422  952      45
1969101018 5 228 1417  949      50
1969101100 6 242 1417  941      55
1969101106 6 257 1421  931      65
1969101112 6 275 1437  935      65
1969101118 6 294 1460  942      60
1969101200 5 321 1488  951      50
1969101206 5 343 1518  956      45
1969101212 4 360 1558  961      35
1969101218 4 370 1618  969      35
1969101300 3 372 1665  974      30
1969101306 3 373 1710  979      30
1969101312 3 375 1760  984      25
1969101318 9 380 1800  989      20
66666 0000   44 0026 0000 1 6 Ida                                20110729
1969101400 0 110 1500 1009       0
1969101406 0 111 1495 1007       0
1969101412 0 114 1489 1007       0
1969101418 0 117 1483 1006       0
1969101500 0 122 1477 1006       0
1969101506 0 127 1470 1006       0
1969101512 1 133 1464 1006      15
1969101518 1 138 1458 1006      15
1969101600 1 144 1453 1005      15
1969101606 2 151 1455 1002      20
1969101612 2 156 1452  995      20
1969101618 3 163 1447  988      25
1969101700 4 167 1446  977      35
1969101706 5 173 1447  953      50
1969101712 6 177 1448  930      60
1969101718 6 183 1453  920      70
1969101800 6 189 1457  914      80
1969101806 6 196 1458  918      80
1969101812 6 202 1460  918      80
1969101818 6 207 1464  918      80
1969101900 6 214 1468  922      75
1969101906 6 220 1469  930      70
1969101912 6 226 1473  930      70
1969101918 6 235 1478  931      70
1969102000 6 245 1482  932      70
1969102006 6 252 1485  933      70
1969102012 6 255 1496  935      65
1969102018 6 262 1504  939      65
1969102100 6 273 1516  944      60
1969102106 6 282 1528  946      60
1969102112 6 290 1538  952      55
1969102118 5 300 1553  958      45
1969102200 4 310 1563  968      40
1969102206 3 320 1575  980      30
1969102212 3 330 1585  980      30
1969102218 3 343 1596  980      30
1969102300 3 354 1604  980      30
1969102306 3 370 1620  980      30
1969102312 3 384 1634  980      30
1969102318 3 396 1652  985      25
1969102400 3 410 1690  985      25
1969102406 3 425 1730  985      25
1969102412 2 440 1770  986      20
1969102418 9 450 1790  990      15
66666 0000   48 0027 6913 1 6 June                               20110729
1969102600 0  95 1422 1008       0
1969102606 0  91 1412 1008       0
1969102612 0  90 1400 1006       0
1969102618 0  90 1389 1006       0
1969102700 0  92 1377 1006       0
1969102706 0  94 1364 1004       0
1969102712 0  96 1350 1004       0
1969102718 0  98 1339 1004       0
1969102800 0 102 1328 1004       0
1969102806 1 111 1324 1002      15
1969102812 1 120 1320 1001      15
1969102818 1 118 1313 1001      15
1969102900 2 115 1315 1000      20
1969102906 2 115 1318  997      20
1969102912 3 117 1323  990      25
1969102918 3 118 1328  986      30
1969103000 4 124 1331  982      35
1969103006 4 128 1334  981      35
1969103012 4 132 1340  980      35
1969103018 4 136 1339  975      40
1969103100 4 144 1337  973      40
1969103106 4 149 1335  972      40
1969103112 4 154 1335  972      40
1969103118 4 160 1334  971      40
1969110100 5 166 1334  966      45
1969110106 5 172 1331  963      45
1969110112 5 179 1328  963      45
1969110118 5 188 1325  960      45
1969110200 5 196 1320  948      50
1969110206 6 202 1316  939      60
1969110212 6 205 1315  939      60
1969110218 5 210 1312  950      50
1969110300 5 214 1310  962      45
1969110306 5 219 1310  963      45
1969110312 5 224 1312  963      45
1969110318 5 232 1317  964      45
1969110400 5 239 1325  965      45
1969110406 4 251 1339  968      40
1969110412 4 265 1356  970      40
1969110418 4 280 1378  980      35
1969110500 4 296 1408  980      35
1969110506 4 317 1445  980      35
1969110512 9 345 1505  980       0
1969110518 9 370 1560  980       0
1969110600 9 425 1600  980       0
1969110606 9 460 1655  976       0
1969110612 9 495 1695  972       0
1969110618 9 530 1770  980       0
66666 0000   35 0028 6914 2 6 Kathy                              20110729
1969110200 0  80 1560 1008       0
1969110206 0  77 1548 1007       0
1969110212 1  73 1533 1006      15
1969110218 1  73 1516 1006      15
1969110300 1  78 1502 1004      15
1969110306 1  87 1488 1003      15
1969110312 2  93 1472 1000      20
1969110318 3  95 1456  990      30
1969110400 4 100 1442  969      40
1969110406 4 104 1427  969      40
1969110412 4 108 1414  972      35
1969110418 4 113 1402  975      35
1969110500 4 117 1390  976      35
1969110506 4 125 1378  978      35
1969110512 4 129 1369  982      35
1969110518 4 133 1363  983      35
1969110600 4 134 1353  983      35
1969110606 4 137 1340  978      35
1969110612 4 141 1328  974      35
1969110618 4 145 1316  970      40
1969110700 5 149 1308  955      45
1969110706 5 157 1303  945      50
1969110712 6 170 1300  938      55
1969110718 6 185 1297  930      60
1969110800 6 198 1297  934      55
1969110806 5 216 1303  953      45
1969110812 4 234 1316  972      40
1969110818 3 259 1340  990      30
1969110900 3 284 1367  995      25
1969110906 3 305 1400  995      25
1969110912 3 325 1440  995      25
1969110918 3 340 1480  996      25
1969111000 9 350 1524  998      25
1969111006 9 348 1559 1000      20
1969111012 9 340 1584 1002      20
66666 0000   23 0029 6915 1 6 (nameless)                         20110729
1969112100 1 137 1183 1006      15
1969112106 1 133 1174 1005      15
1969112112 1 131 1165 1005      15
1969112118 1 128 1155 1004      15
1969112200 2 124 1144 1004      20
1969112206 2 117 1136 1004      20
1969112212 2 120 1126 1004      20
1969112218 2 125 1129 1004      20
1969112300 3 120 1133 1002      25
1969112306 3 115 1135 1002      25
1969112312 2 114 1137 1004      20
1969112318 2 113 1138 1004      20
1969112400 2 112 1140 1004      20
1969112406 2 110 1142 1005      20
1969112412 1 105 1141 1006      15
1969112418 1 103 1139 1006      15
1969112500 1 101 1136 1007      15
1969112506 0  98 1133 1007      10
1969112512 0  95 1130 1007      10
1969112518 0  89 1126 1008      10
1969112600 0  85 1124 1008      10
1969112606 0  76 1121 1008      10
1969112612 1  69 1119 1006      12
66666 0000   31 0030 6916 0 6 Lorna                              20110729
1969112312 0  86 1368 1006       0
1969112318 0  87 1355 1004       0
1969112400 1  92 1345 1000      15
1969112406 1  96 1336  995      15
1969112412 1 100 1330  992      15
1969112418 1 104 1325  995      15
1969112500 1 110 1320  996      15
1969112506 2 117 1317  994      20
1969112512 2 122 1312  993      20
1969112518 3 128 1312  989      25
1969112600 3 136 1316  987      30
1969112606 3 141 1317  989      30
1969112612 3 137 1317  993      25
1969112618 3 137 1313  995      25
1969112700 3 139 1308  995      25
1969112706 3 141 1302  995      25
1969112712 3 146 1293  995      25
1969112718 2 149 1302 1000      20
1969112800 2 143 1302 1002      20
1969112806 2 153 1292 1002      20
1969112812 2 162 1284 1002      20
1969112818 2 166 1280 1002      20
1969112900 2 167 1274 1002      20
1969112906 2 166 1269 1002      20
1969112912 2 165 1264 1002      20
1969112918 2 163 1260 1002      20
1969113000 2 160 1256 1002      20
1969113006 2 157 1253 1002      20
1969113012 2 156 1248 1002      20
1969113018 1 156 1241 1005      15
1969120100 1 160 1230 1005      15
66666 0000   15 0031 0000 0 6 (nameless)                         20110729
1969120106 0 120 1380 1008      10
1969120112 0 118 1365 1008      10
1969120118 0 130 1372 1008      10
1969120200 1 140 1375 1008      15
1969120206 1 150 1370 1006      15
1969120212 1 163 1360 1006      15
1969120218 1 160 1355 1006      15
1969120300 1 155 1350 1004      15
1969120306 1 150 1344 1004      15
1969120312 1 152 1359 1006      15
1969120318 0 162 1371 1006      10
1969120400 0 170 1380 1006      10
1969120406 0 174 1394 1006      10
1969120412 0 175 1406 1008       0
1969120418 0 176 1416 1010       0
66666 0000   16 0032 0000 0 6 Marie                              20110729
1969121800 0  94 1455 1002       0
1969121806 1 100 1445 1002      15
1969121812 1 110 1436 1002      15
1969121818 1 120 1430 1002      15
1969121900 1 130 1422 1000      15
1969121906 1 140 1416 1000      15
1969121912 1 153 1411 1000      15
1969121918 1 163 1410  999      15
1969122000 2 171 1415  996      20
1969122006 3 175 1419  994      25
1969122012 3 179 1427  996      25
1969122018 2 185 1440  998      20
1969122100 1 190 1455 1002      15
1969122106 1 193 1470 1006      15
1969122112 0 195 1483 1008       0
1969122118 0 195 1495 1008       0
