66666 0000   12 0001 0000 0 6 Ruby                               20110729
1959022618 2  89 1406 1000      20
1959022700 3  87 1395  998      25
1959022706 3  85 1387  995      25
1959022712 3  84 1378  995      25
1959022718 3  83 1370  995      25
1959022800 3  82 1361  995      25
1959022806 3  87 1348  995      25
1959022812 3  87 1335  997      25
1959022818 2  83 1323  999      20
1959030100 1  77 1312 1002      15
1959030106 1  71 1301 1004      15
1959030112 0  67 1290 1005       0
66666 0000   53 0002 0000 0 6 Sally                              20110729
1959030400 2  64 1646 1000      20
1959030406 3  60 1637  992      30
1959030412 3  62 1630  990      30
1959030418 3  68 1626  992      30
1959030500 3  69 1618  992      30
1959030506 3  68 1610  995      25
1959030512 3  67 1603  996      25
1959030518 3  65 1595  998      25
1959030600 3  64 1588  997      25
1959030606 3  64 1582  994      25
1959030612 3  63 1572  996      25
1959030618 3  62 1561  998      25
1959030700 3  60 1551 1001      25
1959030706 3  58 1543 1003      25
1959030712 3  58 1531 1003      25
1959030718 3  58 1519 1002      25
1959030800 3  59 1507 1002      25
1959030806 3  59 1494 1002      25
1959030812 2  58 1478 1003      20
1959030818 2  57 1463 1003      20
1959030900 2  61 1450 1003      20
1959030906 2  66 1433 1003      20
1959030912 3  67 1421 1000      25
1959030918 3  68 1408 1000      25
1959031000 2  71 1394 1002      20
1959031006 2  72 1384 1002      20
1959031012 2  73 1373 1003      20
1959031018 2  77 1362 1003      20
1959031100 2  82 1354 1003      20
1959031106 2  84 1348 1003      20
1959031112 2  86 1343 1003      20
1959031118 2  88 1338 1003      20
1959031200 2  90 1333 1005      20
1959031206 2  93 1326 1005      20
1959031212 2  94 1318 1005      20
1959031218 2  94 1309 1005      20
1959031300 2  94 1301 1005      20
1959031306 2  94 1293 1007      20
1959031312 1  94 1284 1007      15
1959031318 1  95 1275 1007      15
1959031400 1  96 1265 1007      15
1959031406 1  96 1255 1006      15
1959031412 1  95 1245 1006      15
1959031418 1  90 1235 1006      15
1959031500 1  90 1225 1006      15
1959031506 1  92 1216 1006      15
1959031512 1  98 1203 1006      15
1959031518 1 109 1191 1006      15
1959031600 1 108 1181 1006      15
1959031606 1 104 1174 1006      15
1959031612 1  99 1171 1006      15
1959031618 1  94 1166 1006      12
1959031700 0  89 1162 1006       0
66666 0000   44 0003 0000 3 6 Tilda                              20110729
1959041318 1  46 1486 1004      15
1959041400 2  53 1483 1002      20
1959041406 3  60 1480  994      25
1959041412 3  66 1476  994      25
1959041418 3  69 1472  994      25
1959041500 3  73 1468  992      30
1959041506 4  77 1464  988      35
1959041512 4  82 1460  983      40
1959041518 4  87 1457  977      40
1959041600 5  92 1454  968      45
1959041606 5  97 1448  958      50
1959041612 6  99 1439  951      55
1959041618 6 101 1432  944      65
1959041700 6 104 1425  939      70
1959041706 6 106 1421  935      75
1959041712 6 113 1414  932      75
1959041718 6 119 1407  929      80
1959041800 6 122 1399  928      80
1959041806 6 124 1392  930      80
1959041812 6 127 1384  933      80
1959041818 6 132 1378  935      80
1959041900 6 137 1375  934      80
1959041906 6 144 1372  928      85
1959041912 6 154 1369  932      80
1959041918 6 162 1367  938      75
1959042000 6 168 1366  944      65
1959042006 6 175 1366  951      60
1959042012 6 180 1367  958      55
1959042018 5 184 1369  965      50
1959042100 4 187 1372  976      40
1959042106 4 187 1374  984      35
1959042112 4 185 1375  987      35
1959042118 3 184 1373  990      30
1959042200 3 193 1369  992      30
1959042206 3 206 1371  996      30
1959042212 3 216 1375  996      25
1959042218 3 227 1382  996      25
1959042300 2 244 1396  999      20
1959042306 1 267 1412 1002      15
1959042312 1 290 1435 1002      15
1959042318 1 310 1460 1004      15
1959042400 9 325 1475 1006      15
1959042406 9 340 1490 1006       0
1959042412 9 354 1501 1010       0
66666 0000    9 0004 0000 1 6 Violet                             20110729
1959062706 0 109 1093 1004       0
1959062712 0 113 1098 1003       0
1959062718 0 115 1103 1003       0
1959062800 1 120 1105 1001      12
1959062806 1 123 1104 1002      12
1959062812 0 127 1103 1002      10
1959062818 0 131 1100 1003       0
1959062900 0 132 1095 1003       0
1959062906 0 132 1090 1004       0
66666 0000   11 0005 0000 0 6 Wilda                              20110729
1959070318 0 155 1181 1005      10
1959070400 0 160 1174 1005      10
1959070406 0 167 1169 1003      10
1959070412 1 173 1163 1000      15
1959070418 1 180 1155 1000      15
1959070500 1 189 1149  998      15
1959070506 2 200 1150  997      20
1959070512 3 212 1158  996      25
1959070518 3 224 1161  996      25
1959070600 1 232 1162 1000      15
1959070606 0 243 1165 1000       9   15
66666 0000   46 0006 5901 0 6 Billie                             20110729
1959070812 0  83 1454 1005       0
1959070818 0  83 1444 1005       0
1959070900 0  83 1435 1005       0
1959070906 1  83 1426 1004      15
1959070912 1  83 1418 1004      15
1959070918 1  83 1410 1003      15
1959071000 1  83 1401 1002      15
1959071006 1  84 1391 1002      15
1959071012 1  85 1380 1001      15
1959071018 1  90 1370 1001      15
1959071100 1  97 1360 1000      15
1959071106 1 105 1353 1000      15
1959071112 1 114 1346 1000      15
1959071118 2 122 1336  998      20
1959071200 2 128 1324  998      20
1959071206 2 135 1312  996      20
1959071212 3 140 1301  994      25
1959071218 3 144 1293  992      25
1959071300 3 152 1290  988      30
1959071306 4 161 1289  982      35
1959071312 4 169 1281  981      35
1959071318 4 182 1272  980      35
1959071400 4 193 1264  979      40
1959071406 5 202 1255  975      45
1959071412 5 214 1245  970      45
1959071418 5 226 1243  970      45
1959071500 5 237 1239  970      45
1959071506 5 248 1230  968      45
1959071512 4 253 1220  970      40
1959071518 4 260 1210  978      40
1959071600 4 270 1205  980      35
1959071606 3 279 1204  982      30
1959071612 3 290 1207  987      30
1959071618 3 306 1213  988      30
1959071700 3 333 1223  990      25
1959071706 3 357 1236  990      25
1959071712 3 374 1254  990      25
1959071718 9 400 1279  992      20
1959071800 9 410 1289  994      15
1959071806 9 415 1298  996      15
1959071812 9 417 1320  998       0
1959071818 9 417 1346 1000       0
1959071900 9 418 1367 1004       0
1959071906 9 420 1380 1008       0
1959071912 9 423 1390 1010       0
1959071918 9 428 1398 1010       0
66666 0000   12 0007 0000 0 6 (nameless)                         20110729
1959072800 0 158 1147 1004       9   12
1959072806 0 158 1138 1001       9   15
1959072812 0 160 1130 1000       9   12
1959072818 0 166 1125 1000       9   12
1959072900 1 173 1119 1000      12
1959072906 1 182 1111  998      15
1959072912 0 193 1100 1000      10
1959072918 1 200 1086 1000      12
1959073000 1 205 1073 1000      12
1959073006 1 209 1062 1001      12
1959073012 0 212 1050 1003       0
1959073018 0 215 1038 1003       0
66666 0000   58 0008 5902 1 6 Ellen                              20110729
1959073000 0 208 1475 1008       0
1959073006 0 206 1465 1008       0
1959073012 0 204 1455 1006       0
1959073018 0 200 1445 1005       0
1959073100 0 196 1435 1004       0
1959073106 0 193 1425 1002       0
1959073112 0 186 1416 1002       0
1959073118 0 181 1407 1002       0
1959080100 1 181 1400 1002      15
1959080106 2 181 1393 1000      20
1959080112 2 183 1390 1000      20
1959080118 2 185 1386 1000      20
1959080200 2 187 1383  998      20
1959080206 2 191 1379  995      20
1959080212 2 202 1370  995      20
1959080218 3 216 1361  994      25
1959080300 3 222 1355  994      25
1959080306 4 228 1349  985      35
1959080312 4 236 1338  983      35
1959080318 4 239 1322  981      40
1959080400 4 241 1310  978      40
1959080406 4 243 1301  975      40
1959080412 5 248 1296  974      45
1959080418 5 254 1290  973      45
1959080500 5 263 1287  972      45
1959080506 5 278 1285  972      50
1959080512 5 289 1280  970      50
1959080518 5 290 1272  968      50
1959080600 5 296 1268  967      45
1959080606 5 300 1270  967      45
1959080612 5 304 1273  967      45
1959080618 5 312 1275  966      45
1959080700 4 316 1282  963      40
1959080706 4 312 1287  962      40
1959080712 4 310 1293  964      40
1959080718 4 310 1300  966      40
1959080800 4 315 1315  968      40
1959080806 4 323 1323  970      35
1959080812 4 332 1338  972      35
1959080818 3 341 1352  974      30
1959080900 3 349 1369  977      30
1959080906 3 354 1390  980      25
1959080912 3 357 1407  983      25
1959080918 3 366 1434  986      25
1959081000 9 382 1460  986      25
1959081006 9 390 1470  986       0
1959081012 9 400 1480  990       0
1959081018 9 411 1485  992       0
1959081100 9 418 1495  997       0
1959081106 9 428 1512  997       0
1959081112 9 433 1533  998       0
1959081118 9 440 1564  998       0
1959081200 9 450 1600  998       0
1959081206 9 450 1630  998       0
1959081212 9 445 1661 1000       0
1959081218 9 445 1700 1000       0
1959081300 9 443 1732 1000       0
1959081306 9 444 1785 1000       0
66666 0000   26 0009 0000 0 6 Georgia                            20110729
1959081000 0 150 1530 1006       0
1959081006 0 154 1520 1006       0
1959081012 0 160 1510 1006       0
1959081018 0 170 1500 1004       0
1959081100 0 180 1490 1004       0
1959081106 0 192 1480 1002       0
1959081112 0 202 1472 1002       0
1959081118 1 213 1463 1002      15
1959081200 3 222 1453  995      25
1959081206 4 231 1440  985      35
1959081212 4 245 1428  975      40
1959081218 5 254 1421  965      50
1959081300 6 267 1412  959      55
1959081306 6 286 1403  955      55
1959081312 6 308 1399  960      55
1959081318 5 334 1392  965      50
1959081400 4 368 1381  978      35
1959081406 3 390 1368  980      30
1959081412 3 405 1358  990      25
1959081418 2 420 1350  993      20
1959081500 1 433 1341  994      15
1959081506 0 446 1333  995       0
1959081512 0 458 1322  996       0
1959081518 0 463 1312  998       0
1959081600 0 472 1305  998       0
1959081606 0 486 1285  998       0
66666 0000   26 0010 0000 0 6 Hope                               20110729
1959081318 0 164 1402 1007       0
1959081400 0 164 1391 1007       0
1959081406 0 162 1382 1006       0
1959081412 0 159 1375 1006       0
1959081418 0 155 1366 1006       0
1959081500 0 154 1357 1006       0
1959081506 0 155 1349 1005       0
1959081512 0 159 1342 1005       0
1959081518 0 162 1336 1005       0
1959081600 0 166 1329 1005       0
1959081606 0 167 1320 1002       0
1959081612 0 169 1307 1002       0
1959081618 0 174 1286 1000       0
1959081700 0 178 1262 1000       0
1959081706 0 179 1240 1000       0
1959081712 0 180 1220  999       0
1959081718 0 181 1199  999       0
1959081800 0 182 1185  999       0
1959081806 1 182 1170  997      15
1959081812 1 185 1157  997      15
1959081818 1 188 1145  998      15
1959081900 1 191 1133  998      12
1959081906 0 196 1116 1000      10
1959081912 0 198 1094 1001       9
1959081918 0 201 1079 1001       0
1959082000 0 205 1064 1001       0
66666 0000   10 0011 0000 1 6 (nameless)                         20110729
1959081806 0 135 1105 1000      10
1959081812 1 130 1115 1000      12
1959081818 0 137 1125 1000      10   12
1959081900 0 152 1134 1000       9   15
1959081906 0 157 1125  998       9   15
1959081912 0 159 1113  998       9   15
1959081918 0 163 1105  998       9   15
1959082000 0 167 1094  998       9   12
1959082006 0 170 1080 1000       0
1959082012 0 170 1068 1001       0
66666 0000   19 0012 5903 0 6 Iris                               20110729
1959081818 0 160 1297 1005       0
1959081900 1 160 1290 1004      12
1959081906 1 160 1283 1002      15
1959081912 2 162 1275 1000      20
1959081918 3 163 1268  998      25
1959082000 3 165 1261  996      30
1959082006 3 167 1255  990      30
1959082012 3 170 1249  990      30
1959082018 4 171 1242  988      35
1959082100 4 172 1235  986      40
1959082106 4 178 1233  978      40
1959082112 5 188 1228  977      45
1959082118 5 197 1220  977      45
1959082200 5 204 1209  976      45
1959082206 5 214 1201  965      50
1959082212 5 226 1195  965      50
1959082218 4 240 1182  975      40
1959082300 1 250 1166  994      12   20
1959082306 0 261 1131  998      10
66666 0000   15 0013 0000 0 6 Kate                               20110729
1959082400 0 100 1323 1008       0
1959082406 1 105 1307 1008      15
1959082412 1 113 1299 1008      15
1959082418 1 122 1294 1006      15
1959082500 1 130 1290 1006      15
1959082506 1 135 1282 1006      15
1959082512 1 139 1273 1004      15
1959082518 1 142 1266 1004      15
1959082600 1 143 1256 1004      15
1959082606 2 145 1247 1000      20
1959082612 2 147 1243 1000      20
1959082618 2 148 1238 1000      20
1959082700 2 152 1234 1002      20
1959082706 2 164 1235 1002      20
1959082712 1 171 1241 1004      15
66666 0000   30 0014 5904 0 6 Joan                               20110729
1959082406 0 160 1467 1005       0
1959082412 0 160 1460 1003       0
1959082418 1 160 1452 1003      15
1959082500 2 159 1442 1000      20
1959082506 2 159 1432  999      20
1959082512 3 159 1421  997      25
1959082518 3 158 1408  994      25
1959082600 4 156 1399  987      35
1959082606 4 155 1391  982      40
1959082612 5 158 1382  978      45
1959082618 5 163 1373  974      50
1959082700 5 166 1359  969      50
1959082706 5 166 1344  963      50
1959082712 6 172 1332  948      60
1959082718 6 178 1319  930      65
1959082800 6 187 1306  912      75
1959082806 6 191 1292  902      85
1959082812 6 204 1282  895      90
1959082818 6 210 1264  888      95
1959082900 6 214 1247  885     100
1959082906 6 223 1234  898     100
1959082912 6 230 1217  920      80
1959082918 6 235 1201  950      65
1959083000 5 243 1194  960      50
1959083006 4 250 1189  970      35
1959083012 1 258 1176  976      15   25
1959083018 0 267 1172  977      10   25
1959083100 0 272 1170  982      10   25
1959083106 0 279 1166  990      10   20
1959083112 0 287 1172  992      10   20
66666 0000   10 0014 5904 0 6 Joan(-)1                           20110729
1959083112 1 300 1192  992      15
1959083118 9 321 1207  994      15
1959090100 9 335 1230  995      15
1959090106 9 350 1255  996      20
1959090112 9 357 1284 1000      20
1959090118 9 367 1314 1000      15
1959090200 9 375 1355 1000       0
1959090206 9 365 1375 1000       0
1959090212 9 355 1395 1001       0
1959090218 9 348 1404 1004       0
66666 0000   39 0015 5905 3 6 Louise                             20110729
1959082906 0 116 1476 1007       0
1959082912 0 129 1451 1007       0
1959082918 0 138 1430 1007       0
1959083000 0 144 1412 1007       0
1959083006 0 146 1399 1007       0
1959083012 0 145 1386 1005       0
1959083018 0 144 1374 1003       0
1959083100 0 143 1363 1002       0
1959083106 1 143 1351 1000      15
1959083112 2 146 1337  998      20
1959083118 3 149 1325  995      25
1959090100 3 150 1313  993      25
1959090106 3 151 1301  991      30
1959090112 4 156 1286  989      35
1959090118 4 163 1275  987      35
1959090200 4 168 1264  985      40
1959090206 5 176 1256  978      45
1959090212 5 191 1246  972      50
1959090218 5 202 1239  969      50
1959090300 6 214 1233  965      55
1959090306 6 225 1223  964      60
1959090312 6 239 1216  964      60
1959090318 4 247 1209  987      40
1959090400 4 252 1206  988      40
1959090406 4 259 1200  990      35
1959090412 3 266 1197  994      25
1959090418 2 270 1198  996      20
1959090500 2 273 1201  997      20
1959090506 2 278 1205  997      20
1959090512 2 290 1212  997      20
1959090518 2 307 1214  997      20
1959090600 2 318 1216  995      20
1959090606 2 328 1218  995      20
1959090612 2 340 1221  995      20
1959090618 2 359 1224  995      20
1959090700 2 372 1230  994      20
1959090706 9 389 1246  995      15
1959090712 9 416 1253  998      10   15
1959090718 9 430 1235  999       0
66666 0000    8 0016 0000 0 6 Marge                              20110729
1959090118 0 173 1120 1003       0
1959090200 1 180 1125 1002      12
1959090206 1 186 1130 1000      12
1959090212 0 197 1128 1000      10
1959090218 0 205 1120 1003      10
1959090300 0 210 1107 1003      10
1959090306 0 212 1096 1003      10
1959090312 0 212 1086 1003      10
66666 0000   12 0017 5906 0 6 Nora                               20110729
1959090506 1 126 1319 1000      15
1959090512 1 134 1311 1002      15
1959090518 1 139 1305 1003      15
1959090600 1 144 1299 1004      15
1959090606 1 149 1293 1003      15
1959090612 1 154 1281 1002      15
1959090618 2 159 1268 1000      20
1959090700 2 165 1255 1000      20
1959090706 2 174 1245 1001      20
1959090712 1 182 1240 1002      15
1959090718 0 191 1237 1004       9
1959090800 0 198 1237 1007       9
66666 0000   27 0017 5906 0 6 Nora(-)1                           20110729
1959090718 0 180 1199 1005      10
1959090800 0 180 1191 1003      10
1959090806 0 182 1180 1003      10
1959090812 1 184 1170 1002      12
1959090818 1 187 1160 1000      12
1959090900 1 191 1151 1000      15
1959090906 2 196 1149  998      20
1959090912 3 200 1148  996      25
1959090918 3 205 1147  995      25
1959091000 3 210 1147  990      30
1959091006 3 215 1149  985      30
1959091012 3 220 1150  985      30
1959091018 3 227 1152  985      30
1959091100 2 233 1155  995      20
1959091106 1 243 1167  995      15   20
1959091112 0 256 1179  998       9   20
1959091118 0 266 1190 1000       9   15
1959091200 1 278 1202 1002      15
1959091206 1 295 1216 1000      15
1959091212 9 305 1224 1000      15
1959091218 9 315 1242 1000      15
1959091300 9 325 1260 1002      10
1959091306 9 336 1280 1002      10
1959091312 9 345 1305 1004       0
1959091318 9 350 1325 1004       0
1959091400 9 364 1340 1006       0
1959091406 9 363 1350 1007       0
66666 0000   21 0018 0000 2 6 Patsy                              20110729
1959090600 2 187 1813 1000      20
1959090606 3 197 1809  995      25
1959090612 4 208 1810  980      40
1959090618 6 221 1814  968      55
1959090700 6 230 1819  965      60
1959090706 6 242 1817  965      60
1959090712 6 254 1810  965      60
1959090718 6 263 1801  965      60
1959090800 6 270 1791  965      60
1959090806 6 273 1787  965      60
1959090812 6 276 1783  965      60
1959090818 6 280 1780  965      60
1959090900 5 286 1782  968      50
1959090906 5 292 1789  970      45
1959090912 5 300 1796  970      45
1959090918 4 310 1802  975      40
1959091000 4 320 1808  980      35
1959091006 4 330 1811  980      35
1959091012 4 341 1812  980      35
1959091018 3 352 1811  985      30
1959091100 3 373 1798  990      25
66666 0000   37 0019 5907 3 6 Sarah                              20110729
1959091012 0 136 1483 1008       0
1959091018 0 136 1474 1008       0
1959091100 0 136 1464 1008       0
1959091106 0 136 1454 1003      10
1959091112 1 136 1444 1001      15
1959091118 2 135 1430  996      20
1959091200 3 134 1416  988      25
1959091206 3 138 1403  984      30
1959091212 4 147 1388  977      35
1959091218 5 156 1373  968      45
1959091300 5 163 1357  962      50
1959091306 6 172 1341  958      60
1959091312 6 184 1324  951      65
1959091318 6 191 1310  944      70
1959091400 6 197 1297  937      70
1959091406 6 203 1287  924      75
1959091412 6 211 1277  915      80
1959091418 6 217 1271  910      85
1959091500 6 229 1265  905      85
1959091506 6 239 1256  905      85
1959091512 6 250 1251  905      85
1959091518 6 260 1250  905      85
1959091600 6 272 1249  922      75
1959091606 6 285 1251  936      70
1959091612 6 301 1258  937      70
1959091618 6 320 1266  942      70
1959091700 6 340 1280  948      65
1959091706 6 360 1298  958      55
1959091712 5 384 1321  967      45
1959091718 4 407 1350  970      40
1959091800 4 427 1375  970      35
1959091806 4 441 1395  970      35
1959091812 3 454 1410  974      30
1959091818 9 467 1428  977      30
1959091900 9 480 1444  980       0
1959091906 9 491 1455  983       0
1959091912 9 500 1450  984       0
66666 0000   17 0020 0000 0 6 Thelma                             20110729
1959091806 0 112 1426 1004       0
1959091812 0 112 1419 1004       0
1959091818 1 113 1412 1003      15
1959091900 1 120 1400 1003      15
1959091906 1 127 1388 1002      15
1959091912 1 131 1375 1004      15
1959091918 0 134 1367 1006       0
1959092000 0 140 1362 1006       0
1959092006 0 147 1361 1006       0
1959092012 0 156 1360 1007       0
1959092018 0 160 1355 1007       0
1959092100 0 159 1342 1007       0
1959092106 0 152 1330 1007       0
1959092112 0 146 1320 1006       0
1959092118 0 140 1307 1006       0
1959092200 0 136 1298 1006       0
1959092206 0 130 1286 1004       0
66666 0000   33 0021 5908 1 6 Vera                               20110729
1959092106 1 140 1508 1006      15
1959092112 2 148 1500 1000      20
1959092118 2 155 1494 1000      20
1959092200 3 163 1483  996      25
1959092206 4 169 1469  970      35
1959092212 5 171 1459  956      50
1959092218 6 173 1449  936      65
1959092300 6 183 1438  905      80
1959092306 6 190 1429  894      90
1959092312 6 197 1418  900      90
1959092318 6 202 1409  902      85
1959092400 6 208 1399  907      85
1959092406 6 215 1392  912      80
1959092412 6 223 1383  910      80
1959092418 6 233 1376  905      80
1959092500 6 241 1367  903      80
1959092506 6 248 1358  905      80
1959092512 6 261 1346  912      80
1959092518 6 281 1345  920      75
1959092600 6 300 1347  925      70
1959092606 6 322 1352  926      70
1959092612 6 350 1363  940      55
1959092618 4 389 1389  960      40
1959092700 3 409 1425  982      30
1959092706 9 422 1460  982      30
1959092712 9 430 1500  982      25
1959092718 9 430 1540  990       0
1959092800 9 425 1584  992       0
1959092806 9 419 1620  992       0
1959092812 9 410 1660  992       0
1959092818 9 385 1723  992       0
1959092900 9 366 1755  994       0
1959092906 9 360 1785  994       0
66666 0000   26 0022 5909 0 6 Amy                                20110729
1959100100 1  95 1368 1003      15
1959100106 1  96 1350 1003      15
1959100112 1  98 1332 1002      15
1959100118 1 100 1314 1002      15
1959100200 1 102 1297 1002      15
1959100206 1 115 1275 1002      15
1959100212 1 130 1260 1001      15
1959100218 1 148 1248 1001      15
1959100300 1 162 1240 1001      15
1959100306 2 172 1238  999      20
1959100312 2 175 1240  998      20
1959100318 2 176 1244  998      20
1959100400 2 177 1247  998      20
1959100406 2 177 1250  998      20
1959100412 3 184 1254  997      25
1959100418 3 191 1258  995      30
1959100500 4 199 1260  989      35
1959100506 4 211 1265  988      35
1959100512 4 222 1267  987      35
1959100518 4 237 1269  986      35
1959100600 4 258 1279  984      40
1959100606 5 280 1288  977      45
1959100612 4 302 1302  985      35
1959100618 3 323 1322  990      30
1959100700 9 338 1339  996      20
1959100706 9 350 1367 1000      15
66666 0000    9 0023 0000 0 6 (nameless)                         20110729
1959100200 0 163 1200 1005       0
1959100206 1 162 1192 1002      12
1959100212 1 157 1187 1002      12
1959100218 1 150 1185 1002      12
1959100300 1 150 1194 1002      12
1959100306 1 156 1194 1000      12
1959100312 1 155 1188 1000      12
1959100318 1 150 1181 1000      12
1959100400 0 140 1176 1001       0
66666 0000   25 0024 0000 0 6 Babs                               20110729
1959100418 1 147 1176 1002      12
1959100500 1 145 1190 1002      12
1959100506 1 150 1188 1001      15
1959100512 1 144 1187 1001      15
1959100518 1 143 1193 1001      12
1959100600 1 145 1196 1001      12
1959100606 1 151 1201 1000      12
1959100612 1 157 1204 1003      12
1959100618 1 163 1196 1003      12
1959100700 1 169 1188 1003      12
1959100706 1 179 1181 1003      12
1959100712 1 185 1178 1004      15
1959100718 1 190 1178 1004      15
1959100800 2 196 1179 1000      20
1959100806 3 201 1182  998      25
1959100812 3 206 1187  998      25
1959100818 3 210 1193  998      25
1959100900 3 212 1200 1000      25
1959100906 2 215 1206 1002      20
1959100912 1 220 1218 1004      15
1959100918 1 224 1230 1004      12
1959101000 0 229 1242 1004      10
1959101006 9 236 1258 1004      10
1959101012 9 240 1268 1006       0
1959101018 9 244 1282 1006       0
66666 0000   51 0025 5910 0 6 Charlotte                          20110729
1959100718 0  90 1428 1008       0
1959100800 0  92 1416 1008       0
1959100806 0  94 1405 1008       0
1959100812 0  96 1394 1008       0
1959100818 0  98 1385 1008       0
1959100900 1 103 1375 1008      15
1959100906 2 108 1367 1006      20
1959100912 2 112 1361 1004      20
1959100918 2 116 1354 1002      20
1959101000 2 124 1347 1001      20
1959101006 3 130 1343 1000      25
1959101012 3 134 1336  997      30
1959101018 4 138 1329  993      35
1959101100 4 142 1320  989      40
1959101106 4 146 1314  983      40
1959101112 5 148 1306  979      45
1959101118 5 151 1298  976      50
1959101200 5 157 1291  976      50
1959101206 6 162 1283  964      60
1959101212 6 167 1275  951      70
1959101218 6 171 1266  939      75
1959101300 6 177 1260  922      80
1959101306 6 182 1255  909      90
1959101312 6 186 1253  905      90
1959101318 6 190 1251  908      90
1959101400 6 196 1249  912      90
1959101406 6 201 1247  913      90
1959101412 6 208 1244  919      85
1959101418 6 213 1242  925      80
1959101500 6 217 1243  929      75
1959101506 6 223 1246  937      65
1959101512 6 229 1251  940      60
1959101518 6 238 1257  948      55
1959101600 5 245 1264  957      50
1959101606 5 251 1272  961      50
1959101612 5 256 1281  962      50
1959101618 5 261 1288  962      50
1959101700 5 266 1293  965      50
1959101706 5 271 1300  965      50
1959101712 5 275 1309  973      45
1959101718 5 279 1314  975      45
1959101800 5 286 1324  975      45
1959101806 5 299 1338  975      45
1959101812 9 316 1359  980      40
1959101818 9 334 1393  990      30
1959101900 9 340 1420  990      25
1959101906 9 347 1460  992      25
1959101912 9 349 1500  998      20
1959101918 9 353 1560 1000      15
1959102000 9 358 1610 1000      15
1959102006 9 358 1650 1000       0
66666 0000   45 0026 5911 1 6 Dinah                              20110729
1959101218 1  70 1680 1008      15
1959101300 1  71 1662 1008      15
1959101306 1  75 1645 1006      15
1959101312 1  80 1630 1006      15
1959101318 1  85 1615 1006      15
1959101400 1  87 1600 1006      15
1959101406 1  90 1585 1004      15
1959101412 1  93 1570 1004      15
1959101418 2  95 1555 1004      20
1959101500 3  98 1541 1000      25
1959101506 3 100 1528  995      30
1959101512 4 101 1513  989      35
1959101518 4 101 1496  983      40
1959101600 5 105 1477  979      45
1959101606 6 110 1457  969      55
1959101612 6 117 1440  958      65
1959101618 6 124 1419  948      75
1959101700 6 129 1403  942      75
1959101706 6 134 1388  939      80
1959101712 6 137 1372  939      80
1959101718 6 141 1362  941      75
1959101800 6 146 1356  943      75
1959101806 6 153 1352  944      75
1959101812 6 161 1349  943      75
1959101818 6 168 1346  942      75
1959101900 6 178 1346  944      75
1959101906 6 187 1349  940      75
1959101912 6 198 1350  931      85
1959101918 6 208 1351  923      90
1959102000 6 221 1353  916     100
1959102006 6 236 1353  915     100
1959102012 6 254 1354  921      90
1959102018 6 271 1362  927      85
1959102100 6 287 1379  935      75
1959102106 6 311 1392  950      60
1959102112 5 332 1417  960      50
1959102118 9 351 1445  970      40
1959102200 9 370 1478  980      30
1959102206 9 377 1520  980       0
1959102212 9 389 1561  980       0
1959102218 9 400 1600  980       0
1959102300 9 410 1650  974       0
1959102306 9 420 1695  972       0
1959102312 9 428 1740  972       0
1959102318 9 435 1783  972       0
66666 0000   11 0027 0000 0 6 (nameless)                         20110729
1959102512 0 177 1438 1008       0
1959102518 0 200 1443 1008       0
1959102600 0 225 1451 1005       0
1959102606 1 242 1462 1003      15
1959102612 1 253 1472 1003      15
1959102618 0 259 1479 1004       0
1959102700 9 265 1485 1004       0
1959102706 9 268 1494 1006       0
1959102712 9 269 1504 1006       0
1959102718 9 269 1517 1008       0
1959102800 9 270 1530 1008       0
66666 0000   59 0028 5912 0 6 Emma                               20110729
1959110100 0  60 1670 1002       0
1959110106 0  63 1660 1002       0
1959110112 0  65 1650 1002       0
1959110118 0  67 1640 1002       0
1959110200 0  69 1632 1002       0
1959110206 0  74 1624 1002       0
1959110212 0  78 1618 1002       0
1959110218 0  83 1610 1002       0
1959110300 0  87 1602 1002       0
1959110306 0  92 1590 1002       0
1959110312 0  97 1574 1003       0
1959110318 0 101 1556 1004       0
1959110400 0 107 1541 1005       0
1959110406 0 109 1529 1005       0
1959110412 0 110 1514 1005       0
1959110418 1 112 1497 1005      15
1959110500 1 115 1485 1004      15
1959110506 1 118 1478 1001      15
1959110512 1 120 1471  998      15
1959110518 1 125 1465  996      15
1959110600 1 127 1458  993      15
1959110606 1 128 1448  992      15
1959110612 2 128 1430  991      20
1959110618 3 129 1418  992      25
1959110700 3 132 1410  993      25
1959110706 3 138 1400  996      25
1959110712 3 140 1390  997      25
1959110718 3 141 1382  998      25
1959110800 3 144 1378  997      25
1959110806 3 149 1376  997      25
1959110812 3 152 1366  997      25
1959110818 3 153 1352  996      25
1959110900 3 154 1338  995      25
1959110906 3 155 1325  993      30
1959110912 3 157 1312  990      30
1959110918 4 157 1301  987      35
1959111000 4 158 1292  981      40
1959111006 4 162 1283  980      40
1959111012 5 167 1274  975      45
1959111018 5 174 1264  969      50
1959111100 6 181 1253  967      55
1959111106 6 191 1250  966      60
1959111112 6 201 1249  964      60
1959111118 6 211 1246  962      60
1959111200 6 222 1241  958      60
1959111206 6 234 1250  962      55
1959111212 5 246 1264  965      50
1959111218 5 260 1280  969      45
1959111300 4 268 1304  971      40
1959111306 9 276 1336  981      35
1959111312 9 288 1366  991      30
1959111318 9 299 1398  993      30
1959111400 9 303 1430  996      25
1959111406 9 304 1466  998      20
1959111412 9 307 1513 1000      15
1959111418 9 310 1572 1000      15
1959111500 9 310 1620 1002      15
1959111506 9 310 1660 1004       0
1959111512 9 310 1690 1010       0
66666 0000   53 0029 0000 0 6 (nameless)                         20110729
1959110300 0 132 1403 1003       0
1959110306 0 127 1390 1003       0
1959110312 0 125 1375 1006       0
1959110318 0 124 1358 1006       0
1959110400 0 123 1339 1006       0
1959110406 0 123 1316 1005       0
1959110412 0 123 1298 1004       0
1959110418 0 129 1283 1004       0
1959110500 0 138 1272 1004       0
1959110506 0 144 1264 1004       0
1959110512 0 154 1256 1004       0
1959110518 0 157 1247 1004       0
1959110600 0 156 1235 1004       0
1959110606 0 148 1229 1004       0
1959110612 0 139 1223 1005       0
1959110618 0 130 1216 1005       0
1959110700 0 124 1210 1005       0
1959110706 0 120 1200 1005       0
1959110712 0 121 1193 1006       0
1959110718 0 123 1187 1007       0
1959110800 0 125 1182 1007       9   12
1959110806 0 127 1176 1005       9   12
1959110812 0 127 1170 1005       9   12
1959110818 1 127 1166 1005      12
1959110900 1 127 1162 1005      12   15
1959110906 1 126 1158 1003      15
1959110912 1 122 1156 1003      15
1959110918 1 118 1156 1003      15
1959111000 1 116 1158 1002      15
1959111006 1 116 1163 1000      15
1959111012 2 116 1169 1000      20
1959111018 2 116 1174 1000      20
1959111100 2 116 1180 1000      20
1959111106 2 117 1188 1000      20
1959111112 2 120 1196 1000      20
1959111118 2 131 1201 1000      20
1959111200 1 141 1199 1000      15
1959111206 1 142 1188 1000      15
1959111212 1 147 1183 1000      15
1959111218 1 152 1184 1000      15
1959111300 2 157 1188 1000      20
1959111306 3 161 1190  998      25
1959111312 3 165 1187  998      25
1959111318 3 162 1178 1000      25
1959111400 2 155 1171 1000      20
1959111406 2 149 1164 1002      20
1959111412 2 146 1158 1002      20
1959111418 2 143 1150 1002      20
1959111500 1 140 1140 1003      15
1959111506 1 137 1133 1004      15
1959111512 1 134 1126 1004      15
1959111518 1 132 1120 1004      12
1959111600 1 130 1113 1006      12
66666 0000   33 0030 5913 0 6 Freda                              20110729
1959111300 3  77 1372  998      25
1959111306 3  90 1360  998      25
1959111312 3  96 1345  993      30
1959111318 4  97 1332  990      35
1959111400 4  98 1323  987      35
1959111406 4  99 1314  981      40
1959111412 4 101 1306  977      40
1959111418 5 106 1295  974      45
1959111500 5 113 1283  973      50
1959111506 5 117 1275  969      50
1959111512 6 122 1266  950      65
1959111518 6 128 1257  940      65
1959111600 6 135 1248  945      65
1959111606 6 139 1239  948      65
1959111612 6 146 1230  952      60
1959111618 6 155 1223  959      55
1959111700 5 164 1219  968      50
1959111706 5 176 1219  975      45
1959111712 4 185 1213  981      40
1959111718 4 193 1205  988      35
1959111800 3 203 1204  991      30
1959111806 3 216 1207  992      30
1959111812 3 228 1214  993      30
1959111818 3 240 1226  994      30
1959111900 3 252 1242  994      25
1959111906 9 263 1270  997      25
1959111912 9 273 1300  998      25
1959111918 9 284 1344 1000      20
1959112000 9 291 1386 1002      20
1959112006 9 300 1430 1002      15
1959112012 9 300 1490 1002      15
1959112018 9 300 1533 1004      15
1959112100 9 300 1580 1008       0
66666 0000   39 0031 5914 1 6 Gilda                              20110729
1959121118 1  63 1467 1004      15
1959121200 1  68 1461 1004      15
1959121206 1  71 1453 1003      15
1959121212 1  73 1446 1002      15
1959121218 1  75 1439 1001      15
1959121300 2  76 1432 1000      20
1959121306 3  76 1426  996      25
1959121312 3  75 1419  991      30
1959121318 4  74 1412  987      35
1959121400 4  74 1404  982      40
1959121406 5  75 1395  973      45
1959121412 5  78 1387  962      50
1959121418 6  81 1376  949      60
1959121500 6  84 1366  937      70
1959121506 6  84 1359  937      70
1959121512 6  86 1349  937      75
1959121518 6  88 1336  934      75
1959121600 6  95 1325  930      75
1959121606 6 100 1313  915      85
1959121612 6 105 1301  915      85
1959121618 6 112 1294  922      85
1959121700 6 114 1285  928      85
1959121706 6 115 1279  934      80
1959121712 6 117 1273  935      80
1959121718 6 119 1267  936      80
1959121800 6 122 1257  938      80
1959121806 6 121 1247  951      70
1959121812 6 121 1236  962      60
1959121818 5 122 1225  974      50
1959121900 4 123 1212  984      40
1959121906 4 125 1201  984      40
1959121912 4 126 1191  984      40
1959121918 4 127 1180  984      40
1959122000 4 126 1167  984      40
1959122006 4 126 1155  987      35
1959122012 4 125 1143  989      35
1959122018 4 120 1130  991      35
1959122100 3 115 1116  993      30
1959122106 3 112 1103  995      30
66666 0000   52 0032 0000 0 6 Harriet                            20110729
1959122200 2  51 1522 1002      20
1959122206 2  45 1524 1000      20
1959122212 2  41 1527  999      20
1959122218 2  37 1530  997      20
1959122300 2  34 1533  995      20
1959122306 2  32 1535  994      20
1959122312 3  32 1535  994      25
1959122318 3  32 1535  994      25
1959122400 3  29 1537  994      30
1959122406 3  35 1534  992      30
1959122412 3  39 1529  991      30
1959122418 4  43 1524  989      35
1959122500 4  47 1518  987      40
1959122506 5  53 1509  981      45
1959122512 5  59 1499  980      45
1959122518 5  66 1489  978      45
1959122600 5  74 1482  977      45
1959122606 5  83 1473  977      45
1959122612 5  92 1462  975      50
1959122618 5 102 1446  973      50
1959122700 5 105 1428  980      45
1959122706 5 112 1412  980      45
1959122712 5 119 1395  970      50
1959122718 6 124 1381  960      55
1959122800 6 129 1366  951      60
1959122806 6 133 1349  934      75
1959122812 6 136 1338  933      75
1959122818 6 141 1326  940      75
1959122900 6 146 1308  950      75
1959122906 6 145 1298  945      75
1959122912 6 146 1290  941      75
1959122918 6 146 1283  943      75
1959123000 6 142 1277  947      75
1959123006 6 140 1270  951      65
1959123012 6 138 1261  952      65
1959123018 6 137 1250  954      60
1959123100 6 138 1241  955      60
1959123106 6 137 1233  955      60
1959123112 6 137 1225  960      55
1959123118 5 134 1217  970      50
1960010100 4 129 1210  985      35
1960010106 3 122 1200 1000      25
1960010112 3 116 1193 1002      25
1960010118 1 111 1184 1004      15
1960010200 2 104 1174 1006      20
1960010206 1  96 1167 1008      15
1960010212 0  88 1160 1008       0
1960010218 0  81 1151 1008       0
1960010300 0  80 1140 1008       0
1960010306 0  80 1130 1006       0
1960010312 0  80 1120 1006       0
1960010318 0  80 1110 1006       0
