66666 0000    9 0001 0000 0 6 (nameless)                         20110729
1965011500 0 100 1305 1008       0
1965011506 0  95 1299 1008       0
1965011512 0  90 1290 1006       0
1965011518 0  90 1280 1006       0
1965011600 1  90 1270 1006      12
1965011606 1  91 1260 1003      15
1965011612 0  95 1248 1006       0
1965011618 0  95 1240 1006       0
1965011700 0  93 1230 1006       0
66666 0000   37 0002 6501 0 6 Patsy                              20110729
1965011700 0 120 1260 1007       0
1965011706 0 115 1265 1005       0
1965011712 0 110 1270 1005       0
1965011718 0 116 1275 1005       0
1965011800 0 120 1265 1005       0
1965011806 0 110 1260 1005       0
1965011812 0 102 1265 1004       0
1965011818 0 103 1275 1004       0
1965011900 0 115 1278 1004       0
1965011906 1 127 1277 1002      15
1965011912 2 138 1280  999      20
1965011918 2 143 1287  996      20
1965012000 3 150 1293  994      25
1965012006 3 154 1293  989      30
1965012012 4 160 1294  991      35
1965012018 4 168 1294  992      35
1965012100 4 171 1293  992      35
1965012106 4 170 1288  992      35
1965012112 3 168 1282  996      30
1965012118 3 164 1275  999      25
1965012200 3 160 1265 1001      25
1965012206 3 158 1253 1000      25
1965012212 3 154 1246  999      25
1965012218 2 149 1240  998      20
1965012300 2 146 1234  997      20
1965012306 1 145 1227 1004      15
1965012312 0 145 1220 1005      10
1965012318 0 143 1210 1006       0
1965012400 0 138 1200 1007       0
1965012406 0 135 1194 1007       0
1965012412 0 134 1186 1008       0
1965012418 0 132 1178 1008       0
1965012500 0 129 1170 1008       0
1965012506 0 125 1165 1008       0
1965012512 0 121 1160 1010       0
1965012518 0 115 1155 1010       0
1965012600 0 110 1150 1010       0
66666 0000   24 0003 6502 1 6 Ruth                               20110729
1965012018 0  70 1505 1004       0
1965012100 0  75 1487 1004       0
1965012106 0  85 1470 1002       0
1965012112 0  95 1455 1002       0
1965012118 0 107 1440 1002       0
1965012200 1 118 1425 1002      15
1965012206 2 124 1409  998      20
1965012212 2 124 1396  998      20
1965012218 2 124 1383  997      20
1965012300 2 132 1376  996      20
1965012306 2 142 1383  995      20
1965012312 2 160 1390  996      20
1965012318 2 175 1398  996      20
1965012400 3 186 1407  994      30
1965012406 3 193 1423  994      30
1965012412 3 199 1439  996      25
1965012418 3 207 1460  996      25
1965012500 3 224 1484  996      25
1965012506 3 235 1525  996      25
1965012512 2 248 1565  998      20
1965012518 2 260 1610  998      20
1965012600 1 272 1670 1004      15
1965012606 9 290 1710 1004       0
1965012612 9 300 1750 1006       0
66666 0000   10 0004 0000 0 6 (nameless)                         20110729
1965012400 0 150 1370 1002       0
1965012406 1 149 1380 1003      12
1965012412 1 145 1385 1004      12
1965012418 0 140 1389 1004       0
1965012500 0 134 1387 1006       0
1965012506 0 130 1380 1006       0
1965012512 0 128 1371 1006       0
1965012518 0 128 1361 1006       0
1965012600 0 130 1350 1006       0
1965012606 0 130 1340 1006       0
66666 0000   11 0005 0000 0 6 Sarah                              20110729
1965021500 1  68 1093 1008      15
1965021506 1  69 1085 1007      15
1965021512 1  70 1075 1006      15
1965021518 1  74 1064 1004      15
1965021600 2  77 1054 1002      20
1965021606 2  84 1044 1002      20
1965021612 2  87 1035 1002      20
1965021618 2  87 1031 1003      20
1965021700 1  88 1027 1003      15
1965021706 1  90 1023 1003      15
1965021712 1  95 1017 1003      15
66666 0000   19 0006 0000 0 6 Thelma                             20110729
1965021506 0  85 1395 1006       0
1965021512 0  77 1388 1006       0
1965021518 0  70 1380 1005       0
1965021600 0  66 1374 1005       0
1965021606 0  62 1368 1005       0
1965021612 0  62 1362 1005       0
1965021618 0  62 1355 1005       0
1965021700 0  61 1350 1004       0
1965021706 0  61 1346 1004       0
1965021712 0  60 1341 1004       0
1965021718 0  63 1336 1002       0
1965021800 1  67 1332 1002      15
1965021806 1  72 1327 1002      15
1965021812 1  78 1320 1002      15
1965021818 1  79 1312 1002      15
1965021900 1  80 1306 1000      15
1965021906 1  82 1302 1000      15
1965021912 0  86 1300 1004       0
1965021918 0  90 1300 1004       0
66666 0000    5 0007 0000 0 6 Vera                               20110729
1965030606 1 107 1295 1008      15
1965030612 1 109 1284 1006      15
1965030618 2 112 1275 1004      20
1965030700 1 117 1265 1004      15
1965030706 1 111 1244 1005      12
66666 0000   24 0008 0000 0 6 Wanda                              20110729
1965041100 0  60 1581 1009       0
1965041106 0  70 1571 1007       0
1965041112 0  80 1557 1006       0
1965041118 0  84 1539 1004       0
1965041200 1  84 1524 1004      15
1965041206 2  78 1510 1002      20
1965041212 2  76 1495 1002      20
1965041218 2  74 1482 1002      20
1965041300 2  77 1468 1002      20
1965041306 3  77 1455 1000      25
1965041312 3  78 1443 1003      25
1965041318 3  82 1427 1006      25
1965041400 3  87 1412 1007      25
1965041406 3  90 1390 1007      25
1965041412 1 100 1370 1007      15
1965041418 0 100 1350 1007       0
1965041500 0 100 1335 1007       0
1965041506 0 100 1320 1007       0
1965041512 0 101 1310 1007       0
1965041518 0 102 1300 1008       0
1965041600 0 105 1290 1008       0
1965041606 0 110 1280 1008       0
1965041612 0 112 1273 1008       0
1965041618 0 107 1268 1008       0
66666 0000   36 0009 6503 1 6 Amy                                20110729
1965052006 0  90 1340 1005       0
1965052012 0  90 1330 1006       0
1965052018 0  93 1322 1004       0
1965052100 0  96 1314 1002       0
1965052106 1 100 1306 1000      15
1965052112 1 105 1300 1000      15
1965052118 1 111 1294 1000      15
1965052200 1 117 1287 1000      15
1965052206 2 122 1279  998      20
1965052212 2 126 1270  998      20
1965052218 2 130 1261  998      20
1965052300 2 135 1254  997      20
1965052306 2 141 1249  994      20
1965052312 3 148 1243  992      25
1965052318 3 152 1239  991      25
1965052400 3 155 1237  990      30
1965052406 3 158 1235  989      30
1965052412 4 161 1235  987      35
1965052418 4 167 1238  986      35
1965052500 4 172 1244  985      35
1965052506 4 185 1253  983      35
1965052512 4 195 1260  982      40
1965052518 5 205 1268  979      45
1965052600 5 221 1280  979      45
1965052606 5 245 1310  976      50
1965052612 5 270 1332  976      50
1965052618 5 302 1353  976      45
1965052700 4 340 1386  978      40
1965052706 3 371 1422  980      30
1965052712 9 383 1455  990      25
1965052718 9 390 1489  990      20
1965052800 9 400 1550  990       0
1965052806 9 413 1620  990       0
1965052812 9 428 1676  988       0
1965052818 9 440 1740  980       0
1965052900 9 450 1780  980       0
66666 0000   35 0010 6504 0 6 Carla                              20110729
1965052900 0 182 1125 1003       0
1965052906 0 181 1148 1002       0
1965052912 0 180 1164 1002       0
1965052918 0 182 1180 1002       0
1965053000 1 175 1175 1002      15
1965053006 1 182 1173  999      15
1965053012 1 178 1177  999      15
1965053018 1 177 1183  999      15
1965053100 1 180 1185  999      15
1965053106 2 183 1188  999      20
1965053112 2 185 1190  999      20
1965053118 2 186 1195  999      20
1965060100 2 188 1200  999      20
1965060106 2 198 1211  999      20
1965060112 3 210 1225  997      25
1965060118 3 220 1237  996      25
1965060200 3 233 1253  995      30
1965060206 4 248 1266  996      35
1965060212 4 259 1271  996      35
1965060218 3 270 1277  998      30
1965060300 2 283 1286 1000      20
1965060306 2 296 1304 1000      20
1965060312 9 309 1330 1000      20
1965060318 9 330 1370  996      20
1965060400 9 350 1410  994      20
1965060406 9 365 1445  988      25
1965060412 9 380 1480  990      25
1965060418 9 385 1500  990      25
1965060500 9 389 1519  990      25
1965060506 9 389 1565  994      25
1965060512 9 390 1599  998      20
1965060518 9 390 1650  998      20
1965060600 9 398 1710 1006      15
1965060606 9 400 1752 1008       0
1965060612 9 400 1781 1012       0
66666 0000   35 0011 6505 0 6 Babe                               20110729
1965053100 1 170 1100  998      15
1965053106 2 164 1107  998      20
1965053112 3 161 1113  993      25
1965053118 3 159 1117  996      25
1965060100 3 156 1122 1000      25
1965060106 3 154 1127 1000      25
1965060112 3 154 1131 1000      25
1965060118 3 155 1135 1000      25
1965060200 3 157 1138  999      25
1965060206 3 160 1138  998      25
1965060212 4 165 1137  994      35
1965060218 4 172 1133  990      35
1965060300 4 180 1131  988      35
1965060306 4 186 1133  992      35
1965060312 3 193 1139  995      30
1965060318 3 200 1147  998      30
1965060400 3 210 1150 1001      25
1965060406 2 221 1154 1002      20
1965060412 1 230 1170 1003      15
1965060418 1 234 1183 1003      15
1965060500 9 235 1195 1003      15
1965060506 9 236 1208 1002       0
1965060512 9 237 1223 1000       0
1965060518 9 245 1245 1002       0
1965060600 9 251 1260 1002       0
1965060606 9 255 1280 1002       0
1965060612 9 262 1300 1003       0
1965060618 9 274 1320 1003       0
1965060700 9 283 1341 1003       0
1965060706 9 291 1365 1004       0
1965060712 9 304 1390 1005       0
1965060718 9 318 1411 1007       0
1965060800 9 330 1435 1010       0
1965060806 9 338 1460 1010       0
1965060812 9 340 1490 1014       0
66666 0000   12 0012 0000 1 6 (nameless)                         20110729
1965060918 0 160 1105 1002       9   12
1965061000 0 164 1115 1002       9   15
1965061006 0 173 1124 1000       9   15
1965061012 0 179 1126 1001       9   12
1965061018 1 180 1119 1001      12
1965061100 1 183 1111 1001      12
1965061106 1 190 1103 1001      12
1965061112 1 197 1099 1001      12
1965061118 0 200 1090 1002      10
1965061200 0 201 1076 1002      10
1965061206 0 205 1068 1002       0
1965061212 0 212 1062 1002       0
66666 0000   57 0013 6506 0 6 Dinah                              20110729
1965061006 0 100 1510 1008       0
1965061012 0 100 1500 1008       0
1965061018 1 100 1490 1008      15
1965061100 1 102 1480 1008      15
1965061106 1 104 1470 1008      15
1965061112 1 107 1461 1008      15
1965061118 1 110 1452 1008      15
1965061200 2 113 1443 1006      20
1965061206 2 118 1432 1006      20
1965061212 2 121 1420 1006      20
1965061218 3 123 1409 1002      30
1965061300 4 122 1400 1001      35
1965061306 4 121 1393 1000      35
1965061312 4 122 1386  997      35
1965061318 4 124 1378  994      35
1965061400 4 129 1369  991      35
1965061406 5 134 1358  983      50
1965061412 6 136 1346  975      55
1965061418 6 138 1333  966      55
1965061500 6 142 1321  958      60
1965061506 6 146 1310  956      60
1965061512 6 150 1300  956      60
1965061518 6 154 1290  956      60
1965061600 6 157 1281  953      65
1965061606 6 162 1272  948      65
1965061612 6 165 1262  943      65
1965061618 6 168 1253  939      75
1965061700 6 171 1243  934      80
1965061706 6 178 1235  934      80
1965061712 6 186 1228  937      75
1965061718 6 193 1222  940      70
1965061800 6 202 1215  957      60
1965061806 5 213 1211  975      45
1965061812 4 224 1209  983      40
1965061818 3 237 1209  991      30
1965061900 3 255 1214  995      30
1965061906 3 276 1230  995      30
1965061912 3 292 1255  995      25
1965061918 3 310 1285  998      25
1965062000 9 340 1321 1002      20
1965062006 9 360 1349 1002      20
1965062012 9 365 1370 1004       0
1965062018 9 370 1390 1004       0
1965062100 9 376 1423 1004       0
1965062106 9 385 1451 1003       0
1965062112 9 395 1471 1002       0
1965062118 9 409 1500  996       0
1965062200 9 420 1520  996       0
1965062206 9 425 1540  996       0
1965062212 9 422 1559  996       0
1965062218 9 415 1575  996       0
1965062300 9 408 1584  999       0
1965062306 9 404 1593  999       0
1965062312 9 401 1601 1000       0
1965062318 9 405 1620 1000       0
1965062400 9 416 1640 1000       0
1965062406 9 425 1663 1000       0
66666 0000   46 0014 6507 1 6 Emma                               20110729
1965061818 0  80 1391 1006       0
1965061900 0  85 1391 1006       0
1965061906 0  91 1389 1006       0
1965061912 0  95 1382 1006       0
1965061918 0 105 1377 1006       0
1965062000 0 116 1377 1006       0
1965062006 0 126 1370 1006       0
1965062012 0 127 1355 1006       0
1965062018 0 124 1340 1006       0
1965062100 0 121 1324 1006       0
1965062106 0 123 1310 1006       0
1965062112 1 130 1300 1002      15
1965062118 1 136 1290 1002      15
1965062200 1 141 1282 1002      15
1965062206 1 145 1275 1002      15
1965062212 1 149 1268 1002      15
1965062218 1 153 1261 1002      15
1965062300 1 155 1254 1002      15
1965062306 2 157 1248  997      20
1965062312 2 159 1242  997      20
1965062318 3 163 1236  994      25
1965062400 3 175 1238  996      25
1965062406 3 191 1246  999      25
1965062412 3 204 1244  998      25
1965062418 3 215 1244  997      25
1965062500 3 222 1244  996      25
1965062506 3 232 1244  995      25
1965062512 2 247 1255  997      20
1965062518 1 262 1269  997      15
1965062600 1 282 1287  998      15
1965062606 1 303 1313  998      15
1965062612 9 335 1350  993      15
1965062618 9 360 1400  994      15
1965062700 9 370 1420  998       0
1965062706 9 380 1447  998       0
1965062712 9 385 1480  998       0
1965062718 9 385 1510  998       0
1965062800 9 388 1534  998       0
1965062806 9 390 1550 1000       0
1965062812 9 391 1570 1000       0
1965062818 9 395 1600 1000       0
1965062900 9 400 1630 1000       0
1965062906 9 405 1661 1000       0
1965062912 9 410 1690 1000       0
1965062918 9 419 1718 1000       0
1965063000 9 430 1740 1000       0
66666 0000    9 0015 0000 0 6 (nameless)                         20110729
1965070100 0 118 1211 1008       0
1965070106 0 124 1203 1007       0
1965070112 0 133 1192 1006       0
1965070118 0 150 1182 1005       0
1965070200 1 166 1179 1005      15
1965070206 1 178 1179 1004      15
1965070212 1 190 1175 1005      12
1965070218 0 197 1166 1006       0
1965070300 0 210 1163 1006       0
66666 0000   26 0016 0000 0 6 (nameless)                         20110729
1965070206 0  95 1370 1008       0
1965070212 0  95 1365 1008       0
1965070218 0  94 1360 1008       0
1965070300 0  95 1355 1008       0
1965070306 0  96 1351 1008       0
1965070312 0  97 1346 1008       0
1965070318 0 101 1342 1008       0
1965070400 0 105 1338 1008       0
1965070406 0 110 1334 1006       0
1965070412 0 116 1330 1006       0
1965070418 0 123 1324 1006       0
1965070500 0 128 1316 1006       0
1965070506 0 133 1310 1005       0
1965070512 0 138 1303 1005       0
1965070518 0 143 1294 1005       0
1965070600 0 148 1286 1004       0
1965070606 1 153 1278 1004      15
1965070612 1 156 1272 1002      15
1965070618 1 157 1266 1002      15
1965070700 1 158 1259 1002      15
1965070706 0 158 1252 1003      10
1965070712 0 158 1245 1003      10
1965070718 0 161 1238 1004      10
1965070800 0 165 1228 1004      10
1965070806 0 165 1212 1004      10
1965070812 0 159 1195 1007      10
66666 0000   41 0017 6508 1 6 Freda                              20110729
1965070606 0  80 1440 1006       0
1965070612 0  82 1434 1006       0
1965070618 0  84 1427 1004       0
1965070700 0  87 1422 1002       0
1965070706 1  93 1417 1001      15
1965070712 1 100 1413  999      15
1965070718 1 108 1409  997      15
1965070800 2 115 1403  994      20
1965070806 2 121 1391  993      20
1965070812 3 128 1379  993      25
1965070818 3 132 1368  993      25
1965070900 4 134 1354  989      35
1965070906 4 137 1342  983      40
1965070912 4 139 1328  978      40
1965070918 4 132 1317  973      40
1965071000 5 129 1309  969      45
1965071006 5 127 1302  968      50
1965071012 5 123 1301  967      50
1965071018 5 122 1303  966      50
1965071100 5 122 1306  964      50
1965071106 6 125 1305  958      55
1965071112 6 128 1298  951      55
1965071118 6 136 1290  944      60
1965071200 6 142 1283  932      70
1965071206 6 147 1275  924      70
1965071212 6 154 1264  923      75
1965071218 6 160 1250  923      75
1965071300 6 168 1237  925      75
1965071306 6 175 1220  933      65
1965071312 6 174 1206  945      55
1965071318 5 174 1190  956      50
1965071400 5 181 1172  964      50
1965071406 5 189 1161  964      50
1965071412 4 198 1142  965      40
1965071418 4 205 1126  965      40
1965071500 4 208 1114  965      35
1965071506 4 210 1102  968      35
1965071512 3 212 1091  970      30
1965071518 2 219 1075  990      20
1965071600 2 220 1060  996      20
1965071606 0 221 1046 1000       9
66666 0000   12 0018 0000 0 6 (nameless)                         20110729
1965070918 0 150 1139 1003       0
1965071000 0 155 1136 1002       0
1965071006 0 160 1130 1002       0
1965071012 0 161 1125 1002       0
1965071018 1 162 1120 1000      12
1965071100 1 168 1117 1000      12
1965071106 1 174 1116 1000      12
1965071112 0 176 1112 1000       0
1965071118 0 175 1105 1000       0
1965071200 0 172 1102 1000       0
1965071206 0 168 1099  999       0
1965071212 0 165 1095 1000       0
66666 0000   47 0019 6509 1 6 Gilda                              20110729
1965071306 1  49 1500 1002      15
1965071312 1  57 1496 1000      15
1965071318 1  65 1490 1000      15
1965071400 1  72 1482 1000      15
1965071406 1  82 1472 1000      15
1965071412 1  89 1462 1005      15
1965071418 1  95 1451 1005      15
1965071500 1 100 1440 1005      15
1965071506 1 106 1425 1005      15
1965071512 1 109 1410 1002      15
1965071518 1 110 1400 1002      15
1965071600 1 110 1386 1002      15
1965071606 1 110 1370 1002      15
1965071612 1 114 1353 1002      15
1965071618 1 120 1340 1000      15
1965071700 1 130 1330 1000      15
1965071706 1 135 1325 1004      15
1965071712 1 140 1319 1004      15
1965071718 1 145 1310 1000      15
1965071800 1 152 1295 1000      15
1965071806 1 159 1279 1002      15
1965071812 1 160 1260 1002      15
1965071818 1 159 1252 1001      15
1965071900 1 161 1239 1001      15
1965071906 1 174 1224 1000      15
1965071912 1 190 1215  998      15
1965071918 1 196 1200  997      15
1965072000 1 199 1190  996      15
1965072006 2 201 1180  994      20
1965072012 2 202 1165  993      20
1965072018 2 197 1150  992      20
1965072100 3 187 1141  990      25
1965072106 3 184 1135  985      25
1965072112 3 183 1130  985      25
1965072118 3 185 1125  985      25
1965072200 3 189 1123  985      25
1965072206 3 195 1123  985      25
1965072212 2 200 1126  990      20
1965072218 2 206 1126  990      20
1965072300 2 213 1123  990      20
1965072306 2 217 1119  990      20
1965072312 0 220 1112  994      10   20
1965072318 0 220 1100  997      10   15
1965072400 0 220 1089  998      10   15
1965072406 0 219 1075  998      10   15
1965072412 0 220 1055  998       9
1965072418 0 220 1030 1000       9
66666 0000   19 0020 0000 0 6 (nameless)                         20110729
1965071712 1 262 1800 1008      15
1965071718 1 263 1784 1006      15
1965071800 1 263 1772 1006      15
1965071806 1 264 1765 1006      15
1965071812 1 266 1754 1004      15
1965071818 1 268 1745 1004      15
1965071900 1 272 1739 1004      15
1965071906 1 277 1730 1004      15
1965071912 1 283 1720 1006      15
1965071918 1 298 1709 1006      15
1965072000 1 315 1706 1006      15
1965072006 1 326 1707 1006      15
1965072012 1 335 1708 1006      15
1965072018 0 345 1710 1006       0
1965072100 0 350 1711 1008       0
1965072106 0 355 1708 1008       0
1965072112 0 361 1704 1008       0
1965072118 0 371 1711 1008       0
1965072200 0 380 1723 1010       0
66666 0000   43 0021 6510 2 6 Harriet                            20110729
1965071906 0 110 1520 1004       0
1965071912 0 110 1500 1004       0
1965071918 0 106 1485 1004       0
1965072000 0 102 1470 1004       0
1965072006 0 100 1460 1004       0
1965072012 1 100 1450 1004      15
1965072018 1 100 1440 1004      15
1965072100 1 100 1430 1004      15
1965072106 1 100 1420 1000      15
1965072112 1 110 1415 1000      15
1965072118 1 113 1423  998      15
1965072200 2 109 1430  998      20
1965072206 2 119 1438  995      20
1965072212 2 136 1440  993      20
1965072218 2 135 1432  993      20
1965072300 3 134 1415  993      30
1965072306 4 145 1392  992      35
1965072312 4 153 1378  991      35
1965072318 4 164 1363  991      35
1965072400 4 176 1347  990      35
1965072406 4 185 1330  988      40
1965072412 4 191 1316  987      40
1965072418 4 197 1300  985      40
1965072500 4 203 1280  981      40
1965072506 5 209 1260  978      45
1965072512 5 216 1244  978      45
1965072518 4 221 1230  977      40
1965072600 4 228 1215  977      40
1965072606 4 239 1199  978      35
1965072612 3 247 1189  983      30
1965072618 0 257 1178  991      10   25
1965072700 0 270 1172  995      10   25
1965072706 0 280 1171  996       9   20
1965072712 0 296 1172  997       9   20
1965072718 0 318 1174  997       9   20
1965072800 2 350 1200  997      20
1965072806 1 373 1218  997      15
1965072812 1 390 1230  997      15
1965072818 9 396 1250  997       0
1965072900 9 400 1285  997       0
1965072906 9 403 1310  997       0
1965072912 9 410 1340  997       0
1965072918 9 420 1370  997       0
66666 0000    2 0021 6510 0 6 Harriet(-)1                        20110729
1965072600 3 230 1196  980      25
1965072606 2 233 1190  980      20
66666 0000   84 0022 6512 1 6 Jean                               20110729
1965072400 0  71 1631 1007       0
1965072406 0  68 1622 1005       0
1965072412 0  64 1612 1005       0
1965072418 0  60 1600 1005       0
1965072500 0  60 1590 1005       0
1965072506 0  63 1579 1005       0
1965072512 0  70 1570 1005       0
1965072518 0  80 1565 1005       0
1965072600 0  88 1562 1005       0
1965072606 1  96 1554 1003      15
1965072612 1  98 1544 1003      15
1965072618 1 102 1531 1003      15
1965072700 1 108 1522 1003      15
1965072706 1 113 1504 1002      15
1965072712 1 118 1491 1002      15
1965072718 1 124 1480 1002      15
1965072800 1 131 1469 1002      15
1965072806 1 140 1457 1002      15
1965072812 1 148 1445 1002      15
1965072818 1 153 1430 1002      15
1965072900 1 155 1416 1002      15
1965072906 1 156 1407 1002      15
1965072912 1 160 1397 1001      15
1965072918 1 165 1389 1000      15
1965073000 1 170 1380 1000      15
1965073006 1 174 1370 1000      15
1965073012 2 175 1359  998      20
1965073018 3 176 1349  998      25
1965073100 3 175 1338  995      30
1965073106 4 175 1328  990      35
1965073112 4 176 1321  988      35
1965073118 4 177 1315  986      35
1965080100 4 179 1310  985      35
1965080106 4 184 1304  986      40
1965080112 4 191 1301  987      40
1965080118 4 198 1298  984      40
1965080200 4 204 1292  980      40
1965080206 4 212 1287  977      40
1965080212 4 218 1284  974      40
1965080218 4 224 1280  970      40
1965080300 4 229 1276  968      40
1965080306 5 235 1275  966      50
1965080312 5 240 1274  964      50
1965080318 5 247 1273  961      50
1965080400 6 253 1269  955      60
1965080406 6 260 1268  949      65
1965080412 6 268 1271  949      65
1965080418 6 277 1275  949      65
1965080500 6 286 1280  945      65
1965080506 6 296 1285  940      65
1965080512 6 305 1290  940      65
1965080518 6 316 1298  940      60
1965080600 5 335 1309  960      45
1965080606 4 360 1322  970      35
1965080612 4 382 1338  970      35
1965080618 4 406 1344  970      35
1965080700 4 426 1345  970      35
1965080706 9 450 1345  982      25
1965080712 9 465 1340  984      20
1965080718 9 475 1340  985      20
1965080800 9 483 1350  988      15
1965080806 9 492 1380  988       0
1965080812 9 505 1400  990       0
1965080818 9 520 1410  990       0
1965080900 9 530 1430  990       0
1965080906 9 535 1449  988       0
1965080912 9 530 1460  990       0
1965080918 9 530 1470  990       0
1965081000 9 530 1480  990       0
1965081006 9 530 1490  992       0
1965081012 9 530 1500  992       0
1965081018 9 530 1510  994       0
1965081100 9 530 1520  998       0
1965081106 9 520 1530 1000       0
1965081112 9 510 1550 1000       0
1965081118 9 510 1570 1000       0
1965081200 9 505 1590 1000       0
1965081206 9 490 1620 1000       0
1965081212 9 480 1660 1000       0
1965081218 9 480 1680 1000       0
1965081300 9 490 1700  998       0
1965081306 9 500 1715  995       0
1965081312 9 513 1740  995       0
1965081318 9 520 1770  995       0
66666 0000   21 0023 6511 2 6 Ivy                                20110729
1965072700 0 140 1335 1005       0
1965072706 1 140 1325 1005      15
1965072712 2 140 1312  999      20
1965072718 3 140 1302  999      25
1965072800 4 141 1295  990      35
1965072806 4 143 1285  990      35
1965072812 4 145 1279  990      35
1965072818 4 148 1275  990      35
1965072900 4 149 1271  991      35
1965072906 3 148 1268  993      30
1965072912 3 147 1266  996      30
1965072918 3 145 1263  997      25
1965073000 3 141 1259  999      25
1965073006 4 139 1267  991      35
1965073012 4 135 1273  991      35
1965073018 3 130 1282  991      30
1965073100 3 131 1292  992      30
1965073106 3 136 1305  995      25
1965073112 3 145 1320  995      25
1965073118 3 162 1328  995      25
1965080100 3 170 1320  994      25
66666 0000   22 0024 0000 0 6 Kim                                20110729
1965080312 1 276 1395 1000      15
1965080318 1 280 1399 1000      15
1965080400 2 285 1401  998      20
1965080406 2 290 1405  996      20
1965080412 3 299 1411  994      25
1965080418 3 305 1419  991      25
1965080500 3 308 1425  990      25
1965080506 3 312 1432  990      25
1965080512 3 316 1437  990      25
1965080518 3 320 1443  990      25
1965080600 3 325 1450  986      30
1965080606 3 331 1456  990      25
1965080612 3 337 1462  995      25
1965080618 2 346 1470  998      20
1965080700 1 355 1477 1000      15
1965080706 1 364 1488 1000      15
1965080712 1 370 1500 1000      15
1965080718 1 374 1510 1000      15
1965080800 0 377 1520 1004       0
1965080806 0 380 1530 1004       0
1965080812 0 383 1545 1007       0
1965080818 0 380 1560 1007       0
66666 0000   40 0025 6513 0 6 Mary                               20110729
1965081400 0 198 1385 1004       0
1965081406 1 198 1378 1004      15
1965081412 2 198 1369  998      20
1965081418 2 197 1361  998      20
1965081500 2 196 1352  996      20
1965081506 3 195 1344  980      30
1965081512 3 193 1337  980      30
1965081518 4 192 1329  980      35
1965081600 4 194 1324  978      40
1965081606 5 197 1320  963      50
1965081612 6 201 1311  959      55
1965081618 6 205 1302  954      60
1965081700 6 210 1293  945      70
1965081706 6 215 1285  940      75
1965081712 6 221 1275  940      75
1965081718 6 229 1262  940      75
1965081800 6 236 1250  940      75
1965081806 6 240 1238  950      70
1965081812 6 244 1228  960      60
1965081818 6 247 1218  960      55
1965081900 5 247 1212  975      45
1965081906 4 249 1204  980      40
1965081912 3 251 1200  988      30
1965081918 2 254 1197  990      20
1965082000 0 259 1192  995      10
1965082006 0 264 1193  996      10
1965082012 0 272 1196  998       9
1965082018 0 283 1194  999       9
1965082100 0 300 1199  999       9
1965082106 0 313 1204  997      10
1965082112 0 322 1209  996      10
1965082118 2 328 1211  995      20
1965082200 2 335 1215  992      20
1965082206 2 342 1222  992      20
1965082212 2 355 1235  998      20
1965082218 1 365 1240  998      15
1965082300 1 370 1240 1000      15
1965082306 1 382 1245 1002      15
1965082312 1 385 1250 1002      15
1965082318 0 390 1260 1004       0
66666 0000   20 0026 6514 2 6 Nadine                             20110729
1965081406 0 165 1155 1008       0
1965081412 0 166 1148 1008       0
1965081418 0 168 1140 1008       0
1965081500 0 170 1133 1008       0
1965081506 0 174 1131 1005       0
1965081512 0 178 1132 1005       0
1965081518 0 184 1138 1005       0
1965081600 0 180 1140 1004       0
1965081606 1 178 1136 1000      15
1965081612 2 182 1133  996      20
1965081618 2 184 1130  996      20
1965081700 3 186 1125  995      25
1965081706 3 187 1120  990      30
1965081712 3 189 1114  990      30
1965081718 3 190 1105  990      25
1965081800 2 188 1093  992      20
1965081806 2 186 1083  994      20
1965081812 2 185 1070  996      20
1965081818 2 185 1060  998      20
1965081900 1 185 1050 1000      15
66666 0000   47 0027 6515 0 6 Lucy                               20110729
1965081412 0 118 1734 1008       0
1965081418 0 131 1726 1006       0
1965081500 1 143 1717 1004      15
1965081506 3 151 1703  993      30
1965081512 3 158 1692  994      30
1965081518 3 165 1679  996      30
1965081600 4 172 1667  997      35
1965081606 4 182 1652  997      35
1965081612 4 192 1635  996      35
1965081618 4 202 1617  995      35
1965081700 4 212 1598  993      40
1965081706 5 224 1578  987      45
1965081712 5 233 1557  986      45
1965081718 5 242 1537  985      50
1965081800 6 247 1523  977      60
1965081806 6 252 1508  965      60
1965081812 6 259 1483  957      60
1965081818 6 264 1458  950      60
1965081900 6 268 1440  945      70
1965081906 6 270 1429  944      70
1965081912 6 275 1420  946      70
1965081918 6 280 1411  947      70
1965082000 6 286 1405  948      70
1965082006 6 292 1398  950      60
1965082012 6 298 1394  951      60
1965082018 6 306 1389  952      55
1965082100 6 312 1379  954      55
1965082106 6 314 1376  956      55
1965082112 5 318 1376  959      50
1965082118 5 325 1376  962      50
1965082200 5 333 1378  962      50
1965082206 5 341 1382  968      45
1965082212 4 349 1389  968      35
1965082218 2 355 1396  990      20
1965082300 1 363 1412  996      15
1965082306 1 372 1425  996      15
1965082312 1 377 1442  998      15
1965082318 1 385 1460  998      15
1965082400 1 390 1480 1000      15
1965082406 9 395 1505  996       0
1965082412 9 398 1528  998       0
1965082418 9 400 1550  998       0
1965082500 9 401 1570 1002       0
1965082506 9 401 1581 1002       0
1965082512 9 401 1590 1002       0
1965082518 9 401 1600 1004       0
1965082600 9 401 1610 1004       0
66666 0000   47 0028 0000 0 6 Olive                              20110729
1965082606 0 141 1435 1004       0
1965082612 0 147 1450 1004       0
1965082618 1 160 1466 1004      15
1965082700 1 170 1472 1004      15
1965082706 1 175 1475 1002      15
1965082712 1 182 1475 1002      15
1965082718 1 187 1475 1002      15
1965082800 2 194 1476 1000      20
1965082806 3 199 1477  990      30
1965082812 4 205 1479  980      35
1965082818 5 210 1482  965      50
1965082900 6 219 1481  960      60
1965082906 6 230 1477  955      60
1965082912 6 238 1477  954      60
1965082918 6 250 1478  952      60
1965083000 6 260 1478  944      70
1965083006 6 272 1477  938      75
1965083012 6 285 1475  943      70
1965083018 6 296 1473  948      70
1965083100 6 308 1472  953      65
1965083106 6 315 1469  955      65
1965083112 5 323 1466  962      50
1965083118 5 331 1464  969      50
1965090100 4 339 1463  972      40
1965090106 4 346 1461  973      35
1965090112 4 354 1465  974      35
1965090118 4 359 1469  975      35
1965090200 3 365 1473  975      30
1965090206 3 369 1480  975      30
1965090212 3 373 1486  975      30
1965090218 3 376 1494  975      25
1965090300 3 380 1501  975      25
1965090306 3 385 1510  975      25
1965090312 2 390 1516  980      20
1965090318 2 396 1525  980      20
1965090400 9 404 1535  986      20
1965090406 9 410 1547  988      15
1965090412 9 417 1560  992      15
1965090418 9 424 1570  994       0
1965090500 9 435 1571  994       0
1965090506 9 450 1570  994       0
1965090512 9 464 1575  994       0
1965090518 9 475 1579  994       0
1965090600 9 480 1580  994       0
1965090606 9 485 1581  994       0
1965090612 9 490 1590  994       0
1965090618 9 495 1615  996       0
66666 0000   22 0029 6516 1 6 Polly                              20110729
1965082812 0 188 1181 1004       0
1965082818 0 175 1171 1004       0
1965082900 0 165 1165 1002      10
1965082906 1 156 1167 1002      15
1965082912 1 158 1178 1002      15
1965082918 1 160 1190 1002      15
1965083000 1 167 1185 1002      15
1965083006 1 163 1180 1000      15
1965083012 1 155 1177 1000      15
1965083018 1 150 1175  999      15
1965083100 1 148 1168  999      15
1965083106 2 148 1160  995      20
1965083112 2 152 1154  995      20
1965083118 2 156 1147  995      20
1965090100 2 160 1140  995      20
1965090106 2 163 1130  995      20
1965090112 2 163 1122  995      20
1965090118 2 165 1113  995      20
1965090200 2 168 1100  995      20
1965090206 1 172 1085  998      15
1965090212 0 182 1067 1000       0
1965090218 0 190 1050 1002       0
66666 0000   31 0030 6517 0 6 Rose                               20110729
1965083000 0 151 1387 1004       0
1965083006 0 152 1380 1004       0
1965083012 0 153 1372 1004       0
1965083018 0 154 1360 1004       0
1965083100 1 153 1346 1000      15
1965083106 1 152 1330  999      15
1965083112 1 156 1310  998      15
1965083118 1 160 1300  998      15
1965090100 2 164 1288  995      20
1965090106 3 167 1277  990      25
1965090112 4 170 1267  988      35
1965090118 4 173 1257  987      40
1965090200 5 176 1248  986      45
1965090206 5 179 1238  980      50
1965090212 5 182 1227  986      45
1965090218 4 188 1216  990      35
1965090300 4 192 1204  990      35
1965090306 4 192 1196  988      35
1965090312 4 193 1187  988      35
1965090318 4 194 1178  985      40
1965090400 4 195 1165  985      40
1965090406 4 197 1150  985      35
1965090412 4 200 1139  985      35
1965090418 4 205 1130  986      35
1965090500 3 210 1122  986      30
1965090506 3 214 1112  986      25
1965090512 1 219 1101  992      15
1965090518 1 218 1089  994      15
1965090600 1 217 1076 1000      12
1965090606 0 216 1064 1000       9
1965090612 0 215 1050 1003       9
66666 0000   51 0031 6518 1 6 Shirley                            20110729
1965083118 0  86 1454 1006       0
1965090100 0  90 1456 1006       0
1965090106 0  95 1452 1006       0
1965090112 0  98 1448 1006       0
1965090118 0 101 1442 1005       0
1965090200 0 105 1437 1005       0
1965090206 0 108 1430 1005       0
1965090212 0 111 1423 1005       0
1965090218 0 115 1416 1005       0
1965090300 0 120 1410 1005       0
1965090306 0 128 1408 1004       0
1965090312 0 135 1408 1004       0
1965090318 0 142 1408 1004       0
1965090400 0 150 1410 1004       0
1965090406 0 158 1412 1004       0
1965090412 0 165 1416 1004       0
1965090418 0 172 1418 1004       0
1965090500 0 180 1420 1004       0
1965090506 0 189 1420 1002       0
1965090512 1 197 1419 1002      15
1965090518 2 204 1416 1000      20
1965090600 2 210 1413  996      20
1965090606 3 213 1408  995      25
1965090612 4 216 1399  985      35
1965090618 4 220 1388  976      40
1965090700 5 222 1375  967      50
1965090706 5 226 1364  961      50
1965090712 5 230 1355  957      50
1965090718 5 234 1346  953      50
1965090800 6 240 1337  951      55
1965090806 6 246 1332  949      55
1965090812 6 252 1325  944      60
1965090818 6 259 1320  939      65
1965090900 6 268 1316  936      70
1965090906 6 282 1315  937      70
1965090912 6 295 1320  938      70
1965090918 6 315 1330  939      70
1965091000 6 338 1342  944      65
1965091006 5 371 1363  956      50
1965091012 4 408 1386  968      40
1965091018 3 430 1405  974      30
1965091100 9 465 1444  976      25
1965091106 9 484 1478  976      25
1965091112 9 500 1508  978      25
1965091118 9 513 1530  980      20
1965091200 9 521 1553  980       0
1965091206 9 522 1591  984       0
1965091212 9 521 1650  984       0
1965091218 9 520 1695  982       0
1965091300 9 518 1752  986       0
1965091306 9 515 1799  988       0
66666 0000   63 0032 6519 1 6 Trix                               20110729
1965090718 0 110 1430 1006       0
1965090800 0 109 1420 1006       0
1965090806 0 110 1412 1006       0
1965090812 0 112 1404 1006       0
1965090818 0 115 1398 1006       0
1965090900 0 121 1391 1006       0
1965090906 0 130 1390 1004       0
1965090912 0 140 1390 1004       0
1965090918 0 147 1389 1003       0
1965091000 0 153 1386 1003       0
1965091006 0 157 1384 1000       0
1965091012 1 160 1381 1000      15
1965091018 1 163 1378  998      15
1965091100 3 168 1375  984      25
1965091106 3 171 1372  979      30
1965091112 4 175 1371  977      35
1965091118 4 179 1370  975      35
1965091200 5 185 1367  972      45
1965091206 5 191 1360  968      45
1965091212 5 193 1352  968      45
1965091218 5 195 1345  968      45
1965091300 5 201 1335  965      45
1965091306 5 209 1328  960      45
1965091312 5 213 1322  957      50
1965091318 5 217 1317  954      50
1965091400 5 221 1311  951      50
1965091406 5 223 1304  946      50
1965091412 6 224 1296  941      55
1965091418 6 225 1288  935      65
1965091500 6 227 1285  934      65
1965091506 6 231 1285  937      65
1965091512 6 234 1286  941      65
1965091518 6 240 1290  944      60
1965091600 6 246 1296  947      60
1965091606 6 254 1304  949      60
1965091612 6 265 1313  949      55
1965091618 6 284 1325  951      55
1965091700 6 302 1336  954      55
1965091706 6 323 1350  955      55
1965091712 5 345 1370  955      50
1965091718 4 384 1395  968      40
1965091800 4 419 1423  972      35
1965091806 9 434 1450  977      30
1965091812 9 465 1476  978       0
1965091818 9 490 1465  974       0
1965091900 9 500 1460  974       0
1965091906 9 508 1460  980       0
1965091912 9 515 1461  980       0
1965091918 9 522 1463  980       0
1965092000 9 528 1469  980       0
1965092006 9 527 1480  980       0
1965092012 9 520 1490  980       0
1965092018 9 517 1500  988       0
1965092100 9 516 1511  990       0
1965092106 9 513 1524  992       0
1965092112 9 510 1536  994       0
1965092118 9 504 1547  996       0
1965092200 9 501 1576 1000       0
1965092206 9 497 1611 1002       0
1965092212 9 480 1640 1002       0
1965092218 9 467 1682 1004       0
1965092300 9 458 1740 1004       0
1965092306 9 447 1781 1004       0
66666 0000   28 0033 0000 1 6 Virginia                           20110729
1965091218 0 130 1490 1004       0
1965091300 1 136 1480 1002      15
1965091306 2 146 1470  996      20
1965091312 2 157 1463  996      20
1965091318 2 168 1455  996      20
1965091400 3 179 1447  995      25
1965091406 3 193 1439  995      25
1965091412 3 203 1435  990      25
1965091418 3 215 1430  990      25
1965091500 3 232 1426  990      25
1965091506 3 252 1423  990      25
1965091512 3 277 1421  990      25
1965091518 3 301 1420  985      25
1965091600 3 325 1425  985      25
1965091606 3 347 1435  980      30
1965091612 3 368 1454  980      30
1965091618 3 386 1480  985      25
1965091700 3 400 1505  985      25
1965091706 9 410 1540  988      20
1965091712 9 410 1570  990      20
1965091718 9 395 1610  992      20
1965091800 9 375 1644  996      15
1965091806 9 360 1660 1000       0
1965091812 9 345 1678 1002       0
1965091818 9 330 1700 1004       0
1965091900 9 312 1730 1006       0
1965091906 9 300 1760 1006       0
1965091912 9 290 1780 1004       0
66666 0000   61 0034 6520 0 6 Wendy                              20110729
1965091518 0  76 1529 1006       0
1965091600 0  79 1520 1006       0
1965091606 0  82 1514 1005       0
1965091612 0  87 1509 1005       0
1965091618 0  96 1506 1004       0
1965091700 0 106 1502 1003       0
1965091706 0 115 1497 1003       0
1965091712 0 122 1493 1003       0
1965091718 0 129 1486 1003       0
1965091800 0 138 1480 1003       0
1965091806 0 146 1474 1003       0
1965091812 0 152 1468 1003       0
1965091818 0 158 1460 1003       0
1965091900 0 164 1453 1002       0
1965091906 0 169 1443 1002       0
1965091912 1 172 1433 1002      15
1965091918 1 175 1424 1002      15
1965092000 1 180 1414 1002      15
1965092006 2 188 1402 1001      20
1965092012 2 196 1385 1001      20
1965092018 2 206 1372 1001      20
1965092100 2 215 1361 1000      20
1965092106 2 219 1352  997      20
1965092112 2 222 1344  995      20
1965092118 3 225 1336  991      25
1965092200 3 227 1331  989      25
1965092206 3 230 1328  989      25
1965092212 3 233 1327  989      25
1965092218 3 236 1326  989      25
1965092300 3 240 1326  989      25
1965092306 3 246 1326  989      25
1965092312 3 253 1327  989      25
1965092318 3 260 1330  988      25
1965092400 3 268 1334  987      25
1965092406 3 282 1343  987      25
1965092412 3 300 1357  987      25
1965092418 3 310 1370  987      25
1965092500 3 317 1383  990      25
1965092506 3 325 1401  995      25
1965092512 3 332 1416  995      25
1965092518 9 348 1438  990      25
1965092600 9 364 1450  990       0
1965092606 9 377 1458  985       0
1965092612 9 386 1465  980       0
1965092618 9 395 1476  980       0
1965092700 9 404 1500  982       0
1965092706 9 410 1530  986       0
1965092712 9 418 1560  994       0
1965092718 9 429 1581  996       0
1965092800 9 440 1600  998       0
1965092806 9 451 1612 1002       0
1965092812 9 465 1618 1004       0
1965092818 9 475 1620 1006       0
1965092900 9 480 1620 1008       0
1965092906 9 488 1622 1009       0
1965092912 9 498 1628 1009       0
1965092918 9 510 1640 1009       0
1965093000 9 524 1653 1009       0
1965093006 9 530 1690 1006       0
1965093012 9 530 1738 1006       0
1965093018 9 520 1760 1010       0
66666 0000   31 0035 6521 0 6 Agnes                              20110729
1965092118 0 154 1190 1006       0
1965092200 0 157 1186 1006       0
1965092206 0 159 1182 1006       0
1965092212 0 162 1181 1006       0
1965092218 0 167 1181 1004      10
1965092300 0 170 1186 1004      10
1965092306 0 165 1190 1004      10
1965092312 0 163 1176 1004      10
1965092318 1 160 1160 1004      15
1965092400 1 151 1157 1004      15
1965092406 1 141 1155 1004      15
1965092412 1 135 1147 1004      15
1965092418 1 139 1139 1000      15
1965092500 1 148 1137 1000      15
1965092506 2 156 1137 1000      20
1965092512 2 162 1136 1000      20
1965092518 3 168 1131  998      25
1965092600 3 172 1122  998      25
1965092606 3 178 1119  995      25
1965092612 3 185 1118  995      25
1965092618 3 193 1120  990      25
1965092700 3 200 1123  987      30
1965092706 3 209 1123  980      30
1965092712 3 215 1121  985      25
1965092718 1 217 1115  995      15
1965092800 0 220 1112 1000      10   15
1965092806 0 223 1114 1002      10   12
1965092812 0 225 1115 1004       9   12
1965092818 0 225 1115 1004       9
1965092900 0 225 1115 1006       9
1965092906 0 225 1115 1006       9
66666 0000   49 0036 0000 1 6 Bess                               20110729
1965092512 0  78 1562 1008       0
1965092518 0  90 1550 1006       0
1965092600 0 107 1542 1004       0
1965092606 1 122 1537 1002      15
1965092612 1 135 1530 1000      15
1965092618 2 149 1519  998      20
1965092700 2 153 1503  996      20
1965092706 2 154 1488  995      20
1965092712 3 153 1475  994      30
1965092718 4 154 1464  991      35
1965092800 4 156 1457  981      40
1965092806 5 160 1450  973      50
1965092812 5 165 1445  971      50
1965092818 6 169 1441  969      55
1965092900 6 174 1438  967      55
1965092906 6 181 1437  961      55
1965092912 6 188 1436  949      60
1965092918 6 197 1436  937      60
1965093000 6 203 1434  917      70
1965093006 6 210 1433  905      75
1965093012 6 217 1434  901      75
1965093018 6 223 1436  901      75
1965100100 6 233 1439  914      75
1965100106 6 245 1442  930      75
1965100112 6 258 1440  936      65
1965100118 6 268 1437  936      65
1965100200 6 279 1435  939      65
1965100206 6 292 1432  946      65
1965100212 6 303 1435  953      60
1965100218 6 312 1443  960      55
1965100300 6 319 1453  968      55
1965100306 5 326 1462  971      50
1965100312 5 334 1471  971      50
1965100318 5 342 1479  971      50
1965100400 5 353 1485  971      50
1965100406 5 362 1490  970      50
1965100412 5 375 1498  970      50
1965100418 5 385 1503  972      45
1965100500 5 393 1509  974      45
1965100506 9 403 1515  976       0
1965100512 9 420 1530  978       0
1965100518 9 438 1546  982       0
1965100600 9 455 1555  988       0
1965100606 9 480 1560  990       0
1965100612 9 505 1570 1000       0
1965100618 9 520 1630 1002       0
1965100700 9 530 1680 1002       0
1965100706 9 535 1713  996       0
1965100712 9 543 1780  990       0
66666 0000   42 0037 0000 1 6 Carmen                             20110729
1965100106 0  94 1611 1008       0
1965100112 0  94 1606 1008       0
1965100118 0  95 1598 1006       0
1965100200 0  96 1589 1006       0
1965100206 0  97 1579 1006       0
1965100212 0 100 1570 1006       0
1965100218 0 104 1560 1006       0
1965100300 0 107 1550 1006       0
1965100306 0 110 1540 1006       0
1965100312 0 113 1532 1005       0
1965100318 0 116 1524 1004       0
1965100400 1 120 1515 1000      15
1965100406 2 125 1508  996      20
1965100412 2 130 1502  996      20
1965100418 2 134 1495  996      20
1965100500 3 141 1485  992      25
1965100506 3 148 1477  982      30
1965100512 4 153 1472  971      40
1965100518 5 158 1468  961      50
1965100600 6 163 1463  951      60
1965100606 6 171 1459  940      60
1965100612 6 181 1457  930      70
1965100618 6 192 1456  919      75
1965100700 6 200 1455  914      75
1965100706 6 207 1454  915      75
1965100712 6 214 1455  916      75
1965100718 6 222 1456  917      75
1965100800 6 231 1457  920      75
1965100806 6 243 1459  925      75
1965100812 6 257 1461  930      75
1965100818 6 271 1466  935      70
1965100900 6 287 1472  940      70
1965100906 6 322 1468  960      60
1965100912 6 360 1494  965      55
1965100918 5 394 1520  970      50
1965101000 9 433 1535  980      40
1965101006 9 485 1613  982      35
1965101012 9 499 1645  978       0
1965101018 9 515 1690  974       0
1965101100 9 526 1730  972       0
1965101106 9 531 1752  966       0
1965101112 9 531 1784  966       0
66666 0000   45 0038 0000 1 6 Della                              20110729
1965101012 0  85 1684 1004       0
1965101018 0  85 1674 1004       0
1965101100 0  88 1666 1004       0
1965101106 0  92 1657 1004       0
1965101112 0  99 1652 1002       0
1965101118 0 108 1648 1002       0
1965101200 0 118 1646 1000       0
1965101206 1 128 1645 1000      15
1965101212 1 140 1643 1000      15
1965101218 1 150 1639 1000      15
1965101300 1 158 1635 1000      15
1965101306 2 165 1631 1000      20
1965101312 2 172 1624 1000      20
1965101318 3 178 1617  998      25
1965101400 3 183 1611  995      25
1965101406 3 186 1604  991      30
1965101412 3 191 1597  988      30
1965101418 4 195 1588  985      35
1965101500 4 201 1578  982      40
1965101506 4 208 1567  980      40
1965101512 4 216 1554  980      40
1965101518 4 224 1540  980      40
1965101600 5 231 1527  978      45
1965101606 5 234 1515  976      45
1965101612 5 236 1505  974      45
1965101618 5 237 1493  971      50
1965101700 5 245 1480  971      50
1965101706 5 253 1473  974      50
1965101712 5 255 1469  976      50
1965101718 5 258 1465  977      50
1965101800 5 263 1462  979      50
1965101806 5 271 1463  980      45
1965101812 4 284 1465  980      40
1965101818 4 301 1468  980      40
1965101900 4 320 1471  981      35
1965101906 4 340 1478  981      35
1965101912 4 365 1487  981      35
1965101918 3 392 1501  985      30
1965102000 9 420 1520  988      25
1965102006 9 440 1560  994       0
1965102012 9 450 1600  996       0
1965102018 9 460 1640  994       0
1965102100 9 475 1690  990       0
1965102106 9 490 1750  988       0
1965102112 9 490 1800  980       0
66666 0000   35 0039 6522 0 6 Elaine                             20110729
1965110500 0  78 1121 1008       0
1965110506 0  78 1125 1008       0
1965110512 0  79 1129 1008       0
1965110518 0  82 1132 1008       0
1965110600 0  85 1137 1008       0
1965110606 0  90 1142 1007       0
1965110612 0  94 1144 1007       0
1965110618 0 100 1147 1006       0
1965110700 0 108 1147 1005       0
1965110706 0 114 1143 1005       0
1965110712 0 117 1136 1005       0
1965110718 1 118 1129 1005      12
1965110800 1 119 1123 1005      12
1965110806 1 122 1118 1000      15
1965110812 1 131 1121 1000      15
1965110818 1 137 1128 1000      15
1965110900 1 142 1134 1000      15
1965110906 1 153 1138 1000      15
1965110912 2 161 1136  998      20
1965110918 2 166 1133  997      20
1965111000 2 169 1128  996      20
1965111006 3 166 1128  992      25
1965111012 3 169 1130  994      25
1965111018 3 172 1129  996      25
1965111100 3 178 1127  996      25
1965111106 2 185 1126  998      20
1965111112 2 190 1126 1000      20
1965111118 1 195 1125 1000      15
1965111200 1 200 1123 1000      15
1965111206 1 203 1119 1000      15
1965111212 1 204 1115 1004      12
1965111218 1 204 1112 1004      12
1965111300 1 202 1109 1006      12
1965111306 0 198 1106 1008       9
1965111312 0 196 1100 1008       9
66666 0000   54 0040 6523 1 6 Faye                               20110729
1965111318 1  74 1688 1005      15
1965111400 1  78 1682 1003      15
1965111406 2  82 1678 1001      20
1965111412 2  85 1675 1000      20
1965111418 2  87 1671  999      20
1965111500 2  92 1672  998      20
1965111506 2  95 1674  999      20
1965111512 2  98 1669 1000      20
1965111518 2  98 1661 1000      20
1965111600 2  97 1653 1000      20
1965111606 2  95 1645 1002      20
1965111612 1  92 1635 1004      15
1965111618 1  90 1625 1007      15
1965111700 1  91 1612 1006      15
1965111706 1  96 1599 1004      15
1965111712 1  95 1587 1004      15
1965111718 1  94 1577 1003      15
1965111800 1  93 1565 1003      15
1965111806 1  95 1554 1003      15
1965111812 2  97 1543 1003      20
1965111818 2 100 1531 1003      20
1965111900 2 101 1521 1003      20
1965111906 2 100 1509 1001      20
1965111912 2  97 1497 1000      20
1965111918 2  94 1483 1000      20
1965112000 2  96 1472 1000      20
1965112006 3 101 1460  997      25
1965112012 3 104 1445  993      25
1965112018 3 103 1429  989      30
1965112100 4 106 1414  986      35
1965112106 4 112 1398  981      40
1965112112 5 115 1382  970      45
1965112118 6 118 1367  958      55
1965112200 6 122 1351  952      60
1965112206 6 126 1337  949      65
1965112212 6 132 1325  944      65
1965112218 6 137 1312  938      65
1965112300 6 144 1299  934      65
1965112306 6 152 1288  932      70
1965112312 6 161 1280  930      70
1965112318 6 172 1274  926      75
1965112400 6 183 1270  928      75
1965112406 6 200 1270  936      70
1965112412 6 217 1280  941      70
1965112418 6 236 1296  947      65
1965112500 6 255 1314  954      65
1965112506 6 280 1340  957      60
1965112512 5 305 1380  960      50
1965112518 4 338 1431  970      40
1965112600 3 375 1495  975      30
1965112606 9 405 1555  976       0
1965112612 9 440 1615  972       0
1965112618 9 460 1675  976       0
1965112700 9 480 1750  986       0
66666 0000   12 0041 0000 0 6 Gloria                             20110729
1965121806 0 110 1125 1008       0
1965121812 0 102 1107 1005       0
1965121818 0  94 1092 1005       0
1965121900 0  86 1080 1006       0
1965121906 1  81 1071 1006      15
1965121912 1  79 1063 1004      15
1965121918 1  78 1049 1006      15
1965122000 0  76 1036 1008       0
1965122006 0  75 1025 1008       0
1965122012 0  75 1015 1008       0
1965122018 0  74 1009 1008       0
1965122100 0  70 1001 1008       0
