66666 0000   38 0001 9101 0 6 Sharon                             20110729
1991030500 0  40 1520 1004      10
1991030506 1  40 1510 1002      12
1991030512 1  43 1501 1002      12
1991030518 1  45 1493 1002      12
1991030600 1  50 1485 1002      12
1991030606 1  53 1480 1000      15
1991030612 1  56 1473 1000      15
1991030618 1  60 1466 1000      15
1991030700 2  65 1460  998      20
1991030706 2  69 1454  996      20
1991030712 2  71 1445  996      20
1991030718 2  71 1445  996      20
1991030800 2  65 1441  992      20
1991030806 3  63 1435  990      25
1991030812 3  63 1425  990      25
1991030818 3  63 1415  990      25
1991030900 3  63 1409  985      25
1991030906 3  63 1403  985      25
1991030912 3  64 1395  985      25
1991030918 3  65 1385  985      25
1991031000 3  67 1376  980      30
1991031006 3  68 1368  980      30
1991031012 3  68 1360  980      30
1991031018 3  69 1353  980      30
1991031100 3  69 1345  980      30
1991031106 3  69 1335  985      25
1991031112 3  70 1324  985      25
1991031118 3  73 1318  990      25
1991031200 2  77 1310  990      20
1991031206 2  83 1300  995      20
1991031212 2  86 1288  995      20
1991031218 2  90 1277  998      20
1991031300 2  95 1261  998      20
1991031306 2 105 1251  998      20
1991031312 1 110 1240  998      15
1991031318 1 113 1230 1000      15
1991031400 1 115 1223 1000      15
1991031406 1 105 1223 1000      15
66666 0000   30 0002 9102 0 6 Tim                                20110729
1991032000 1  35 1595 1002      15
1991032006 1  44 1588 1002      15
1991032012 1  50 1580 1002      15
1991032018 1  56 1567 1002      15
1991032100 1  60 1560 1002      15
1991032106 1  65 1551 1002      15
1991032112 1  73 1544 1000      15
1991032118 1  83 1542 1000      15
1991032200 2  98 1542  995      20
1991032206 2 109 1538  995      20
1991032212 2 119 1534  990      20
1991032218 3 129 1529  985      25
1991032300 3 136 1526  985      25
1991032306 3 147 1523  980      30
1991032312 3 157 1522  980      30
1991032318 4 166 1527  970      35
1991032400 4 174 1532  970      35
1991032406 4 183 1539  970      35
1991032412 4 193 1553  970      35
1991032418 3 200 1559  980      30
1991032500 3 206 1566  980      30
1991032506 3 208 1573  985      25
1991032512 2 208 1576  990      20
1991032518 2 211 1577  995      20
1991032600 1 216 1577  998      15
1991032606 1 216 1577  998      15
1991032612 1 216 1577  998      15
1991032618 1 220 1581 1000      15
1991032700 1 225 1585 1005      12
1991032706 1 230 1590 1005      12
66666 0000   24 0003 9103 0 6 Vanessa                            20110729
1991042300 0  70 1310 1008      10
1991042306 0  70 1310 1008      10
1991042312 1  80 1300 1005      12
1991042318 1  82 1290 1005      12
1991042400 1  87 1277 1002      15
1991042406 1  87 1265 1002      15
1991042412 1  90 1252 1002      15
1991042418 1  95 1241 1002      15
1991042500 1  97 1227 1002      15
1991042506 1 102 1215 1002      15
1991042512 1 108 1205 1002      15
1991042518 1 113 1193 1000      15
1991042600 1 115 1180 1000      15
1991042606 2 118 1165  998      20
1991042612 2 126 1153  995      20
1991042618 2 129 1143  995      20
1991042700 3 132 1132  990      25
1991042706 3 136 1125  990      25
1991042712 3 145 1121  990      25
1991042718 2 155 1114  995      20
1991042800 1 170 1110  998      15
1991042806 1 188 1102 1000      15
1991042812 1 190 1093 1000      15
1991042818 1 195 1080 1002      12
66666 0000   47 0004 9104 2 6 Walt                               20110729
1991050600 1  65 1515 1002      15
1991050606 1  65 1510 1002      15
1991050612 1  65 1510 1000      15
1991050618 1  75 1507  998      15
1991050700 2  80 1505  995      20
1991050706 2  84 1498  995      20
1991050712 2  87 1493  995      20
1991050718 2  88 1488  995      20
1991050800 2  90 1485  990      20
1991050806 3  93 1478  985      25
1991050812 3  95 1473  985      25
1991050818 3  99 1468  980      30
1991050900 4 105 1461  970      35
1991050906 4 110 1452  960      40
1991050912 4 112 1442  955      40
1991050918 4 114 1432  950      40
1991051000 5 117 1421  940      45
1991051006 5 121 1409  935      50
1991051012 5 124 1397  935      50
1991051018 5 128 1384  935      50
1991051100 5 130 1370  940      50
1991051106 5 134 1356  940      50
1991051112 5 137 1341  940      50
1991051118 5 140 1328  940      50
1991051200 6 144 1316  935      55
1991051206 6 148 1306  925      60
1991051212 6 153 1296  920      60
1991051218 6 157 1285  920      60
1991051300 6 159 1278  920      60
1991051306 6 163 1271  920      60
1991051312 6 167 1264  920      60
1991051318 6 172 1258  920      60
1991051400 6 177 1254  930      55
1991051406 5 182 1250  940      50
1991051412 5 190 1249  950      45
1991051418 5 197 1248  950      45
1991051500 4 205 1246  960      40
1991051506 4 213 1249  960      40
1991051512 4 223 1260  965      35
1991051518 4 233 1269  970      35
1991051600 3 243 1283  980      30
1991051606 3 252 1305  980      30
1991051612 3 264 1339  985      25
1991051618 3 278 1371  985      25
1991051700 2 296 1421  990      20
1991051706 2 315 1480  990      20
1991051712 1 365 1530  995      15
66666 0000   22 0005 9105 0 6 Yunya                              20110729
1991061200 1 120 1275 1005      15
1991061206 1 123 1270 1000      15
1991061212 1 127 1264 1000      15
1991061218 2 131 1259  995      20
1991061300 2 134 1256  995      20
1991061306 2 137 1251  990      20
1991061312 3 138 1248  980      30
1991061318 4 139 1244  970      35
1991061400 4 141 1240  960      40
1991061406 4 144 1235  955      40
1991061412 4 147 1227  955      40
1991061418 4 149 1220  960      40
1991061500 4 152 1216  970      35
1991061506 3 154 1213  980      30
1991061512 3 162 1200  985      25
1991061518 2 173 1198  990      20
1991061600 1 188 1195 1000      15
1991061606 1 200 1198 1000      15
1991061612 1 207 1207 1000      15
1991061618 1 213 1210 1002      15
1991061700 1 220 1212 1002      15
1991061706 1 225 1213 1002      15
66666 0000   21 0006 0000 0 6 (nameless)                         20110729
1991061400 1 110 1425 1008      12
1991061406 1 110 1420 1006      12
1991061412 1 110 1415 1006      12
1991061418 1 111 1411 1006      12
1991061500 1 113 1413 1006      12
1991061506 1 113 1413 1005      12
1991061512 1 113 1413 1005      12
1991061518 1 114 1414 1002      15
1991061600 1 115 1415 1002      15
1991061606 1 115 1415 1002      15
1991061612 1 120 1415 1002      15
1991061618 1 125 1417 1002      15
1991061700 1 128 1415 1002      15
1991061706 1 129 1412 1002      15
1991061712 1 132 1411 1002      15
1991061718 1 135 1410 1002      15
1991061800 1 137 1410 1002      15
1991061806 1 140 1410 1002      15
1991061812 1 145 1412 1005      12
1991061818 1 145 1415 1005      12
1991061900 1 145 1415 1005      12
66666 0000   27 0007 9106 0 6 Zeke                               20110729
1991070812 0 130 1285 1006       9
1991070818 0 133 1278 1006       9
1991070900 0 135 1270 1006       9
1991070906 0 135 1263 1002      10
1991070912 1 135 1255 1000      12
1991070918 1 135 1241 1000      15
1991071000 1 136 1225 1000      15
1991071006 1 137 1211  998      15
1991071012 2 140 1200  995      20
1991071018 2 145 1186  995      20
1991071100 2 150 1170  990      20
1991071106 3 154 1156  985      25
1991071112 3 155 1148  985      25
1991071118 3 158 1140  985      25
1991071200 3 164 1132  980      30
1991071206 3 171 1125  975      30
1991071212 4 178 1120  970      35
1991071218 5 186 1108  960      45
1991071300 4 187 1099  965      40
1991071306 3 193 1092  975      30
1991071312 3 200 1087  975      30
1991071318 3 205 1075  975      30
1991071400 3 211 1066  980      30
1991071406 3 214 1058  985      25
1991071412 1 218 1049  995      15
1991071418 1 222 1041  997      12
1991071500 1 225 1030 1000      12
66666 0000   22 0008 9107 0 6 Amy                                20110729
1991071500 1 130 1380 1005      12
1991071506 1 135 1371 1002      15
1991071512 1 138 1361 1002      15
1991071518 1 145 1349 1002      15
1991071600 1 150 1338 1000      15
1991071606 2 158 1330  995      20
1991071612 2 171 1320  995      20
1991071618 3 174 1308  990      25
1991071700 3 176 1297  985      25
1991071706 3 177 1285  980      30
1991071712 4 182 1274  970      35
1991071718 4 185 1264  960      35
1991071800 4 194 1252  950      40
1991071806 5 198 1240  945      45
1991071812 5 207 1224  940      50
1991071818 6 215 1208  930      55
1991071900 5 225 1187  940      50
1991071906 5 230 1173  945      45
1991071912 3 234 1157  970      30
1991071918 2 242 1145  990      20
1991072000 1 250 1128  995      15
1991072006 1 260 1110  995      12
66666 0000   23 0009 9108 0 6 Brendan                            20110729
1991072000 1 115 1290 1005      15
1991072006 1 125 1287 1005      15
1991072012 1 134 1281 1005      15
1991072018 1 142 1273 1005      15
1991072100 1 148 1265 1002      15
1991072106 1 154 1256 1000      15
1991072112 2 157 1245  995      20
1991072118 2 160 1237  990      20
1991072200 3 167 1230  985      25
1991072206 3 175 1221  985      25
1991072212 3 187 1212  980      30
1991072218 3 192 1200  980      30
1991072300 3 200 1183  980      30
1991072306 4 208 1165  975      35
1991072312 4 212 1149  975      35
1991072318 4 215 1141  975      35
1991072400 3 220 1132  980      30
1991072406 2 226 1123  990      20
1991072412 1 228 1112  995      15
1991072418 1 229 1101  998      15
1991072500 1 237 1081  998      12
1991072506 0 231 1064  996      10
1991072512 0 226 1037  996      10
66666 0000   13 0009 9108 0 6 Brendan(-)1                        20110729
1991072512 1 200 1050  996      12
1991072518 1 205 1060  997      12
1991072600 1 203 1050  998      12
1991072606 1 204 1072  998      12
1991072612 1 204 1072  998      12
1991072618 1 208 1070  998      12
1991072700 1 208 1070  998      12
1991072706 1 210 1070  998      12
1991072712 1 210 1070  997      12
1991072718 1 210 1070  999      15
1991072800 1 212 1078  999      12
1991072806 0 215 1075  999      10
1991072812 0 218 1075  998      10
66666 0000   37 0010 9109 0 6 Caitlin                            20110729
1991072112 1 120 1435 1006      12
1991072118 1 121 1423 1005      12
1991072200 1 123 1409 1002      15
1991072206 1 123 1395 1002      15
1991072212 1 124 1381 1002      15
1991072218 1 127 1367 1002      15
1991072300 1 130 1355 1002      15
1991072306 1 133 1347 1002      15
1991072312 1 136 1338 1002      15
1991072318 1 138 1330 1000      15
1991072400 2 144 1320  998      20
1991072406 2 152 1312  990      20
1991072412 2 155 1310  990      20
1991072418 3 159 1307  985      25
1991072500 3 170 1302  985      25
1991072506 3 186 1297  980      30
1991072512 3 195 1290  975      30
1991072518 4 203 1285  970      35
1991072600 4 213 1280  970      35
1991072606 4 223 1275  970      35
1991072612 4 232 1270  970      35
1991072618 4 237 1267  960      40
1991072700 4 244 1263  960      40
1991072706 4 251 1264  960      40
1991072712 4 261 1266  955      40
1991072718 4 271 1268  955      40
1991072800 4 284 1269  955      40
1991072806 4 294 1270  950      40
1991072812 4 306 1273  950      40
1991072818 4 318 1273  950      40
1991072900 4 329 1280  950      40
1991072906 4 343 1290  960      35
1991072912 3 360 1306  970      30
1991072918 3 377 1317  970      30
1991073000 3 396 1335  980      25
1991073006 2 415 1351  985      20
1991073012 1 430 1372  995      15
66666 0000   13 0011 0000 0 6 Doug                               20110729
1991080800 0 240 1630 1002      10
1991080806 0 247 1622 1002      10
1991080812 0 255 1614 1002      10
1991080818 0 264 1605 1002      10
1991080900 0 275 1598 1002      10
1991080906 1 283 1591 1000      15
1991080912 1 292 1584 1000      15
1991080918 1 303 1578 1000      15
1991081000 1 318 1570 1000      15
1991081006 1 337 1563 1000      15
1991081012 1 354 1566 1000      15
1991081018 1 375 1580 1000      15
1991081100 1 393 1596 1000      15
66666 0000   38 0012 9110 0 6 Ellie                              20110729
1991081000 1 217 1593 1002      12
1991081006 1 222 1585 1002      12
1991081012 1 228 1579 1000      15
1991081018 1 236 1572 1000      15
1991081100 1 240 1564 1000      15
1991081106 2 247 1551  995      20
1991081112 2 251 1537  995      20
1991081118 2 254 1522  990      20
1991081200 2 260 1508  990      20
1991081206 3 267 1496  985      25
1991081212 3 270 1482  985      25
1991081218 3 271 1466  985      25
1991081300 3 272 1455  985      25
1991081306 3 274 1442  985      25
1991081312 3 276 1431  980      30
1991081318 3 272 1418  980      30
1991081400 4 267 1408  975      35
1991081406 4 267 1395  970      35
1991081412 4 267 1383  970      35
1991081418 4 265 1366  970      35
1991081500 4 265 1354  970      35
1991081506 4 264 1340  970      35
1991081512 4 265 1322  970      35
1991081518 4 261 1301  970      35
1991081600 3 257 1290  975      30
1991081606 3 254 1275  975      30
1991081612 3 254 1262  975      30
1991081618 3 252 1250  980      30
1991081700 3 251 1242  985      25
1991081706 3 250 1233  985      25
1991081712 3 251 1226  980      30
1991081718 3 252 1220  980      30
1991081800 3 255 1210  985      30
1991081806 3 252 1201  990      25
1991081812 2 248 1197  995      20
1991081818 1 243 1193 1000      15
1991081900 1 238 1189 1000      12
1991081906 1 235 1185 1000      12
66666 0000   26 0013 9111 1 6 Fred                               20110729
1991081112 0 165 1236 1004      10
1991081118 0 170 1230 1002      10
1991081200 1 178 1228 1000      12
1991081206 1 183 1223 1000      12
1991081212 1 186 1215 1000      12
1991081218 1 188 1208 1000      15
1991081300 1 190 1202 1000      15
1991081306 1 189 1197  998      15
1991081312 2 188 1190  995      20
1991081318 2 189 1186  995      20
1991081400 3 192 1181  985      25
1991081406 3 194 1173  985      25
1991081412 3 198 1167  980      30
1991081418 3 199 1155  975      30
1991081500 4 202 1146  970      35
1991081506 4 204 1139  970      35
1991081512 4 206 1128  965      40
1991081518 4 204 1115  960      40
1991081600 5 204 1104  960      45
1991081606 4 198 1095  965      40
1991081612 4 190 1090  970      35
1991081618 4 185 1081  970      35
1991081700 3 181 1075  980      30
1991081706 3 180 1067  980      25
1991081712 1 178 1057  985      15
1991081718 1 178 1049  985      15
66666 0000   38 0014 9112 0 6 Gladys                             20110729
1991081512 1 211 1490 1000      12
1991081518 1 216 1481  998      12
1991081600 1 223 1473  995      15
1991081606 2 232 1467  990      20
1991081612 2 242 1461  990      20
1991081618 2 249 1450  990      20
1991081700 3 250 1437  985      25
1991081706 3 256 1427  985      25
1991081712 3 258 1412  985      25
1991081718 3 259 1400  985      25
1991081800 3 261 1390  980      30
1991081806 3 262 1380  975      30
1991081812 3 263 1373  975      30
1991081818 3 267 1369  975      30
1991081900 3 272 1358  975      30
1991081906 3 270 1350  975      30
1991081912 3 273 1345  975      30
1991081918 3 277 1341  975      30
1991082000 3 281 1337  975      30
1991082006 3 282 1328  975      30
1991082012 3 280 1318  975      30
1991082018 3 283 1309  975      30
1991082100 3 286 1304  975      30
1991082106 3 290 1301  975      30
1991082112 3 294 1297  975      30
1991082118 3 298 1296  975      30
1991082200 3 305 1294  975      30
1991082206 3 313 1293  975      30
1991082212 3 319 1290  980      25
1991082218 3 327 1287  980      25
1991082300 3 336 1283  985      25
1991082306 2 346 1277  990      20
1991082312 2 356 1266  990      20
1991082318 2 358 1254  990      20
1991082400 1 355 1243  995      15
1991082406 1 351 1229  995      15
1991082412 1 350 1215  998      15
1991082418 1 350 1205 1000      12
66666 0000   24 0015 9113 0 6 (nameless)                         20110729
1991082312 1 273 1460  996      12
1991082318 1 270 1452  996      12
1991082400 1 267 1445  995      15
1991082406 1 267 1438  995      15
1991082412 1 269 1432  995      15
1991082418 1 270 1422  995      15
1991082500 1 270 1412  995      15
1991082506 1 268 1405  995      15
1991082512 1 269 1397  995      15
1991082518 1 270 1389  995      15
1991082600 1 270 1380  995      15
1991082606 1 270 1370  995      15
1991082612 1 270 1362  995      15
1991082618 1 272 1355  995      15
1991082700 1 275 1346  995      15
1991082706 1 278 1337  995      15
1991082712 2 283 1326  995      20
1991082718 2 288 1318  995      20
1991082800 2 298 1308  995      20
1991082806 2 304 1297  995      20
1991082812 2 314 1292  995      20
1991082818 1 325 1287  998      15
1991082900 1 331 1287  998      15
1991082906 1 341 1289 1000      12
66666 0000   17 0016 9114 1 6 Harry                              20110729
1991082818 1 240 1330 1000      12
1991082900 1 252 1330 1000      12
1991082906 1 262 1330  995      15
1991082912 1 273 1331  995      15
1991082918 1 285 1336  995      15
1991083000 2 295 1342  990      20
1991083006 2 310 1352  990      20
1991083012 2 328 1365  990      20
1991083018 2 348 1380  990      20
1991083100 2 361 1397  990      20
1991083106 1 383 1422  995      15
1991083112 9 410 1450  995      15
1991083118 9 430 1490  995      15
1991090100 9 440 1550  995      15
1991090106 9 450 1590  995      15
1991090112 9 460 1630  990      15
1991090118 9 470 1670  990      15
66666 0000   37 0017 9115 1 6 Ivy                                20110729
1991090206 1  75 1555 1002      15
1991090212 1  79 1546 1000      15
1991090218 1  86 1544 1000      15
1991090300 2  95 1540  995      20
1991090306 2 102 1535  995      20
1991090312 2 106 1528  990      20
1991090318 2 110 1520  990      20
1991090400 3 115 1508  985      25
1991090406 3 122 1500  985      25
1991090412 3 130 1490  985      25
1991090418 3 139 1485  985      25
1991090500 3 147 1480  985      25
1991090506 3 161 1476  980      30
1991090512 4 175 1470  970      35
1991090518 4 192 1459  970      35
1991090600 4 207 1454  970      35
1991090606 4 223 1440  965      40
1991090612 4 233 1424  960      40
1991090618 5 244 1411  950      45
1991090700 5 255 1400  950      45
1991090706 5 262 1391  950      45
1991090712 5 273 1381  940      50
1991090718 5 282 1376  940      50
1991090800 5 290 1372  940      50
1991090806 5 303 1375  950      45
1991090812 5 311 1382  950      45
1991090818 4 321 1391  960      40
1991090900 4 328 1406  960      40
1991090906 4 339 1424  960      40
1991090912 4 348 1452  965      35
1991090918 4 358 1482  965      35
1991091000 4 372 1518  965      35
1991091006 3 386 1553  975      30
1991091012 9 396 1590  980      25
1991091018 9 400 1620  985      20
1991091100 9 410 1660  990      15
1991091106 9 430 1690  990      15
66666 0000   23 0018 9116 0 6 Joel                               20110729
1991090212 1 175 1193 1002      15
1991090218 1 175 1193 1002      15
1991090300 1 180 1190 1000      15
1991090306 1 185 1187 1000      15
1991090312 1 188 1184 1000      15
1991090318 1 193 1182 1000      15
1991090400 2 198 1177  995      20
1991090406 2 200 1168  995      20
1991090412 2 201 1158  995      20
1991090418 2 202 1150  990      20
1991090500 2 203 1145  990      20
1991090506 3 204 1143  985      25
1991090512 3 205 1145  985      25
1991090518 3 206 1150  985      25
1991090600 3 212 1154  985      25
1991090606 3 220 1156  980      30
1991090612 3 226 1154  980      30
1991090618 3 230 1148  985      25
1991090700 1 236 1145  990      12   20
1991090706 1 245 1140  994      12   20
1991090712 1 250 1137  995      12   20
1991090718 1 252 1132  998      12   20
1991090800 1 252 1132 1002      12   20
66666 0000   26 0019 9117 1 6 Kinna                              20110729
1991091000 1 140 1410 1005      12
1991091006 1 150 1404 1005      12
1991091012 1 164 1395 1002      15
1991091018 1 180 1383 1002      15
1991091100 1 191 1362 1000      15
1991091106 2 202 1345  990      20
1991091112 2 211 1332  990      20
1991091118 3 222 1319  985      25
1991091200 3 229 1305  985      25
1991091206 3 240 1293  980      30
1991091212 3 250 1285  980      30
1991091218 3 256 1279  980      30
1991091300 4 267 1276  960      40
1991091306 4 283 1279  955      40
1991091312 4 299 1284  955      40
1991091318 4 319 1291  955      40
1991091400 4 340 1310  970      35
1991091406 3 362 1344  980      30
1991091412 2 380 1400  990      20
1991091418 9 390 1450 1000      15
1991091500 9 405 1510 1000      15
1991091506 9 410 1560 1002      15
1991091512 9 410 1620 1004      12
1991091518 9 410 1660 1004      12
1991091600 9 410 1700 1002      12
1991091606 9 410 1750 1000      12
66666 0000   63 0020 9120 1 6 Mireille                           20110729
1991091300 1 127 1714 1008      12
1991091306 1 125 1705 1008      12
1991091312 1 125 1700 1008      12
1991091318 1 126 1693 1008      12
1991091400 1 129 1687 1006      12
1991091406 1 131 1679 1004      12
1991091412 1 131 1671 1004      12
1991091418 1 134 1660 1004      12
1991091500 1 135 1648 1002      15
1991091506 1 136 1631 1002      15
1991091512 1 140 1616 1002      15
1991091518 1 145 1599 1002      15
1991091600 2 149 1587  995      20
1991091606 2 151 1576  990      20
1991091612 3 152 1566  985      25
1991091618 3 155 1559  980      30
1991091700 4 158 1552  975      35
1991091706 4 160 1544  975      35
1991091712 4 162 1537  970      35
1991091718 4 162 1531  965      35
1991091800 4 160 1525  965      35
1991091806 4 158 1518  965      35
1991091812 4 155 1510  965      35
1991091818 4 154 1502  955      40
1991091900 4 154 1490  955      40
1991091906 5 154 1476  950      45
1991091912 5 156 1460  950      45
1991091918 5 156 1445  950      45
1991092000 5 154 1433  950      45
1991092006 5 152 1420  950      45
1991092012 5 150 1406  950      45
1991092018 5 147 1394  950      45
1991092100 5 144 1384  950      45
1991092106 5 144 1372  950      45
1991092112 5 147 1362  950      45
1991092118 5 151 1353  940      50
1991092200 5 154 1345  940      50
1991092206 5 157 1338  940      50
1991092212 6 163 1332  935      55
1991092218 6 169 1326  935      55
1991092300 6 175 1321  935      55
1991092306 6 182 1315  935      55
1991092312 6 187 1308  930      55
1991092318 6 191 1301  930      55
1991092400 6 193 1297  930      55
1991092406 6 200 1292  930      55
1991092412 6 205 1288  930      55
1991092418 6 210 1282  930      55
1991092500 6 215 1277  930      55
1991092506 6 222 1273  930      55
1991092512 5 231 1267  940      50
1991092518 5 238 1262  940      50
1991092600 5 244 1258  940      50
1991092606 5 254 1257  940      50
1991092612 5 265 1260  940      50
1991092618 5 280 1264  940      50
1991092700 5 297 1276  940      50
1991092706 5 325 1293  945      45
1991092712 4 357 1323  955      40
1991092718 4 391 1364  960      35
1991092800 4 435 1419  970      35
1991092806 9 470 1480  965      30
1991092812 9 480 1520  965      25
66666 0000   29 0021 9118 1 6 Luke                               20110729
1991091400 1 150 1445 1005      15
1991091406 1 158 1435 1005      15
1991091412 1 164 1425 1002      15
1991091418 1 169 1411 1002      15
1991091500 1 175 1398 1000      15
1991091506 1 180 1385 1000      15
1991091512 1 185 1372  998      15
1991091518 2 189 1364  995      20
1991091600 2 195 1351  995      20
1991091606 2 210 1337  995      20
1991091612 2 215 1327  990      20
1991091618 3 217 1320  985      25
1991091700 3 221 1311  985      25
1991091706 3 224 1304  985      25
1991091712 3 225 1295  985      25
1991091718 3 236 1293  985      25
1991091800 3 254 1301  985      25
1991091806 3 265 1305  985      25
1991091812 3 270 1315  980      30
1991091818 3 274 1328  980      30
1991091900 3 285 1355  980      30
1991091906 3 316 1385  980      30
1991091912 3 355 1414  980      30
1991091918 9 385 1445  985      30
1991092000 9 410 1490  990      20
1991092006 9 420 1540  990      15
1991092012 9 420 1600  990      15
1991092018 9 430 1650  990      15
1991092100 9 440 1690  990      15
66666 0000   76 0022 9119 0 6 Nat                                20110729
1991091400 1 165 1304 1005      12
1991091406 1 170 1298 1002      15
1991091412 1 176 1290 1002      15
1991091418 1 180 1280 1002      15
1991091500 1 185 1270 1002      15
1991091506 1 195 1254 1002      15
1991091512 1 200 1232 1002      15
1991091518 1 203 1224 1000      15
1991091600 2 203 1217  995      20
1991091606 2 203 1209  995      20
1991091612 2 204 1199  995      20
1991091618 2 204 1194  995      20
1991091700 2 206 1186  995      20
1991091706 2 206 1186  995      20
1991091712 2 203 1180  995      20
1991091718 2 203 1178  995      20
1991091800 2 198 1185  995      20
1991091806 2 194 1192  995      20
1991091812 2 196 1196  995      20
1991091818 2 198 1198  995      20
1991091900 2 201 1202  995      20
1991091906 2 205 1209  995      20
1991091912 2 205 1214  995      20
1991091918 2 210 1225  995      20
1991092000 2 215 1234  995      20
1991092006 2 215 1240  995      20
1991092012 2 215 1250  990      20
1991092018 2 215 1255  990      20
1991092100 3 215 1255  985      25
1991092106 4 215 1255  970      35
1991092112 4 213 1253  960      40
1991092118 4 216 1247  955      40
1991092200 5 217 1239  950      45
1991092206 5 218 1233  950      45
1991092212 5 220 1224  940      50
1991092218 5 222 1215  940      50
1991092300 5 222 1207  950      45
1991092306 4 224 1201  960      40
1991092312 3 227 1196  975      30
1991092318 3 227 1190  985      25
1991092400 2 225 1185  990      20
1991092406 2 224 1181  990      20
1991092412 1 220 1181  995      15
1991092418 1 210 1180 1000      15
1991092500 1 201 1170 1000      15
1991092506 1 196 1166 1000      15
1991092512 1 190 1163 1000      15
1991092518 1 184 1160 1002      15
1991092600 1 175 1159 1002      15
1991092606 1 171 1161 1002      15
1991092612 1 165 1160 1000      15
1991092618 1 160 1165 1000      15
1991092700 1 162 1173 1000      15
1991092706 1 161 1176 1000      15
1991092712 1 160 1180 1000      15
1991092718 1 165 1180 1000      15
1991092800 1 165 1180 1000      15
1991092806 1 165 1173 1000      15
1991092812 1 162 1170 1000      15
1991092818 1 160 1165 1000      15
1991092900 1 162 1163  998      15
1991092906 2 164 1158  995      20
1991092912 2 173 1159  990      20
1991092918 3 179 1165  985      25
1991093000 3 188 1169  985      25
1991093006 3 199 1173  985      25
1991093012 3 208 1176  980      30
1991093018 3 217 1176  975      30
1991100100 3 222 1175  975      30
1991100106 4 228 1175  970      35
1991100112 4 235 1172  970      35
1991100118 2 240 1164  995      20
1991100200 1 250 1154 1002      12
1991100206 1 270 1155 1005      12
1991100212 0 272 1160 1008       9
1991100218 0 270 1165 1008       9
66666 0000   47 0023 9121 1 6 Orchid                             20110729
1991100300 1 185 1425 1000      15
1991100306 1 185 1412  996      15
1991100312 1 185 1402  996      15
1991100318 1 188 1394  995      15
1991100400 1 190 1386  995      15
1991100406 2 190 1379  992      20
1991100412 2 191 1370  990      20
1991100418 2 191 1367  990      20
1991100500 3 191 1365  985      25
1991100506 3 193 1360  985      25
1991100512 3 193 1350  985      25
1991100518 3 192 1344  980      30
1991100600 3 191 1338  980      30
1991100606 4 190 1331  970      35
1991100612 4 189 1325  960      40
1991100618 5 190 1319  950      45
1991100700 5 191 1314  945      45
1991100706 5 194 1311  940      45
1991100712 5 199 1308  930      50
1991100718 5 203 1305  930      50
1991100800 5 208 1304  930      50
1991100806 5 215 1303  930      50
1991100812 5 222 1305  930      50
1991100818 5 231 1310  940      45
1991100900 5 240 1317  940      45
1991100906 5 250 1325  945      45
1991100912 4 258 1332  955      40
1991100918 4 265 1337  955      40
1991101000 4 271 1348  955      40
1991101006 4 278 1352  965      35
1991101012 4 284 1357  965      35
1991101018 4 289 1363  965      35
1991101100 4 296 1368  965      35
1991101106 3 302 1370  975      30
1991101112 3 308 1370  975      30
1991101118 3 311 1373  975      30
1991101200 3 313 1379  975      30
1991101206 3 319 1385  975      30
1991101212 3 323 1395  975      30
1991101218 3 329 1407  980      25
1991101300 3 339 1428  980      25
1991101306 3 355 1446  980      25
1991101312 3 374 1469  980      25
1991101318 9 397 1495  980      25
1991101400 9 427 1517  980      25
1991101406 9 460 1550  975      20
1991101412 9 480 1590  975      20
66666 0000   35 0024 9122 1 6 Pat                                20110729
1991100512 1 148 1570 1002      12
1991100518 1 150 1560 1000      15
1991100600 2 153 1550  995      20
1991100606 2 156 1538  995      20
1991100612 2 158 1531  995      20
1991100618 3 160 1526  985      25
1991100700 3 161 1520  975      30
1991100706 3 164 1517  975      30
1991100712 4 170 1515  965      35
1991100718 4 175 1513  965      35
1991100800 4 178 1512  955      40
1991100806 5 182 1511  945      45
1991100812 5 191 1511  945      45
1991100818 5 196 1509  945      45
1991100900 5 202 1507  940      45
1991100906 5 209 1503  930      50
1991100912 5 213 1498  930      50
1991100918 5 218 1496  930      50
1991101000 5 223 1496  930      50
1991101006 5 228 1496  930      50
1991101012 5 234 1498  940      45
1991101018 4 243 1501  950      40
1991101100 4 250 1506  955      40
1991101106 4 263 1513  965      35
1991101112 4 276 1514  965      35
1991101118 4 295 1515  965      35
1991101200 4 315 1518  965      35
1991101206 4 337 1521  965      35
1991101212 4 359 1530  965      35
1991101218 3 384 1543  975      30
1991101300 3 405 1553  975      30
1991101306 9 424 1569  975      30
1991101312 9 441 1590  985      25
1991101318 9 450 1620  985      25
1991101400 9 460 1650  990      20
66666 0000   59 0025 9123 0 6 Ruth                               20110729
1991101912 1  85 1465 1004      12
1991101918 1  90 1460 1004      12
1991102000 1  96 1454 1000      15
1991102006 1 100 1450 1000      15
1991102012 1 105 1446 1000      15
1991102018 1 110 1441 1000      15
1991102100 1 115 1435 1000      15
1991102106 2 116 1426  995      20
1991102112 2 117 1424  995      20
1991102118 2 119 1421  990      20
1991102200 3 123 1418  985      25
1991102206 3 128 1413  985      25
1991102212 3 135 1407  980      30
1991102218 4 139 1398  970      35
1991102300 4 140 1389  960      40
1991102306 5 142 1381  950      45
1991102312 5 143 1372  940      50
1991102318 5 144 1363  935      50
1991102400 6 146 1353  930      55
1991102406 6 148 1343  920      60
1991102412 6 151 1332  910      60
1991102418 6 154 1322  910      60
1991102500 6 157 1312  910      60
1991102506 6 161 1304  910      60
1991102512 6 165 1296  910      60
1991102518 6 170 1286  910      60
1991102600 6 175 1276  920      60
1991102606 6 179 1264  920      60
1991102612 6 183 1257  920      55
1991102618 6 187 1243  930      55
1991102700 5 187 1233  940      50
1991102706 5 183 1227  940      50
1991102712 5 180 1221  950      45
1991102718 4 179 1213  960      40
1991102800 4 177 1210  970      35
1991102806 4 178 1207  970      35
1991102812 4 180 1203  975      35
1991102818 3 182 1199  980      30
1991102900 3 188 1196  980      30
1991102906 3 193 1196  985      25
1991102912 2 197 1198  990      20
1991102918 1 201 1201  998      15
1991103000 1 207 1210  998      15
1991103006 1 215 1222  998      15
1991103012 1 224 1235  998      15
1991103018 9 232 1251 1000      20
1991103100 9 240 1270 1000      20
1991103106 9 250 1290 1002      20
1991103112 9 260 1315 1002      20
1991103118 9 273 1345 1002      20
1991110100 9 289 1375 1002      20
1991110106 9 310 1410 1002      20
1991110112 9 321 1433 1003      15
1991110118 9 334 1461 1005      15
1991110200 9 340 1490 1005      15
1991110206 9 343 1520 1005      15
1991110212 9 344 1550 1005      15
1991110218 9 339 1577 1005      15
1991110300 9 330 1600 1005      15
66666 0000   59 0026 9124 0 6 Seth                               20110729
1991103100 1  70 1640 1006      12
1991103106 1  76 1631 1005      15
1991103112 1  79 1620 1005      15
1991103118 1  80 1605 1005      15
1991110100 1  81 1591 1002      15
1991110106 1  85 1575 1002      15
1991110112 2  90 1553  998      20
1991110118 2 100 1543  995      20
1991110200 2 109 1530  990      20
1991110206 3 119 1520  985      25
1991110212 3 124 1505  980      30
1991110218 4 135 1495  970      35
1991110300 4 141 1483  970      35
1991110306 4 147 1473  960      40
1991110312 4 155 1464  955      40
1991110318 5 161 1451  940      45
1991110400 5 164 1441  940      45
1991110406 5 169 1430  930      50
1991110412 5 175 1422  930      50
1991110418 5 180 1414  930      50
1991110500 5 183 1409  930      50
1991110506 5 188 1403  930      50
1991110512 5 192 1399  930      50
1991110518 5 194 1396  930      50
1991110600 5 195 1395  930      50
1991110606 5 197 1394  940      45
1991110612 5 197 1391  940      45
1991110618 4 197 1388  955      40
1991110700 4 197 1385  955      40
1991110706 4 197 1377  955      40
1991110712 4 197 1370  955      40
1991110718 4 195 1364  955      40
1991110800 4 196 1358  955      40
1991110806 4 196 1352  955      40
1991110812 5 196 1347  940      45
1991110818 5 193 1341  940      45
1991110900 5 189 1334  940      45
1991110906 5 187 1326  940      45
1991110912 5 185 1317  940      45
1991110918 5 184 1308  940      45
1991111000 5 184 1300  940      45
1991111006 5 184 1292  940      45
1991111012 5 184 1285  940      45
1991111018 5 182 1279  940      45
1991111100 5 178 1274  940      45
1991111106 5 176 1268  940      45
1991111112 4 175 1265  955      40
1991111118 4 175 1260  965      35
1991111200 4 173 1252  965      35
1991111206 3 172 1246  975      30
1991111212 3 178 1233  985      25
1991111218 2 185 1225  990      20
1991111300 2 187 1220  990      20
1991111306 2 195 1211  995      20
1991111312 2 198 1205  995      20
1991111318 2 197 1200  998      20
1991111400 2 196 1199  998      20
1991111406 1 190 1195 1000      15
1991111412 1 185 1194 1004      12
66666 0000   35 0027 9125 0 6 Thelma                             20110729
1991103100 0  80 1400 1008      10
1991103106 0  90 1395 1008      10
1991103112 1  98 1390 1005      12
1991103118 1 104 1374 1005      12
1991110100 1 113 1360 1005      12
1991110106 1 121 1345 1002      15
1991110112 1 130 1337 1002      15
1991110118 1 135 1330 1002      15
1991110200 1 137 1325 1002      15
1991110206 1 138 1318 1002      15
1991110212 1 138 1313 1002      15
1991110218 1 138 1306 1002      15
1991110300 1 138 1300 1002      15
1991110306 1 138 1300 1000      15
1991110312 1 135 1295 1000      15
1991110318 1 132 1287 1000      15
1991110400 2 129 1280  998      20
1991110406 2 124 1274  995      20
1991110412 2 121 1265  995      20
1991110418 2 117 1260  990      20
1991110500 2 115 1249  990      20
1991110506 2 113 1242  988      20
1991110512 2 110 1232  988      20
1991110518 2 106 1217  990      20
1991110600 2 102 1200  990      20
1991110606 2 103 1188  990      20
1991110612 2 108 1170  995      20
1991110618 2 114 1154  995      20
1991110700 2 115 1144  995      20
1991110706 2 115 1125  995      20
1991110712 2 115 1118  998      20
1991110718 1 115 1118 1000      15
1991110800 1 110 1110 1000      15
1991110806 1 104 1100 1002      15
1991110812 1  93 1095 1002      15
66666 0000   32 0028 9126 0 6 Verne                              20110729
1991110500 1  75 1662 1004      15
1991110506 1  80 1650 1004      15
1991110512 1  85 1634 1004      15
1991110518 1  96 1615 1004      15
1991110600 1 110 1590 1002      15
1991110606 1 115 1579 1000      15
1991110612 2 125 1558  995      20
1991110618 2 135 1545  995      20
1991110700 2 140 1533  995      20
1991110706 2 146 1530  995      20
1991110712 2 149 1525  995      20
1991110718 2 150 1518  995      20
1991110800 3 150 1514  990      25
1991110806 3 155 1511  985      25
1991110812 3 160 1501  985      25
1991110818 3 165 1488  985      25
1991110900 3 168 1481  980      30
1991110906 3 172 1475  980      30
1991110912 3 175 1465  980      30
1991110918 3 178 1460  980      30
1991111000 3 180 1454  985      25
1991111006 3 193 1445  985      25
1991111012 3 202 1442  985      25
1991111018 3 212 1435  985      25
1991111100 3 215 1425  985      25
1991111106 3 225 1410  985      25
1991111112 3 235 1412  985      25
1991111118 2 246 1429  990      20
1991111200 2 259 1454  990      20
1991111206 2 273 1476  995      20
1991111212 2 289 1508  998      20
1991111218 1 310 1560 1000      15
66666 0000   25 0029 9127 0 6 Wilda                              20110729
1991111400 1  75 1340 1006      12
1991111406 1  80 1331 1006      12
1991111412 1  87 1317 1002      15
1991111418 1  97 1303 1002      15
1991111500 1 103 1290 1000      15
1991111506 2 108 1282  995      20
1991111512 2 113 1271  995      20
1991111518 2 119 1261  995      20
1991111600 2 128 1252  995      20
1991111606 2 133 1244  995      20
1991111612 2 138 1231  995      20
1991111618 2 140 1218  995      20
1991111700 3 140 1212  990      25
1991111706 3 144 1206  990      25
1991111712 3 148 1201  990      25
1991111718 3 153 1193  990      25
1991111800 3 160 1188  990      25
1991111806 3 168 1185  990      25
1991111812 3 173 1181  990      25
1991111818 3 177 1177  990      25
1991111900 2 178 1172  995      20
1991111906 1 176 1165 1000      15
1991111912 1 174 1159 1000      15
1991111918 1 166 1146 1002      12
1991112000 1 162 1132 1002      12
66666 0000   42 0030 9128 1 6 Yuri                               20110729
1991112218 1  43 1662 1000      15
1991112300 1  43 1662  998      15
1991112306 2  45 1660  995      20
1991112312 2  48 1658  990      20
1991112318 2  52 1654  990      20
1991112400 2  55 1650  990      20
1991112406 3  62 1642  985      25
1991112412 3  70 1627  975      30
1991112418 4  71 1613  970      35
1991112500 4  72 1599  970      35
1991112506 4  76 1583  965      35
1991112512 4  81 1566  965      40
1991112518 4  88 1551  955      40
1991112600 5  91 1533  950      45
1991112606 5  95 1515  950      45
1991112612 5  96 1497  940      50
1991112618 5 100 1483  930      50
1991112700 6 106 1469  915      55
1991112706 6 116 1455  915      55
1991112712 6 126 1440  915      55
1991112718 6 132 1427  915      55
1991112800 6 142 1415  910      55
1991112806 6 150 1405  910      55
1991112812 6 160 1398  910      55
1991112818 6 169 1392  915      55
1991112900 5 178 1389  915      50
1991112906 5 187 1389  920      50
1991112912 5 195 1391  925      50
1991112918 5 205 1397  940      45
1991113000 5 212 1405  945      45
1991113006 4 222 1422  955      40
1991113012 4 235 1441  965      35
1991113018 4 250 1466  970      35
1991120100 4 275 1490  970      35
1991120106 3 295 1505  980      30
1991120112 3 323 1545  985      25
1991120118 3 340 1566  985      25
1991120200 9 350 1590  980      25
1991120206 9 360 1620  980      20
1991120212 9 370 1660  980      20
1991120218 9 380 1700  975      20
1991120300 9 390 1740  975      20
66666 0000   27 0031 9129 0 6 Zelda                              20110729
1991112718 1  69 1740 1000      12
1991112800 1  71 1727 1000      12
1991112806 1  79 1718 1000      15
1991112812 1  81 1709  998      15
1991112818 1  83 1701  998      15
1991112900 2  83 1680  995      20
1991112906 2  86 1671  990      20
1991112912 2  88 1656  990      20
1991112918 2  92 1640  990      20
1991113000 3  97 1627  985      25
1991113006 3 104 1612  985      25
1991113012 3 112 1596  985      25
1991113018 3 122 1582  975      30
1991120100 3 130 1570  975      30
1991120106 3 140 1563  975      30
1991120112 3 152 1562  975      30
1991120118 3 163 1565  975      30
1991120200 3 174 1574  975      30
1991120206 3 182 1586  975      30
1991120212 3 189 1599  985      25
1991120218 3 195 1613  985      25
1991120300 2 202 1627  990      20
1991120306 2 206 1635  995      20
1991120312 2 215 1642  995      20
1991120318 1 220 1652 1000      15
1991120400 1 225 1652 1000      15
1991120406 1 230 1652 1000      12
