66666 0000   25 0001 0000 0 6 (nameless)                         20110729
1967010900 0  69 1437 1002       0
1967010906 0  70 1430 1002       0
1967010912 0  71 1424 1004       0
1967010918 0  73 1416 1004       0
1967011000 0  73 1408 1004       0
1967011006 0  72 1400 1004       0
1967011012 0  71 1393 1004       0
1967011018 0  70 1384 1005       0
1967011100 0  68 1374 1005       0
1967011106 0  67 1366 1005       0
1967011112 0  66 1356 1005       0
1967011118 0  66 1346 1005       0
1967011200 0  68 1337 1005       0
1967011206 0  71 1329 1004       0
1967011212 0  75 1319 1004       0
1967011218 1  81 1310 1004      12
1967011300 1  88 1300 1004      15
1967011306 1  95 1292 1004      15
1967011312 1 103 1283 1004      15
1967011318 1 110 1277 1004      12
1967011400 1 116 1270 1004      12
1967011406 1 120 1260 1004      12
1967011412 0 119 1250 1006       0
1967011418 0 115 1240 1007       0
1967011500 0 110 1230 1008       0
66666 0000   50 0002 0000 0 6 Ruby                               20110729
1967012806 1  52 1402 1000      15
1967012812 1  50 1401  999      15
1967012818 1  49 1399  998      15
1967012900 1  50 1397  996      15
1967012906 1  54 1393  998      15
1967012912 1  57 1391  999      15
1967012918 1  57 1394 1000      15
1967013000 1  55 1396 1000      15
1967013006 1  54 1395 1000      15
1967013012 1  54 1393 1000      15
1967013018 1  55 1391 1000      15
1967013100 1  56 1389 1000      15
1967013106 1  57 1385 1000      15
1967013112 1  59 1379 1000      15
1967013118 1  60 1371 1000      15
1967020100 1  61 1363 1002      15
1967020106 1  64 1353 1002      15
1967020112 1  67 1342 1004      15
1967020118 1  69 1335 1004      15
1967020200 1  71 1330 1004      15
1967020206 1  73 1325 1002      15
1967020212 1  75 1321 1002      15
1967020218 1  77 1317 1002      15
1967020300 1  80 1314 1002      15
1967020306 1  85 1312 1002      15
1967020312 1  90 1312 1002      15
1967020318 1  95 1313 1002      15
1967020400 1 100 1315 1002      15
1967020406 1 105 1316 1002      15
1967020412 1 108 1317 1002      15
1967020418 1 113 1319 1002      15
1967020500 1 118 1321 1002      15
1967020506 2 118 1318 1000      20
1967020512 2 113 1314 1000      20
1967020518 2 108 1311 1002      20
1967020600 2 100 1310 1005      20
1967020606 2  90 1310 1004      20
1967020612 2  81 1309 1004      20
1967020618 2  74 1308 1003      20
1967020700 1  68 1305 1003      15
1967020706 1  65 1300 1003      15
1967020712 1  62 1294 1003      15
1967020718 1  61 1288 1003      15
1967020800 1  61 1282 1002      15
1967020806 1  63 1279 1001      15
1967020812 1  64 1277 1001      15
1967020818 1  66 1275 1002      15
1967020900 1  67 1274 1002      15
1967020906 1  68 1272 1002      15
1967020912 0  70 1270 1004       0
66666 0000   29 0003 0000 0 6 Sally                              20110729
1967022800 0  15 1445 1006       0
1967022806 0  23 1428 1006       0
1967022812 0  34 1412 1006       0
1967022818 0  42 1398 1006       0
1967030100 0  50 1382 1004       0
1967030106 1  58 1367 1002      15
1967030112 2  67 1352 1000      20
1967030118 3  75 1336  990      30
1967030200 4  87 1321  980      40
1967030206 4  92 1307  980      40
1967030212 4  95 1293  980      40
1967030218 4  96 1278  985      35
1967030300 3  96 1264  988      30
1967030306 3  98 1250  988      25
1967030312 3 100 1238  988      25
1967030318 2 102 1225  990      20
1967030400 2 103 1214 1000      20
1967030406 2 106 1196 1000      20
1967030412 2 109 1182 1000      20
1967030418 2 109 1177 1002      20
1967030500 1 108 1171 1002      15
1967030506 0 108 1165 1002       0
1967030512 0 108 1160 1004       0
1967030518 0 106 1153 1004       0
1967030600 0  94 1152 1004       0
1967030606 0  83 1153 1004       0
1967030612 0  75 1151 1004       0
1967030618 0  70 1148 1004       0
1967030700 0  64 1143 1008       0
66666 0000   43 0004 0000 1 6 Therese                            20110729
1967031518 1  78 1480 1004      15
1967031600 1  82 1470 1004      15
1967031606 1  86 1463 1002      15
1967031612 2  93 1455 1000      20
1967031618 2  97 1445 1000      20
1967031700 2  99 1430 1000      20
1967031706 2 100 1420  999      20
1967031712 2 103 1412  998      20
1967031718 2 105 1404  997      20
1967031800 2 106 1398  995      20
1967031806 3 110 1395  994      30
1967031812 3 114 1397  994      30
1967031818 3 121 1397  994      30
1967031900 3 128 1393  991      30
1967031906 3 133 1393  991      30
1967031912 3 139 1396  993      25
1967031918 3 144 1402  993      25
1967032000 3 148 1409  993      25
1967032006 3 149 1418  993      25
1967032012 3 149 1428  993      25
1967032018 3 150 1437  995      25
1967032100 3 152 1453  997      25
1967032106 3 157 1466  998      25
1967032112 2 161 1478  998      20
1967032118 2 164 1485  998      20
1967032200 2 167 1491  998      20
1967032206 2 170 1497  998      20
1967032212 2 180 1504  998      20
1967032218 2 191 1506  998      20
1967032300 2 198 1504  998      20
1967032306 2 204 1502  998      20
1967032312 2 209 1505 1001      20
1967032318 2 213 1509 1005      20
1967032400 2 216 1515 1007      20
1967032406 2 225 1527 1007      20
1967032412 2 238 1545 1007      20
1967032418 2 250 1560 1008      20
1967032500 9 260 1580 1010      15
1967032506 9 270 1600 1014       0
1967032512 9 285 1625 1014       0
1967032518 9 300 1660 1020       0
1967032600 9 320 1700 1022       0
1967032606 9 350 1760 1020       0
66666 0000   46 0005 6701 0 6 Violet                             20110729
1967033118 0  40 1505 1000       0
1967040100 0  46 1501 1000       0
1967040106 0  52 1489 1000       0
1967040112 0  56 1479  998       0
1967040118 1  60 1470  998      15
1967040200 2  63 1457  991      20
1967040206 3  68 1446  987      25
1967040212 3  75 1437  991      25
1967040218 3  83 1422  992      25
1967040300 3  89 1409  986      30
1967040306 3  99 1399  981      30
1967040312 4 105 1384  980      35
1967040318 4 112 1371  979      35
1967040400 4 120 1363  978      35
1967040406 4 124 1353  973      35
1967040412 4 126 1346  968      35
1967040418 4 128 1337  964      40
1967040500 4 130 1332  960      40
1967040506 5 132 1327  950      45
1967040512 5 135 1324  938      50
1967040518 5 136 1316  932      50
1967040600 6 139 1306  930      60
1967040606 6 143 1298  930      60
1967040612 5 147 1291  935      50
1967040618 5 151 1282  941      50
1967040700 5 156 1272  944      50
1967040706 5 159 1262  947      50
1967040712 5 164 1252  949      50
1967040718 5 169 1241  957      50
1967040800 5 174 1227  968      50
1967040806 5 176 1216  978      45
1967040812 4 181 1202  988      40
1967040818 4 186 1194  991      35
1967040900 4 192 1188  991      35
1967040906 3 197 1182  992      30
1967040912 3 203 1178  994      30
1967040918 3 206 1176  995      30
1967041000 3 209 1177  995      30
1967041006 3 213 1180  995      30
1967041012 3 215 1187  996      25
1967041018 2 216 1196  998      20
1967041100 1 217 1205 1004      15
1967041106 1 218 1214 1007      15
1967041112 1 222 1229 1007      15
1967041118 1 234 1234 1010      15
1967041200 0 240 1233 1015       0
66666 0000   21 0006 0000 0 6 Wilda                              20110729
1967050806 0  60 1365 1006       0
1967050812 0  72 1372 1006       0
1967050818 0  81 1374 1006       0
1967050900 0  88 1370 1006       0
1967050906 0  96 1362 1005       0
1967050912 1 102 1352 1005      15
1967050918 1 108 1346 1005      15
1967051000 2 114 1342 1005      20
1967051006 2 124 1346 1005      20
1967051012 2 132 1345 1004      20
1967051018 2 132 1341 1004      20
1967051100 2 132 1337 1004      20
1967051106 2 132 1334 1004      20
1967051112 2 131 1330 1004      20
1967051118 2 130 1326 1004      20
1967051200 2 128 1323 1004      20
1967051206 1 126 1321 1004      15
1967051212 0 125 1320 1004      10
1967051218 0 122 1320 1005      10
1967051300 0 119 1320 1006      10
1967051306 0 113 1320 1008       0
66666 0000   24 0007 0000 0 6 (nameless)                         20110729
1967060212 0  68 1536 1006       0
1967060218 0  71 1524 1006       0
1967060300 0  73 1510 1006       0
1967060306 0  75 1500 1006       0
1967060312 0  78 1492 1006       0
1967060318 0  81 1483 1006       0
1967060400 0  84 1476 1004       0
1967060406 0  88 1467 1004       0
1967060412 0  93 1457 1004       0
1967060418 0  97 1447 1004       0
1967060500 0 104 1437 1004       0
1967060506 0 109 1430 1002       0
1967060512 0 114 1424 1002       0
1967060518 0 118 1417 1005       0
1967060600 0 124 1410 1005       0
1967060606 0 128 1403 1004       0
1967060612 1 134 1396 1004      15
1967060618 1 138 1391 1004      15
1967060700 1 143 1385 1002      15
1967060706 1 149 1376 1002      15
1967060712 1 157 1365 1002      15
1967060718 1 164 1354 1002      15
1967060800 1 170 1344 1002      15
1967060806 0 180 1320 1003       0
66666 0000   28 0008 6702 0 6 Anita                              20110729
1967062400 0 100 1420 1008       0
1967062406 0 103 1413 1006       0
1967062412 0 106 1405 1006       0
1967062418 0 109 1398 1006       0
1967062500 0 110 1390 1005       0
1967062506 0 110 1378 1004       0
1967062512 0 111 1365 1004       0
1967062518 0 112 1350 1004       0
1967062600 1 115 1336 1002      15
1967062606 1 118 1325 1000      15
1967062612 1 122 1315 1000      15
1967062618 2 130 1303 1000      20
1967062700 2 141 1293  996      20
1967062706 3 149 1281  993      25
1967062712 3 158 1268  989      25
1967062718 3 165 1256  983      30
1967062800 4 173 1246  980      35
1967062806 4 180 1235  980      35
1967062812 4 184 1225  978      35
1967062818 4 193 1215  978      35
1967062900 4 198 1204  978      35
1967062906 4 205 1196  977      35
1967062912 4 210 1186  975      40
1967062918 5 215 1177  975      45
1967063000 4 220 1168  975      40
1967063006 3 236 1164  980      30
1967063012 1 245 1158  992      12   15
1967063018 0 268 1145  996       0
66666 0000    8 0009 0000 0 6 (nameless)                         20110729
1967062418 0 133 1106 1004       0
1967062500 0 140 1118 1003       0
1967062506 0 150 1125 1003       0
1967062512 0 158 1120 1003       0
1967062518 0 166 1115 1003       0
1967062600 1 180 1118 1002      12
1967062606 1 190 1127 1001      15
1967062612 0 193 1117 1002       0
66666 0000   53 0010 6703 0 6 Billie                             20110729
1967062918 0  91 1480 1005       0
1967063000 0 100 1470 1005       0
1967063006 0 106 1455 1004       0
1967063012 0 110 1440 1004       0
1967063018 0 114 1433 1004       0
1967070100 0 118 1426 1004       0
1967070106 0 123 1420 1004       0
1967070112 0 126 1414 1004       0
1967070118 0 132 1406 1003       0
1967070200 1 136 1394 1003      15
1967070206 2 145 1378 1003      20
1967070212 2 150 1376 1002      20
1967070218 2 156 1374 1001      20
1967070300 2 160 1368 1000      20
1967070306 3 163 1358  998      25
1967070312 3 168 1347  997      25
1967070318 3 171 1335  995      25
1967070400 3 166 1320  995      25
1967070406 3 168 1303  994      25
1967070412 3 168 1289  988      25
1967070418 3 170 1282  984      25
1967070500 3 176 1279  982      30
1967070506 4 183 1278  982      35
1967070512 4 193 1276  982      35
1967070518 4 202 1271  981      35
1967070600 4 209 1265  980      35
1967070606 4 220 1264  979      35
1967070612 4 227 1262  983      35
1967070618 3 231 1258  987      30
1967070700 3 241 1258  992      25
1967070706 3 253 1256  995      25
1967070712 2 260 1254  996      20
1967070718 2 267 1255  996      20
1967070800 1 274 1257  996      15
1967070806 1 285 1261  996      15
1967070812 1 296 1265  996      15
1967070818 1 306 1271  996      15
1967070900 9 318 1280  994      15
1967070906 9 340 1309 1000      10
1967070912 9 354 1351 1002      10
1967070918 9 363 1382 1002       0
1967071000 9 374 1435 1002       0
1967071006 9 383 1466 1002       0
1967071012 9 390 1490 1004       0
1967071018 9 395 1510 1004       0
1967071100 9 400 1530 1004       0
1967071106 9 405 1550 1004       0
1967071112 9 412 1575 1004       0
1967071118 9 425 1600 1004       0
1967071200 9 435 1620 1006       0
1967071206 9 446 1640 1008       0
1967071212 9 460 1670 1010       0
1967071218 9 480 1700 1010       0
66666 0000   42 0011 6704 0 6 Clara                              20110729
1967070200 0 203 1547 1008       0
1967070206 0 208 1541 1008       0
1967070212 0 211 1536 1010       0
1967070218 0 215 1529 1010       0
1967070300 0 217 1523 1008       0
1967070306 0 221 1516 1008       0
1967070312 0 222 1509 1008       0
1967070318 0 222 1503 1008       0
1967070400 0 222 1495 1008       0
1967070406 0 222 1490 1008       0
1967070412 0 221 1484 1008       0
1967070418 0 221 1479 1008       0
1967070500 0 220 1474 1008       0
1967070506 1 218 1468 1006      15
1967070512 1 216 1463 1004      15
1967070518 2 214 1455 1002      20
1967070600 2 212 1447 1000      20
1967070606 3 211 1437  996      25
1967070612 3 211 1422  992      25
1967070618 3 206 1407  987      30
1967070700 4 196 1396  985      35
1967070706 4 191 1384  988      35
1967070712 4 192 1370  988      35
1967070718 4 192 1358  991      35
1967070800 4 190 1346  993      35
1967070806 4 190 1333  990      35
1967070812 4 195 1320  980      35
1967070818 4 197 1308  978      35
1967070900 4 203 1299  977      35
1967070906 4 209 1290  977      35
1967070912 4 215 1277  977      35
1967070918 4 220 1266  975      35
1967071000 4 224 1258  970      40
1967071006 5 225 1251  966      45
1967071012 5 227 1243  965      50
1967071018 5 232 1234  964      50
1967071100 5 236 1227  962      50
1967071106 4 240 1219  975      35
1967071112 3 245 1211  985      30
1967071118 3 250 1205  990      25
1967071200 2 262 1198  994      20
1967071206 0 271 1193  996       9   20
66666 0000   11 0012 0000 0 6 (nameless)                         20110729
1967072000 0 255 1344 1001       0
1967072006 0 260 1325 1002       0
1967072012 0 268 1302 1002       0
1967072018 0 274 1289 1002       0
1967072100 0 280 1280 1003       0
1967072106 0 287 1277 1003       0
1967072112 1 295 1277 1003      15
1967072118 1 304 1276 1003      15
1967072200 1 310 1275 1004      15
1967072206 1 312 1267 1004      15
1967072212 1 311 1258 1006      15
66666 0000   14 0013 0000 2 6 (nameless)                         20110729
1967072000 0 211 1418 1003       0
1967072006 1 208 1406 1001      15
1967072012 1 215 1410 1000      15
1967072018 1 206 1413  998      15
1967072100 2 198 1418  996      20
1967072106 2 195 1422  995      20
1967072112 2 192 1430  993      20
1967072118 3 197 1440  990      25
1967072200 3 208 1444  984      30
1967072206 3 216 1434  984      30
1967072212 3 221 1425  985      30
1967072218 3 226 1424  990      25
1967072300 3 229 1426  990      25
1967072306 3 233 1429  990      25
66666 0000   46 0014 6705 0 6 Dot                                20110729
1967072000 1 215 1473 1003      15
1967072006 2 216 1471 1003      20
1967072012 2 217 1469 1003      20
1967072018 2 218 1468 1000      20
1967072100 2 219 1466 1000      20
1967072106 2 220 1464 1000      20
1967072112 3 221 1461  996      25
1967072118 3 224 1456  990      25
1967072200 3 227 1449  987      30
1967072206 3 233 1441  984      30
1967072212 3 246 1431  983      30
1967072218 3 260 1421  983      30
1967072300 3 265 1395  985      30
1967072306 3 263 1370  985      30
1967072312 3 266 1363  984      30
1967072318 3 269 1354  983      30
1967072400 3 275 1347  983      30
1967072406 3 285 1338  983      30
1967072412 3 296 1324  983      30
1967072418 3 300 1312  983      30
1967072500 3 298 1307  979      30
1967072506 3 298 1301  978      30
1967072512 3 300 1294  980      30
1967072518 3 305 1290  982      30
1967072600 3 310 1283  982      30
1967072606 4 314 1274  978      35
1967072612 4 316 1266  976      35
1967072618 3 318 1255  978      30
1967072700 3 320 1250  980      30
1967072706 3 324 1245  981      30
1967072712 3 329 1239  983      25
1967072718 3 336 1233  986      25
1967072800 3 347 1228  989      25
1967072806 3 356 1223  990      25
1967072812 3 361 1220  990      25
1967072818 3 367 1215  990      25
1967072900 3 376 1212  993      25
1967072906 3 385 1212  993      25
1967072912 2 393 1213  995      20
1967072918 1 403 1218  998      15
1967073000 0 415 1225 1000      10   12
1967073006 0 431 1238 1001       9
1967073012 0 440 1260 1001       9
1967073018 0 460 1300 1001       9
1967073100 0 470 1320 1001       9
1967073106 0 493 1340 1001       9
66666 0000   13 0015 0000 0 6 (nameless)                         20110729
1967072506 1 149 1520 1000      15
1967072512 1 145 1514 1000      15
1967072518 1 140 1510 1000      15
1967072600 1 135 1505 1000      15
1967072606 1 132 1502  999      15
1967072612 1 132 1498  998      15
1967072618 1 135 1494  998      15
1967072700 1 145 1489  998      15
1967072706 1 160 1492  998      15
1967072712 1 169 1491  998      15
1967072718 1 175 1489  998      15
1967072800 1 180 1485  999      15
1967072806 0 170 1480 1002       0
66666 0000   32 0016 0000 1 6 Ellen                              20110729
1967072712 1 192 1503  998      15
1967072718 2 200 1505  996      20
1967072800 3 209 1508  995      25
1967072806 3 219 1512  985      25
1967072812 3 227 1515  985      25
1967072818 3 233 1521  985      25
1967072900 3 237 1519  984      25
1967072906 3 237 1522  984      25
1967072912 3 235 1525  983      30
1967072918 3 230 1528  983      30
1967073000 3 225 1533  981      30
1967073006 3 223 1542  977      30
1967073012 3 225 1554  976      30
1967073018 4 230 1562  973      35
1967073100 4 235 1571  970      40
1967073106 4 245 1573  972      40
1967073112 4 256 1570  973      40
1967073118 4 266 1563  974      40
1967080100 4 278 1565  975      35
1967080106 3 292 1567  978      30
1967080112 3 306 1563  979      30
1967080118 3 325 1560  979      30
1967080200 3 345 1554  979      30
1967080206 3 362 1540  979      30
1967080212 3 375 1532  979      30
1967080218 3 390 1521  979      30
1967080300 3 405 1503  979      30
1967080306 3 427 1498  985      25
1967080312 3 450 1513  985      25
1967080318 9 470 1516  990      25
1967080400 9 500 1520  992      20
1967080406 9 530 1525  992      20
66666 0000   32 0017 6706 0 6 Fran                               20110729
1967072718 0 164 1134 1000       0
1967072800 0 173 1145  999       0
1967072806 0 175 1156  999       0
1967072812 0 165 1164  998       0
1967072818 0 151 1167  997       0
1967072900 0 154 1163  996       0
1967072906 1 157 1162  996      15
1967072912 1 162 1159  994      15
1967072918 1 166 1156  994      15
1967073000 2 167 1152  989      20
1967073006 2 168 1146  988      20
1967073012 3 171 1142  986      25
1967073018 3 173 1138  983      25
1967073100 3 175 1135  980      30
1967073106 3 177 1130  978      30
1967073112 4 179 1125  976      35
1967073118 4 182 1122  976      35
1967080100 4 186 1122  977      35
1967080106 4 189 1122  978      35
1967080112 4 194 1120  979      35
1967080118 4 198 1117  975      35
1967080200 4 203 1114  970      35
1967080206 4 207 1111  970      35
1967080212 4 211 1109  970      35
1967080218 3 217 1111  975      25
1967080300 2 225 1112  988      20
1967080306 1 230 1115  988      15
1967080312 1 240 1116  993      12
1967080318 0 246 1115  995       9
1967080400 0 254 1112  996       9
1967080406 0 260 1104  996       9
1967080412 0 270 1098  996       9
66666 0000   61 0018 6707 1 6 Georgia                            20110729
1967072718 1 170 1390  996      15
1967072800 1 170 1380  996      15
1967072806 1 170 1370  996      15
1967072812 1 170 1360  996      15
1967072818 1 170 1350  996      15
1967072900 1 171 1344  996      15
1967072906 1 173 1338  996      15
1967072912 1 180 1334  995      15
1967072918 2 192 1337  994      20
1967073000 2 200 1345  993      20
1967073006 3 203 1352  992      25
1967073012 3 212 1354  991      25
1967073018 3 221 1356  989      25
1967073100 3 227 1366  988      25
1967073106 3 217 1373  988      25
1967073112 3 220 1365  986      25
1967073118 3 224 1373  984      25
1967080100 3 226 1384  984      30
1967080106 3 230 1394  983      30
1967080112 3 235 1402  982      30
1967080118 3 240 1410  982      30
1967080200 4 252 1420  981      35
1967080206 4 263 1431  982      35
1967080212 3 276 1446  985      30
1967080218 3 288 1458  987      30
1967080300 3 300 1465  991      25
1967080306 3 310 1478  985      25
1967080312 3 313 1490  985      25
1967080318 3 315 1501  985      25
1967080400 3 319 1512  985      25
1967080406 3 325 1521  985      25
1967080412 3 333 1524  985      25
1967080418 3 338 1524  984      30
1967080500 3 344 1521  982      30
1967080506 3 349 1511  980      30
1967080512 3 354 1504  979      30
1967080518 3 356 1502  979      30
1967080600 3 359 1499  979      30
1967080606 3 368 1498  979      30
1967080612 3 375 1499  979      30
1967080618 3 382 1501  978      30
1967080700 3 388 1504  976      30
1967080706 3 395 1508  975      30
1967080712 3 403 1512  975      30
1967080718 3 414 1519  976      30
1967080800 3 426 1525  978      25
1967080806 9 440 1530  986      25
1967080812 9 455 1540  988       0
1967080818 9 471 1550  988       0
1967080900 9 485 1562  988       0
1967080906 9 495 1568  988       0
1967080912 9 503 1572  990       0
1967080918 9 510 1578  990       0
1967081000 9 516 1585  990       0
1967081006 9 520 1590  990       0
1967081012 9 524 1595  990       0
1967081018 9 530 1601  990       0
1967081100 9 534 1611  988       0
1967081106 9 537 1625  988       0
1967081112 9 542 1640  986       0
1967081118 9 550 1660  984       0
66666 0000    9 0019 6708 0 6 (nameless)                         20110729
1967072918 1 250 1275  999      12
1967073000 1 250 1260  999      12
1967073006 1 246 1245  997      12
1967073012 1 243 1232  997      12
1967073018 1 243 1218  996      15
1967073100 2 253 1205  992      20
1967073106 2 255 1193  992      20
1967073112 0 255 1184  998       9
1967073118 0 260 1171 1000       9
66666 0000   36 0020 0000 0 6 Hope                               20110729
1967080300 0 199 1656 1008       0
1967080306 0 200 1659 1006       0
1967080312 0 201 1661 1006       0
1967080318 0 203 1662 1003       0
1967080400 0 205 1663 1002       0
1967080406 1 206 1664  998      15
1967080412 2 207 1665  998      20
1967080418 2 209 1666  998      20
1967080500 2 213 1669  998      20
1967080506 3 218 1674  993      25
1967080512 3 235 1686  989      30
1967080518 4 250 1696  985      35
1967080600 4 266 1704  983      40
1967080606 4 286 1714  984      35
1967080612 4 310 1722  985      35
1967080618 3 324 1731  987      30
1967080700 3 335 1740  987      25
1967080706 3 348 1746  987      25
1967080712 3 356 1751  987      25
1967080718 3 362 1760  988      25
1967080800 3 361 1766  988      25
1967080806 3 362 1774  990      25
1967080812 3 368 1779  990      25
1967080818 3 372 1779  990      25
1967080900 3 376 1775  992      25
1967080906 3 380 1769  994      25
1967080912 3 385 1760  994      25
1967080918 2 392 1759  996      20
1967081000 2 403 1758  996      20
1967081006 9 420 1754  996      20
1967081012 9 440 1750  996      20
1967081018 9 465 1749  994      20
1967081100 9 487 1748  990      20
1967081106 9 516 1738  988       0
1967081112 9 532 1731  992       0
1967081118 9 540 1710  990       0
66666 0000   18 0021 0000 0 6 (nameless)                         20110729
1967080406 0 175 1320 1001       0
1967080412 0 179 1308 1001       0
1967080418 0 184 1296 1001       0
1967080500 1 186 1303 1001      15
1967080506 1 180 1302 1001      15
1967080512 1 172 1301 1001      15
1967080518 1 167 1301 1001      15
1967080600 1 159 1301 1001      15
1967080606 1 151 1302 1000      15
1967080612 1 142 1301 1000      15
1967080618 1 144 1294  999      15
1967080700 1 146 1290  999      15
1967080706 1 149 1285  999      15
1967080712 1 153 1280  999      12
1967080718 1 163 1277 1000      12
1967080800 0 175 1271 1001       0
1967080806 0 182 1265 1002       0
1967080812 0 185 1259 1003       0
66666 0000   14 0022 6709 0 6 (nameless)                         20110729
1967080806 0 173 1192 1001       0
1967080812 0 173 1183 1002       0
1967080818 0 174 1176 1002       0
1967080900 1 175 1167 1002      12
1967080906 1 177 1160 1002      12
1967080912 1 180 1153 1001      12
1967080918 1 182 1144 1000      12
1967081000 1 186 1137 1000      15
1967081006 1 189 1132 1000      15
1967081012 1 194 1126  998      15
1967081018 1 200 1124  998      15
1967081100 1 206 1126  995      15
1967081106 1 216 1130  995      12
1967081112 0 226 1138  998       9   12
66666 0000   17 0023 0000 0 6 (nameless)                         20110729
1967080912 0 200 1315 1006       0
1967080918 0 202 1324 1006       0
1967081000 1 210 1324 1005      12
1967081006 1 214 1318 1002      12
1967081012 1 220 1310 1002      15
1967081018 1 230 1300 1002      15
1967081100 1 241 1295 1000      15
1967081106 1 255 1290  994      15
1967081112 1 268 1289  991      15
1967081118 1 279 1290  991      15
1967081200 2 291 1291  990      20
1967081206 3 305 1288  990      25
1967081212 2 315 1289  990      20
1967081218 2 324 1289  992      20
1967081300 1 340 1295 1000      15
1967081306 1 360 1316 1002      15
1967081312 1 372 1324 1004      15
66666 0000   32 0024 6710 0 6 Iris                               20110729
1967081012 0 102 1441 1008       0
1967081018 0 109 1430 1008       0
1967081100 0 114 1419 1008       0
1967081106 0 119 1408 1004       0
1967081112 0 124 1398 1006       0
1967081118 0 130 1386 1006       0
1967081200 0 135 1368 1006       0
1967081206 0 138 1350 1006       0
1967081212 0 141 1330 1006       0
1967081218 0 144 1303 1006       0
1967081300 0 149 1280 1006       0
1967081306 0 153 1265 1006       0
1967081312 0 158 1250 1006       0
1967081318 0 171 1237 1004       0
1967081400 0 182 1230 1002       0
1967081406 1 182 1218 1000      12
1967081412 1 176 1194 1000      12
1967081418 1 184 1180  998      15
1967081500 2 194 1165  994      20
1967081506 3 200 1149  990      25
1967081512 3 204 1135  990      25
1967081518 3 207 1130  990      25
1967081600 2 209 1127  992      20
1967081606 2 211 1124  992      20
1967081612 2 213 1120  992      20
1967081618 1 215 1117  992      15
1967081700 0 220 1111  995       9   15
1967081706 0 221 1099  995       9   12
1967081712 0 224 1084  997       9
1967081718 0 227 1073  998       9
1967081800 0 230 1062  998       9
1967081806 0 233 1053 1000       9
66666 0000   36 0025 6712 0 6 Louise                             20110729
1967081506 0 195 1447 1005       0
1967081512 0 200 1441 1005       0
1967081518 0 203 1433 1005       0
1967081600 0 205 1426 1004       0
1967081606 1 205 1420 1001      15
1967081612 1 201 1419 1001      15
1967081618 2 197 1416 1001      20
1967081700 2 194 1412 1001      20
1967081706 2 190 1413 1001      20
1967081712 2 185 1412 1000      20
1967081718 2 182 1416 1000      20
1967081800 2 188 1421 1000      20
1967081806 3 196 1421  996      25
1967081812 3 203 1413  996      25
1967081818 3 209 1403  996      25
1967081900 3 213 1394  996      25
1967081906 3 219 1381  996      25
1967081912 3 234 1366  996      25
1967081918 3 254 1354  995      25
1967082000 3 269 1347  991      25
1967082006 3 277 1339  985      30
1967082012 3 284 1334  985      30
1967082018 3 289 1334  984      30
1967082100 3 298 1334  983      30
1967082106 3 307 1337  983      30
1967082112 3 314 1339  980      30
1967082118 3 322 1343  980      30
1967082200 3 330 1351  980      30
1967082206 3 336 1357  980      30
1967082212 3 342 1363  988      25
1967082218 2 345 1369  993      20
1967082300 2 350 1377  995      20
1967082306 1 354 1389  996      15
1967082312 0 358 1401 1000       0
1967082318 0 366 1418 1000       0
1967082400 0 380 1440 1002       0
66666 0000   25 0026 6711 0 6 Kate                               20110729
1967081606 0 139 1321 1004       0
1967081612 0 139 1315 1004       0
1967081618 0 140 1307 1004       0
1967081700 0 141 1298 1002       0
1967081706 1 142 1286 1002      15
1967081712 1 145 1275 1002      15
1967081718 1 149 1265 1000      15
1967081800 1 158 1252  998      15
1967081806 2 169 1243  998      20
1967081812 2 178 1234  998      20
1967081818 3 182 1223  996      25
1967081900 3 183 1213  994      25
1967081906 3 183 1202  992      25
1967081912 3 184 1192  988      30
1967081918 3 187 1181  986      30
1967082000 3 188 1169  986      30
1967082006 4 188 1159  986      35
1967082012 4 191 1155  983      35
1967082018 4 195 1150  982      35
1967082100 4 203 1144  982      35
1967082106 3 212 1137  980      30
1967082112 3 220 1131  980      25
1967082118 1 228 1123  986      15   20
1967082200 0 236 1118  994      10   12
1967082206 0 249 1114  995       9
66666 0000   38 0027 0000 0 6 Joan                               20110729
1967081618 0 213 1635 1008       0
1967081700 0 223 1627 1006       0
1967081706 0 233 1618 1006       0
1967081712 0 243 1609 1006       0
1967081718 1 253 1600 1004      15
1967081800 2 263 1589 1000      20
1967081806 3 271 1579  989      30
1967081812 3 279 1572  992      30
1967081818 3 287 1566  995      25
1967081900 3 294 1559  997      25
1967081906 3 298 1552  995      25
1967081912 3 302 1547  992      25
1967081918 3 308 1542  992      25
1967082000 3 314 1540  992      25
1967082006 3 319 1540  992      25
1967082012 3 322 1542  990      25
1967082018 3 326 1545  990      25
1967082100 3 331 1547  992      25
1967082106 2 336 1553  994      20
1967082112 2 340 1561  994      20
1967082118 2 342 1569  994      20
1967082200 2 345 1577  996      20
1967082206 2 347 1587  996      20
1967082212 2 348 1596  998      20
1967082218 2 349 1605  998      20
1967082300 2 350 1616  998      20
1967082306 2 351 1625  998      20
1967082312 2 355 1635  998      20
1967082318 2 360 1645  998      20
1967082400 2 367 1658 1000      20
1967082406 2 380 1670 1000      20
1967082412 2 390 1680 1000      20
1967082418 2 400 1690 1000      20
1967082500 2 410 1700 1000      20
1967082506 2 425 1715 1000      20
1967082512 2 450 1735 1000      20
1967082518 9 470 1750  998      15
1967082600 9 479 1770 1000       0
66666 0000   14 0028 0000 0 6 (nameless)                         20110729
1967082100 0  90 1450 1006       0
1967082106 1  90 1430 1004      15
1967082112 1  90 1410 1004      15
1967082118 1  90 1393 1004      15
1967082200 0  94 1374 1003       0
1967082206 0 110 1370 1002       0
1967082212 0 125 1371 1004       0
1967082218 0 136 1373 1004       0
1967082300 0 145 1375 1004       0
1967082306 0 151 1372 1004       0
1967082312 0 150 1362 1004       0
1967082318 0 143 1349 1004       0
1967082400 0 130 1337 1004       0
1967082406 0 122 1320 1004       0
66666 0000   28 0029 6713 2 6 Marge                              20110729
1967082306 0 183 1440 1003       0
1967082312 1 183 1432 1003      12
1967082318 1 184 1424 1001      12
1967082400 1 186 1413 1001      15
1967082406 1 188 1402 1001      15
1967082412 1 190 1391 1001      15
1967082418 1 192 1380 1001      15
1967082500 2 194 1368 1000      20
1967082506 3 197 1355  995      25
1967082512 3 201 1342  992      25
1967082518 3 202 1329  987      25
1967082600 3 200 1312  983      30
1967082606 4 200 1295  973      40
1967082612 5 197 1280  964      50
1967082618 6 190 1263  955      60
1967082700 6 185 1251  945      70
1967082706 6 178 1242  941      70
1967082712 6 175 1237  954      60
1967082718 6 173 1235  966      55
1967082800 5 172 1232  976      45
1967082806 4 174 1228  982      40
1967082812 4 180 1224  985      35
1967082818 3 184 1213  988      30
1967082900 3 193 1204  990      25
1967082906 2 200 1200  990      20
1967082912 2 201 1193  992      20
1967082918 2 202 1185  992      20
1967083000 1 205 1176  995      15
66666 0000   14 0030 0000 1 6 (nameless)                         20110729
1967082306 0 134 1300 1002       0
1967082312 0 133 1275 1002       0
1967082318 0 133 1250 1001       0
1967082400 0 132 1226 1001       0
1967082406 0 126 1200 1000       0
1967082412 0 122 1170 1000       0
1967082418 0 123 1150 1000       0
1967082500 1 129 1138  998      12
1967082506 1 141 1130  998      12
1967082512 1 151 1121  998      12
1967082518 1 156 1113 1000      12
1967082600 1 163 1100 1000      12
1967082606 0 169 1082 1000       0
1967082612 0 170 1061 1002       0
66666 0000   25 0031 6714 0 6 Nora                               20110729
1967082506 0 155 1402 1006       0
1967082512 0 157 1395 1006       0
1967082518 0 160 1390 1006       0
1967082600 1 164 1382 1002      15
1967082606 1 169 1372 1002      15
1967082612 1 175 1360 1000      15
1967082618 1 180 1346 1000      15
1967082700 1 184 1337 1000      15
1967082706 1 187 1329 1000      15
1967082712 1 191 1321 1000      15
1967082718 1 198 1314 1000      15
1967082800 2 207 1305  994      20
1967082806 3 214 1296  991      25
1967082812 3 222 1283  991      30
1967082818 3 226 1263  991      30
1967082900 3 232 1250  991      30
1967082906 4 237 1238  989      35
1967082912 4 240 1225  982      35
1967082918 3 242 1210  985      30
1967083000 2 242 1190  990      20
1967083006 1 239 1172  994      15
1967083012 0 247 1160  997       9
1967083018 0 251 1141  997       9
1967083100 0 258 1125  998       9
1967083106 0 265 1110  998       9
66666 0000    4 0031 6714 0 6 Nora(-)1                           20110729
1967082918 3 231 1205  990      30
1967083000 2 229 1194  992      20
1967083006 1 230 1186  994      15
1967083012 0 234 1175  998       9
66666 0000   85 0032 6716 0 6 Opal                               20110729
1967082900 0 150 1700 1006       0
1967082906 0 153 1696 1004       0
1967082912 1 155 1693 1002      15
1967082918 2 157 1690 1000      20
1967083000 3 160 1688  998      25
1967083006 3 164 1686  998      25
1967083012 3 166 1685  993      30
1967083018 3 169 1682  988      30
1967083100 4 172 1681  982      35
1967083106 4 174 1678  971      40
1967083112 4 176 1674  968      40
1967083118 4 180 1668  973      40
1967090100 4 183 1664  977      40
1967090106 4 183 1657  978      40
1967090112 4 186 1650  977      40
1967090118 4 188 1641  972      40
1967090200 4 187 1632  972      40
1967090206 5 189 1623  963      50
1967090212 6 191 1617  933      60
1967090218 6 193 1612  934      60
1967090300 6 196 1604  934      60
1967090306 6 200 1594  928      70
1967090312 6 204 1583  921      70
1967090318 6 206 1572  919      75
1967090400 6 208 1563  921      70
1967090406 6 211 1552  920      70
1967090412 6 215 1540  923      70
1967090418 6 220 1531  937      65
1967090500 6 225 1523  960      60
1967090506 6 228 1512  958      60
1967090512 6 234 1504  953      60
1967090518 6 239 1497  948      60
1967090600 6 246 1491  943      60
1967090606 6 252 1487  942      60
1967090612 6 256 1483  948      55
1967090618 6 259 1479  950      55
1967090700 6 262 1472  951      55
1967090706 5 267 1465  954      50
1967090712 5 271 1462  954      50
1967090718 5 273 1459  955      50
1967090800 5 273 1453  955      50
1967090806 5 274 1447  955      50
1967090812 5 271 1441  955      50
1967090818 5 270 1435  955      50
1967090900 4 270 1429  964      40
1967090906 4 269 1422  964      40
1967090912 4 269 1416  965      40
1967090918 4 268 1411  966      40
1967091000 4 265 1404  966      40
1967091006 4 265 1396  966      40
1967091012 4 266 1389  965      40
1967091018 4 267 1382  965      40
1967091100 4 270 1375  964      40
1967091106 4 274 1369  963      40
1967091112 4 277 1366  963      40
1967091118 4 281 1363  963      40
1967091200 4 284 1361  959      40
1967091206 4 286 1361  965      40
1967091212 4 290 1361  971      35
1967091218 4 296 1368  967      40
1967091300 4 298 1380  964      40
1967091306 4 301 1392  962      40
1967091312 4 311 1398  963      40
1967091318 4 318 1405  963      40
1967091400 4 325 1415  965      40
1967091406 4 333 1419  969      35
1967091412 3 338 1422  971      30
1967091418 3 339 1428  973      30
1967091500 3 333 1423  974      30
1967091506 3 335 1419  975      30
1967091512 3 340 1422  975      30
1967091518 3 347 1429  975      30
1967091600 3 354 1436  975      30
1967091606 3 364 1449  975      30
1967091612 3 373 1462  975      30
1967091618 3 385 1478  980      25
1967091700 2 393 1490  990      20
1967091706 9 397 1500  998      20
1967091712 9 400 1511 1000      15
1967091718 9 401 1525 1004      15
1967091800 9 404 1536 1006       0
1967091806 9 408 1550 1006       0
1967091812 9 411 1560 1006       0
1967091818 9 415 1570 1006       0
1967091900 9 420 1580 1006       0
66666 0000   17 0033 6715 1 6 Patsy                              20110729
1967090300 0 210 1240 1003       0
1967090306 0 210 1230 1003       0
1967090312 0 210 1220 1003       0
1967090318 0 205 1210 1002       0
1967090400 1 193 1204 1002      12
1967090406 1 183 1190 1001      15
1967090412 1 180 1176 1001      15
1967090418 2 185 1166 1000      20
1967090500 3 189 1154  995      25
1967090506 2 191 1138  993      20
1967090512 2 192 1122  990      20
1967090518 2 192 1108  990      20
1967090600 1 191 1096  993      15
1967090606 1 189 1085  996      15
1967090612 1 190 1074  997      15
1967090618 1 192 1065  998      15
1967090700 0 192 1054  998      10
66666 0000   36 0034 0000 2 6 Ruth                               20110729
1967090512 0 220 1690 1004       0
1967090518 0 230 1690 1004       0
1967090600 1 239 1680 1002      15
1967090606 1 245 1668 1000      15
1967090612 1 251 1655 1000      15
1967090618 1 253 1645 1000      15
1967090700 2 257 1637  997      20
1967090706 2 262 1637  995      20
1967090712 2 265 1638  995      20
1967090718 2 266 1639  995      20
1967090800 2 270 1640  995      20
1967090806 2 272 1636  994      20
1967090812 2 271 1633  993      20
1967090818 2 271 1631  992      20
1967090900 3 271 1628  990      25
1967090906 3 270 1624  985      25
1967090912 4 266 1622  979      35
1967090918 4 263 1621  972      35
1967091000 4 259 1620  965      35
1967091006 4 255 1618  961      40
1967091012 4 253 1616  960      40
1967091018 4 251 1612  958      40
1967091100 4 249 1605  956      40
1967091106 5 249 1594  953      45
1967091112 5 252 1583  950      50
1967091118 6 258 1570  947      55
1967091200 6 268 1557  942      60
1967091206 6 282 1545  942      60
1967091212 6 295 1536  949      55
1967091218 6 310 1527  955      55
1967091300 5 327 1519  962      50
1967091306 5 346 1512  962      50
1967091312 5 368 1515  965      45
1967091318 4 394 1524  975      35
1967091400 3 413 1543  985      25
1967091406 2 430 1570  990      20
66666 0000   22 0035 0000 1 6 Thelma                             20110729
1967091000 2 287 1674  994      20
1967091006 2 293 1662  992      20
1967091012 2 297 1648  991      20
1967091018 2 299 1630  992      20
1967091100 2 300 1605  993      20
1967091106 2 300 1571  994      20
1967091112 3 302 1541  994      25
1967091118 3 310 1516  994      25
1967091200 2 320 1498  998      20
1967091206 2 330 1480  998      20
1967091212 2 344 1470  998      20
1967091218 2 370 1463  998      20
1967091300 2 400 1462  998      20
1967091306 9 430 1470 1000       0
1967091312 9 450 1499 1000       0
1967091318 9 476 1539  998       0
1967091400 9 490 1570  994       0
1967091406 9 500 1606  994       0
1967091412 9 506 1632  984       0
1967091418 9 526 1690  982       0
1967091500 9 540 1710  976       0
1967091506 9 540 1760  964       0
66666 0000   18 0036 0000 1 6 Vera                               20110729
1967091218 0 180 1630 1006       0
1967091300 0 190 1637 1006       0
1967091306 1 205 1641 1004      15
1967091312 1 230 1638 1000      15
1967091318 1 251 1619  998      15
1967091400 2 256 1595  995      20
1967091406 2 270 1575  995      20
1967091412 2 285 1562  997      20
1967091418 2 299 1551  998      20
1967091500 2 312 1543  998      20
1967091506 3 325 1538  998      25
1967091512 3 340 1536  998      25
1967091518 3 365 1541  998      25
1967091600 3 395 1555  998      25
1967091606 3 415 1580  998      25
1967091612 9 420 1645 1000       0
1967091618 9 412 1720 1000       0
1967091700 9 400 1800 1000       0
66666 0000   10 0037 0000 0 6 (nameless)                         20110729
1967091318 0 165 1190 1006       0
1967091400 1 177 1188 1006      12
1967091406 1 190 1183 1005      12
1967091412 1 195 1174 1005      12
1967091418 1 186 1172 1005      12
1967091500 0 177 1170 1004       0
1967091506 0 174 1163 1004       0
1967091512 0 170 1160 1004       0
1967091518 0 165 1162 1003       0
1967091600 0 160 1165 1006       0
66666 0000   39 0038 0000 1 6 Sarah                              20110729
1967091406 3 180 1787  970      30
1967091412 3 179 1780  960      30
1967091418 4 179 1768  950      35
1967091500 5 179 1755  931      50
1967091506 5 181 1740  931      50
1967091512 6 185 1727  931      55
1967091518 6 189 1710  939      55
1967091600 6 189 1693  938      60
1967091606 6 191 1677  934      60
1967091612 6 195 1662  939      60
1967091618 6 198 1647  943      60
1967091700 6 200 1635  943      60
1967091706 6 200 1622  937      60
1967091712 6 201 1609  936      60
1967091718 6 201 1601  943      60
1967091800 5 200 1594  946      50
1967091806 5 200 1587  946      50
1967091812 5 200 1581  946      50
1967091818 5 204 1575  950      50
1967091900 5 209 1571  954      50
1967091906 5 217 1565  957      50
1967091912 5 227 1557  958      50
1967091918 5 240 1548  959      50
1967092000 4 252 1537  964      40
1967092006 4 262 1530  969      40
1967092012 4 273 1522  967      40
1967092018 4 285 1511  965      40
1967092100 4 300 1498  964      40
1967092106 4 315 1490  964      40
1967092112 4 330 1490  968      40
1967092118 4 349 1498  973      35
1967092200 4 365 1512  977      35
1967092206 4 381 1532  978      35
1967092212 3 396 1558  980      30
1967092218 9 403 1590  990       0
1967092300 9 410 1640  996       0
1967092306 9 410 1680  996       0
1967092312 9 400 1740  996       0
1967092318 9 390 1800  996       0
66666 0000   43 0039 0000 1 6 Wanda                              20110729
1967091600 0 170 1451 1004       0
1967091606 0 180 1451 1002       0
1967091612 0 189 1456 1002       0
1967091618 1 195 1459 1002      15
1967091700 1 200 1460 1002      15
1967091706 1 209 1456  998      15
1967091712 1 218 1451  998      15
1967091718 1 226 1453  996      15
1967091800 1 235 1456  992      15
1967091806 2 238 1454  991      20
1967091812 2 235 1453  990      20
1967091818 3 232 1454  989      25
1967091900 3 231 1449  986      25
1967091906 3 238 1442  982      25
1967091912 3 240 1434  978      30
1967091918 4 230 1426  975      35
1967092000 4 222 1426  971      35
1967092006 4 224 1424  968      40
1967092012 4 223 1422  966      40
1967092018 4 223 1420  964      40
1967092100 4 225 1421  962      40
1967092106 5 227 1426  961      45
1967092112 5 231 1430  961      45
1967092118 5 236 1431  961      45
1967092200 5 241 1433  959      50
1967092206 5 247 1436  964      45
1967092212 5 253 1439  964      45
1967092218 5 262 1440  964      45
1967092300 5 273 1437  964      45
1967092306 5 284 1437  964      45
1967092312 5 299 1443  965      45
1967092318 5 314 1447  966      45
1967092400 5 331 1453  966      45
1967092406 4 354 1472  967      40
1967092412 4 384 1498  969      35
1967092418 9 417 1524  986      25
1967092500 9 450 1560  990       0
1967092506 9 456 1585  990       0
1967092512 9 463 1644  984       0
1967092518 9 465 1665  982       0
1967092600 9 470 1690  982       0
1967092606 9 470 1720  982       0
1967092612 9 460 1760  982       0
66666 0000   19 0040 0000 1 6 (nameless)                         20110729
1967091606 0 236 1530 1006       0
1967091612 0 253 1524 1006       0
1967091618 0 262 1510 1006       0
1967091700 0 267 1496 1006       0
1967091706 0 273 1482 1006       0
1967091712 0 286 1472 1006       0
1967091718 0 300 1467 1004       0
1967091800 0 315 1463 1002       0
1967091806 1 330 1461 1000      15
1967091812 3 355 1464  998      25
1967091818 3 380 1480  998      25
1967091900 9 404 1500  996      25
1967091906 9 420 1520  994       0
1967091912 9 440 1560  994       0
1967091918 9 460 1610  994       0
1967092000 9 468 1650  994       0
1967092006 9 473 1688  992       0
1967092012 9 473 1729  990       0
1967092018 9 476 1770  986       0
66666 0000   14 0041 0000 0 6 (nameless)                         20110729
1967091706 0 146 1245 1004       0
1967091712 0 152 1259 1004       0
1967091718 0 161 1264 1004       0
1967091800 0 162 1270 1004       0
1967091806 0 157 1271 1004       0
1967091812 0 155 1267 1006       0
1967091818 0 157 1262 1006       0
1967091900 1 161 1260 1006      12
1967091906 1 167 1259 1004      12
1967091912 0 174 1260 1004       0
1967091918 0 182 1264 1004       0
1967092000 0 184 1275 1004       0
1967092006 0 184 1287 1004       0
1967092012 0 175 1290 1004       0
66666 0000   14 0042 0000 0 6 (nameless)                         20110729
1967092106 0 170 1158 1007       0
1967092112 0 175 1155 1006       0
1967092118 0 180 1152 1006       0
1967092200 0 182 1146 1006       0
1967092206 0 183 1138 1006       0
1967092212 0 179 1141 1006       0
1967092218 0 185 1144 1006       0
1967092300 1 190 1140 1006      12
1967092306 1 187 1134 1006      12
1967092312 1 183 1128 1006      12
1967092318 0 180 1120 1007       0
1967092400 0 177 1108 1009       0
1967092406 0 174 1098 1009       0
1967092412 0 173 1086 1009       0
66666 0000   50 0043 0000 2 6 Amy                                20110729
1967092418 0  59 1650 1008       0
1967092500 0  70 1642 1008       0
1967092506 0  80 1635 1007       0
1967092512 0  90 1628 1007       0
1967092518 0 101 1622 1006       0
1967092600 0 110 1618 1006       0
1967092606 1 120 1613 1006      15
1967092612 1 129 1609 1006      15
1967092618 1 139 1605 1006      15
1967092700 1 148 1602 1006      15
1967092706 1 158 1599 1004      15
1967092712 1 169 1596 1004      15
1967092718 1 178 1592 1002      15
1967092800 1 188 1588 1000      15
1967092806 2 195 1583  996      20
1967092812 2 200 1580  996      20
1967092818 2 206 1576  996      20
1967092900 2 211 1575  995      20
1967092906 2 214 1578  992      20
1967092912 3 214 1583  987      25
1967092918 3 213 1587  983      25
1967093000 3 210 1590  980      30
1967093006 3 207 1593  980      30
1967093012 3 203 1595  980      30
1967093018 3 199 1597  978      30
1967100100 3 196 1595  980      30
1967100106 3 198 1590  985      30
1967100112 3 200 1585  986      30
1967100118 3 201 1579  988      30
1967100200 3 201 1574  990      25
1967100206 3 202 1567  990      25
1967100212 3 202 1560  989      25
1967100218 3 205 1545  988      30
1967100300 3 212 1531  986      30
1967100306 4 219 1521  984      35
1967100312 4 226 1510  982      35
1967100318 4 230 1500  980      35
1967100400 4 238 1487  976      35
1967100406 4 254 1473  967      40
1967100412 4 267 1467  966      40
1967100418 4 276 1464  966      40
1967100500 4 287 1464  965      40
1967100506 4 301 1470  962      40
1967100512 4 319 1484  961      40
1967100518 4 340 1501  974      35
1967100600 3 362 1516  980      30
1967100606 0 390 1560  992       0
1967100612 9 410 1622  992       0
1967100618 9 424 1690  992       0
1967100700 9 459 1780  988       0
66666 0000   26 0044 6717 0 6 (nameless)                         20110729
1967092800 1 250 1350 1002      15
1967092806 1 258 1359  998      15
1967092812 2 270 1360  992      20
1967092818 2 278 1356  992      20
1967092900 3 280 1345  992      25
1967092906 3 279 1330  992      25
1967092912 3 275 1317  992      25
1967092918 2 267 1304  994      20
1967093000 2 256 1298  994      20
1967093006 2 249 1298  994      20
1967093012 2 243 1298  994      20
1967093018 2 241 1305  998      20
1967100100 1 243 1312 1000      15
1967100106 1 250 1320 1000      12
1967100112 1 260 1325 1001      12
1967100118 1 273 1335 1001      12
1967100200 1 282 1350 1001      12
1967100206 1 290 1359 1001      12
1967100212 1 297 1365 1003      12
1967100218 0 300 1370 1005      10
1967100300 9 306 1380 1005       0
1967100306 9 314 1389 1005       0
1967100312 9 320 1400 1008       0
1967100318 9 325 1412 1008       0
1967100400 9 332 1430 1008       0
1967100406 9 335 1447 1010       0
66666 0000   17 0045 0000 1 6 (nameless)                         20110729
1967100506 0 150 1185 1007       0
1967100512 0 146 1170 1006       0
1967100518 0 144 1152 1006       0
1967100600 0 141 1140 1006       0
1967100606 0 135 1139 1005       0
1967100612 0 130 1144 1005       0
1967100618 1 132 1150 1005      12
1967100700 1 135 1153 1005      12
1967100706 1 140 1153 1004      12
1967100712 1 140 1142 1004      15
1967100718 1 138 1132 1004      12
1967100800 1 140 1120 1006      12
1967100806 1 145 1110 1006      12
1967100812 1 144 1099 1006      12
1967100818 0 139 1087 1006       0
1967100900 0 133 1075 1008       0
1967100906 0 127 1064 1008       0
66666 0000   20 0046 0000 1 6 Babe                               20110729
1967100612 0 200 1500 1008       0
1967100618 0 205 1495 1006       0
1967100700 1 212 1488 1002      15
1967100706 2 220 1483 1000      20
1967100712 2 230 1480  998      20
1967100718 2 240 1478  998      20
1967100800 2 250 1478  997      20
1967100806 3 261 1480  994      25
1967100812 3 270 1486  987      25
1967100818 3 280 1495  985      30
1967100900 4 291 1506  985      35
1967100906 4 303 1524  978      35
1967100912 4 313 1547  979      35
1967100918 3 323 1578  980      30
1967101000 3 331 1608  985      30
1967101006 3 336 1636  990      30
1967101012 9 340 1677  998       0
1967101018 9 340 1712 1002       0
1967101100 9 350 1753 1008       0
1967101106 9 360 1790 1008       0
66666 0000   41 0047 6718 0 6 Carla                              20110729
1967101000 0 110 1500 1006       0
1967101006 0 102 1492 1006       0
1967101012 0  97 1484 1006       0
1967101018 0  95 1473 1004       0
1967101100 0  96 1463 1004       0
1967101106 0  98 1456 1002       0
1967101112 1 100 1446 1002      15
1967101118 1 102 1437 1002      15
1967101200 1 104 1425 1002      15
1967101206 2 108 1415 1000      20
1967101212 3 112 1404  992      25
1967101218 3 113 1394  991      25
1967101300 3 113 1387  987      30
1967101306 4 114 1378  982      35
1967101312 4 116 1371  975      40
1967101318 5 118 1363  965      45
1967101400 5 122 1357  953      50
1967101406 6 129 1351  932      60
1967101412 6 135 1341  917      70
1967101418 6 140 1330  902      80
1967101500 6 144 1317  900      80
1967101506 6 150 1300  912      75
1967101512 6 156 1286  920      70
1967101518 6 159 1275  930      65
1967101600 6 159 1266  940      60
1967101606 6 165 1253  942      60
1967101612 5 174 1240  951      50
1967101618 5 176 1227  960      50
1967101700 5 179 1219  969      50
1967101706 5 183 1212  970      45
1967101712 4 188 1204  975      40
1967101718 4 189 1196  978      40
1967101800 4 187 1185  980      35
1967101806 4 191 1176  981      35
1967101812 3 196 1165  984      30
1967101818 3 196 1150  985      30
1967101900 3 197 1135  985      30
1967101906 3 199 1119  986      30
1967101912 3 203 1107  994      25
1967101918 1 206 1095 1006      15
1967102000 1 204 1084 1010      15
66666 0000   60 0048 6719 1 6 Dinah                              20110729
1967101600 0  85 1485 1006       0
1967101606 1  92 1490 1004      15
1967101612 1 100 1492 1004      15
1967101618 1 110 1491 1004      15
1967101700 1 119 1481 1004      15
1967101706 3 124 1470  997      25
1967101712 3 127 1448  995      25
1967101718 3 122 1430  989      30
1967101800 3 120 1419  986      30
1967101806 3 117 1408  984      30
1967101812 3 114 1398  987      30
1967101818 3 109 1393  990      30
1967101900 3 105 1388  992      30
1967101906 3 104 1383  993      30
1967101912 3 106 1379  990      30
1967101918 3 109 1374  988      30
1967102000 3 116 1365  988      30
1967102006 3 127 1357  988      30
1967102012 3 135 1350  988      30
1967102018 3 141 1340  987      30
1967102100 3 148 1331  985      30
1967102106 4 158 1322  983      35
1967102112 4 166 1315  979      35
1967102118 4 173 1310  972      35
1967102200 4 179 1305  965      40
1967102206 4 187 1303  961      40
1967102212 5 194 1303  953      45
1967102218 5 200 1302  949      50
1967102300 5 206 1302  951      50
1967102306 5 213 1302  953      50
1967102312 5 218 1302  952      50
1967102318 5 223 1297  951      50
1967102400 5 227 1293  950      50
1967102406 5 230 1289  950      50
1967102412 5 231 1285  949      50
1967102418 5 231 1280  948      50
1967102500 5 231 1276  950      45
1967102506 5 231 1273  951      45
1967102512 5 232 1270  955      45
1967102518 5 235 1269  959      45
1967102600 5 239 1274  961      45
1967102606 5 244 1280  960      45
1967102612 4 252 1288  960      40
1967102618 4 262 1299  964      40
1967102700 4 277 1311  968      40
1967102706 4 295 1326  968      35
1967102712 4 323 1350  968      35
1967102718 4 346 1370  968      35
1967102800 9 364 1388  984      30
1967102806 9 387 1410  986      25
1967102812 9 406 1444  986       0
1967102818 9 420 1465  984       0
1967102900 9 434 1490  984       0
1967102906 9 448 1522  984       0
1967102912 9 463 1565  980       0
1967102918 9 480 1615  978       0
1967103000 9 494 1663  976       0
1967103006 9 504 1690  970       0
1967103012 9 512 1720  960       0
1967103018 9 519 1740  960       0
66666 0000   39 0049 6720 0 6 Emma                               20110729
1967103000 0  65 1500 1008       0
1967103006 1  67 1480 1004      15
1967103012 1  69 1463 1004      15
1967103018 2  73 1449 1000      20
1967103100 3  77 1438  992      25
1967103106 3  82 1423  990      25
1967103112 3  85 1410  987      30
1967103118 4  86 1395  980      35
1967110100 4  86 1381  974      40
1967110106 5  88 1367  971      45
1967110112 5  93 1353  966      50
1967110118 6  99 1341  952      55
1967110200 6 101 1324  937      60
1967110206 6 105 1310  929      65
1967110212 6 112 1298  920      65
1967110218 6 117 1283  912      65
1967110300 6 122 1269  920      60
1967110306 5 126 1253  945      50
1967110312 5 128 1243  956      45
1967110318 5 132 1233  960      45
1967110400 5 140 1220  965      45
1967110406 4 148 1209  970      40
1967110412 4 157 1196  970      40
1967110418 4 161 1185  975      35
1967110500 4 162 1175  981      35
1967110506 4 165 1170  982      35
1967110512 3 173 1167  982      30
1967110518 3 177 1162  980      30
1967110600 3 178 1156  978      30
1967110606 3 180 1149  976      30
1967110612 3 183 1143  980      30
1967110618 3 186 1136  980      30
1967110700 3 191 1130  980      30
1967110706 3 197 1122  980      30
1967110712 3 203 1114  980      30
1967110718 3 209 1107  980      30
1967110800 2 212 1101  990      20
1967110806 1 217 1097 1000      15
1967110812 0 218 1093 1010       9
66666 0000   21 0050 0000 1 6 Freda                              20110729
1967110606 0 100 1298 1006       0
1967110612 0  98 1291 1006       0
1967110618 1  96 1281 1006      15
1967110700 2  95 1272 1000      20
1967110706 3  94 1258  995      25
1967110712 3  97 1241  990      25
1967110718 3  98 1224  985      30
1967110800 4  98 1206  980      35
1967110806 4  97 1187  983      35
1967110812 4 100 1173  986      35
1967110818 4 105 1157  985      35
1967110900 4 110 1141  980      40
1967110906 5 118 1125  974      45
1967110912 5 120 1113  973      45
1967110918 4 124 1102  977      40
1967111000 3 126 1090  985      30
1967111006 2 129 1080 1000      20
1967111012 1 130 1070 1004      15
1967111018 0 130 1058 1006       0
1967111100 0 130 1044 1006       0
1967111106 0 134 1032 1008       0
66666 0000   50 0051 6721 0 6 Gilda                              20110729
1967110706 0  92 1603 1003       0
1967110712 1  91 1598 1002      15
1967110718 1  89 1593 1002      15
1967110800 1  88 1588 1002      15
1967110806 1  87 1585 1000      15
1967110812 1  86 1582 1000      15
1967110818 1  86 1577  998      15
1967110900 2  85 1573  998      20
1967110906 2  84 1569  995      20
1967110912 2  82 1566  993      20
1967110918 2  90 1565  990      20
1967111000 3  95 1571  987      25
1967111006 3 100 1563  980      30
1967111012 3 102 1556  980      30
1967111018 4 105 1545  976      35
1967111100 4 106 1529  971      40
1967111106 4 112 1520  967      40
1967111112 5 118 1510  964      45
1967111118 5 122 1500  964      50
1967111200 5 127 1492  964      50
1967111206 5 131 1483  959      50
1967111212 5 134 1470  950      50
1967111218 6 137 1461  944      55
1967111300 6 141 1452  935      60
1967111306 6 144 1441  920      65
1967111312 6 148 1427  915      65
1967111318 6 150 1411  910      65
1967111400 6 154 1394  908      70
1967111406 6 156 1376  907      70
1967111412 6 161 1357  910      70
1967111418 6 165 1341  916      65
1967111500 6 168 1326  918      65
1967111506 6 173 1311  918      65
1967111512 6 178 1298  923      60
1967111518 6 185 1286  926      60
1967111600 6 190 1274  936      55
1967111606 6 196 1264  938      55
1967111612 5 202 1255  945      50
1967111618 5 207 1248  951      50
1967111700 5 211 1243  953      50
1967111706 5 216 1237  955      45
1967111712 5 219 1233  957      45
1967111718 5 224 1227  962      45
1967111800 4 232 1220  970      40
1967111806 4 239 1212  980      35
1967111812 3 247 1207  990      25
1967111818 3 254 1205  995      25
1967111900 2 264 1206 1006      20
1967111906 1 279 1215 1008      15
1967111912 1 285 1228 1010      12
66666 0000    4 0051 6721 0 6 Gilda(-)1                          20110729
1967111812 2 227 1194 1000      20
1967111818 1 230 1193 1005      12
1967111900 0 235 1193 1008       0
1967111906 0 237 1198 1009       0
66666 0000   37 0052 6722 0 6 Harriet                            20110729
1967111518 1 100 1710 1006      15
1967111600 1  96 1695 1008      15
1967111606 1  93 1680 1006      15
1967111612 1  83 1660 1006      15
1967111618 1  81 1640 1006      15
1967111700 1  86 1625 1006      15
1967111706 1  93 1607 1006      15
1967111712 1 100 1590 1006      15
1967111718 1 106 1574 1004      15
1967111800 1 112 1557 1004      15
1967111806 2 119 1536  998      20
1967111812 3 133 1517  988      25
1967111818 3 141 1499  983      30
1967111900 4 146 1477  983      35
1967111906 4 151 1455  978      40
1967111912 4 155 1435  976      40
1967111918 5 159 1416  967      45
1967112000 5 165 1402  965      45
1967112006 5 171 1391  965      45
1967112012 5 179 1381  960      45
1967112018 6 185 1375  955      55
1967112100 6 192 1373  953      55
1967112106 6 197 1373  960      55
1967112112 5 202 1375  967      50
1967112118 5 204 1378  967      50
1967112200 5 207 1379  965      50
1967112206 5 212 1378  968      50
1967112212 4 216 1378  976      40
1967112218 4 221 1377  976      40
1967112300 4 226 1375  977      40
1967112306 3 233 1380  987      30
1967112312 2 236 1386  999      20
1967112318 1 240 1392 1003      15
1967112400 1 245 1396 1008      15
1967112406 1 250 1401 1010      15
1967112412 1 256 1414 1014      15
1967112418 0 260 1430 1014       0
66666 0000   19 0053 0000 0 6 Ivy                                20110729
1967121606 0  96 1349 1006       0
1967121612 0 105 1347 1006       0
1967121618 1 113 1346 1004      15
1967121700 2 118 1343  998      20
1967121706 3 122 1339  992      25
1967121712 3 124 1336  991      25
1967121718 3 125 1335  984      30
1967121800 3 126 1336  980      30
1967121806 3 128 1339  980      30
1967121812 3 132 1343  982      30
1967121818 3 134 1350  987      30
1967121900 3 132 1354  995      25
1967121906 1 130 1357 1002      15
1967121912 1 130 1362 1004      15
1967121918 1 130 1370 1004      15
1967122000 0 130 1370 1006       0
1967122006 0 130 1370 1006       0
1967122012 0 130 1370 1008       0
1967122018 0 125 1365 1008       0
