66666 0000   33 0001 0000 0 6 (nameless)                         20110729
1963033006 0  81 1450 1006       0
1963033012 0  81 1442 1006       0
1963033018 0  81 1435 1006       0
1963033100 1  82 1428 1004      12
1963033106 1  84 1417 1002      15
1963033112 1  88 1405 1002      15
1963033118 1  93 1392 1002      15
1963040100 1  97 1377 1002      15
1963040106 1  96 1362 1002      15
1963040112 1  99 1353 1002      15
1963040118 1 104 1350 1002      15
1963040200 1 110 1349 1002      15
1963040206 1 118 1354 1002      15
1963040212 1 129 1355 1002      15
1963040218 1 142 1353 1002      15
1963040300 1 155 1356 1002      15
1963040306 1 164 1359 1001      15
1963040312 1 169 1361 1002      15
1963040318 1 173 1360 1004      12
1963040400 1 175 1357 1004      12
1963040406 1 175 1352 1006      12
1963040412 1 174 1346 1006      12
1963040418 1 171 1341 1006      12
1963040500 1 167 1336 1006      12
1963040506 1 165 1331 1006      12
1963040512 1 162 1326 1006      12
1963040518 1 159 1319 1006      12
1963040600 0 158 1311 1008      10
1963040606 0 158 1298 1008       0
1963040612 0 158 1285 1008       0
1963040618 0 159 1271 1008       0
1963040700 0 160 1264 1008       0
1963040706 0 165 1260 1008       0
66666 0000   55 0002 0000 1 6 Olive                              20110729
1963042512 1  76 1455 1004      15
1963042518 1  77 1446 1004      15
1963042600 1  80 1440 1002      15
1963042606 1  84 1436 1000      15
1963042612 1  88 1434 1000      15
1963042618 2  94 1434  995      20
1963042700 3  97 1436  990      25
1963042706 4 100 1438  972      35
1963042712 4 104 1438  961      40
1963042718 5 107 1437  952      50
1963042800 6 110 1435  943      55
1963042806 6 115 1436  936      60
1963042812 6 120 1437  931      60
1963042818 6 126 1438  925      65
1963042900 6 131 1441  920      65
1963042906 6 136 1443  930      65
1963042912 6 141 1446  940      60
1963042918 6 146 1450  950      55
1963043000 6 151 1455  950      55
1963043006 6 157 1462  950      55
1963043012 6 163 1469  950      55
1963043018 5 171 1476  950      50
1963050100 5 178 1482  960      45
1963050106 5 183 1489  965      45
1963050112 5 191 1492  969      45
1963050118 5 199 1496  971      45
1963050200 5 207 1502  971      45
1963050206 5 214 1514  971      45
1963050212 5 222 1524  971      45
1963050218 5 233 1533  971      45
1963050300 5 244 1542  971      45
1963050306 4 255 1554  973      40
1963050312 4 260 1570  976      40
1963050318 4 262 1586  980      40
1963050400 4 263 1602  981      40
1963050406 4 267 1620  981      40
1963050412 4 274 1636  984      35
1963050418 4 284 1656  986      35
1963050500 4 292 1678  989      35
1963050506 4 300 1698  990      35
1963050512 4 310 1715  990      35
1963050518 3 322 1729  990      30
1963050600 9 332 1740  995      25
1963050606 9 338 1756 1004      15
1963050612 9 346 1767 1004      15
1963050618 9 353 1777 1004      15
1963050700 9 359 1779 1006       0
1963050706 9 365 1778 1006       0
1963050712 9 372 1774 1008       0
1963050718 9 379 1772 1010       0
1963050800 9 388 1770 1010       0
1963050806 9 400 1769 1010       0
1963050812 9 430 1771 1006       0
1963050818 9 460 1770 1002       0
1963050900 9 488 1788  998       0
66666 0000   46 0003 6301 1 6 Polly                              20110729
1963052700 0 123 1350 1008       0
1963052706 0 127 1346 1006       0
1963052712 0 131 1342 1006       0
1963052718 0 133 1337 1006       0
1963052800 0 135 1332 1006       0
1963052806 0 136 1325 1006       0
1963052812 0 135 1320 1006       0
1963052818 0 135 1315 1006       0
1963052900 0 134 1309 1006       0
1963052906 0 134 1303 1006       0
1963052912 0 134 1295 1004       0
1963052918 0 136 1287 1004       0
1963053000 0 140 1285 1004       0
1963053006 0 147 1285 1004       0
1963053012 0 152 1291 1004       0
1963053018 0 156 1295 1002       0
1963053100 0 160 1300 1002       0
1963053106 1 165 1303 1000      15
1963053112 1 168 1306 1000      15
1963053118 1 172 1309  999      15
1963060100 2 177 1315  999      20
1963060106 3 185 1320  992      25
1963060112 3 193 1323  985      30
1963060118 3 199 1325  985      30
1963060200 4 204 1325  985      35
1963060206 4 212 1327  982      35
1963060212 4 218 1331  982      35
1963060218 4 224 1334  982      35
1963060300 4 232 1335  980      35
1963060306 4 241 1338  978      35
1963060312 4 251 1342  985      35
1963060318 4 261 1349  986      35
1963060400 4 277 1360  986      35
1963060406 4 288 1371  980      35
1963060412 4 301 1382  982      35
1963060418 4 320 1400  983      35
1963060500 3 342 1415  985      30
1963060506 3 360 1441  986      30
1963060512 3 376 1472  987      30
1963060518 9 382 1504  988      25
1963060600 9 386 1536  986       0
1963060606 9 390 1580  986       0
1963060612 9 392 1630  986       0
1963060618 9 393 1683  986       0
1963060700 9 410 1750  986       0
1963060706 9 430 1780  978       0
66666 0000   46 0004 6302 1 6 Rose                               20110729
1963060612 1 193 1160 1002      12
1963060618 1 188 1165 1002      12
1963060700 1 185 1172 1002      12
1963060706 1 181 1181 1002      15
1963060712 1 181 1190 1002      15
1963060718 2 182 1196 1000      20
1963060800 2 184 1199  998      20
1963060806 2 185 1202  998      20
1963060812 2 187 1205  998      20
1963060818 2 189 1207  998      20
1963060900 2 191 1210  998      20
1963060906 2 195 1213  998      20
1963060912 2 199 1217  998      20
1963060918 3 204 1222  998      25
1963061000 3 210 1227  997      25
1963061006 3 216 1234  997      25
1963061012 3 222 1241  997      25
1963061018 3 226 1247  996      25
1963061100 3 230 1252  995      25
1963061106 3 233 1258  995      25
1963061112 3 237 1263  995      25
1963061118 3 241 1269  995      25
1963061200 3 245 1274  995      25
1963061206 3 249 1279  995      25
1963061212 3 254 1284  995      25
1963061218 2 262 1290  995      20
1963061300 2 276 1299  995      20
1963061306 2 295 1311  995      20
1963061312 2 325 1324  994      20
1963061318 2 354 1342  994      20
1963061400 2 379 1368  994      20
1963061406 9 406 1410  996      20
1963061412 9 415 1444  998       0
1963061418 9 427 1486 1000       0
1963061500 9 448 1527 1000       0
1963061506 9 475 1560  996       0
1963061512 9 492 1595  994       0
1963061518 9 500 1625  990       0
1963061600 9 505 1650  990       0
1963061606 9 507 1674  984       0
1963061612 9 508 1696  984       0
1963061618 9 510 1718  982       0
1963061700 9 510 1740  980       0
1963061706 9 510 1780  980       0
1963061712 9 514 1790  982       0
1963061718 9 520 1800  986       0
66666 0000   54 0005 6303 1 6 Shirley                            20110729
1963061206 1 127 1353 1008      15
1963061212 1 129 1344 1006      15
1963061218 1 131 1334 1004      15
1963061300 2 134 1324 1002      20
1963061306 3 136 1317  990      30
1963061312 3 138 1316  990      30
1963061318 5 139 1316  968      45
1963061400 5 141 1317  958      50
1963061406 6 144 1319  950      55
1963061412 6 147 1320  948      60
1963061418 6 149 1319  946      60
1963061500 6 153 1317  946      60
1963061506 6 156 1313  945      65
1963061512 6 161 1309  943      65
1963061518 6 168 1305  940      65
1963061600 6 174 1300  936      70
1963061606 6 182 1295  935      70
1963061612 6 188 1287  939      70
1963061618 6 195 1281  943      65
1963061700 6 206 1276  946      55
1963061706 5 217 1273  949      50
1963061712 5 227 1268  953      50
1963061718 5 237 1260  958      45
1963061800 5 248 1255  962      45
1963061806 4 259 1251  965      40
1963061812 4 270 1246  965      40
1963061818 4 280 1240  965      40
1963061900 4 292 1239  970      35
1963061906 4 304 1242  970      35
1963061912 4 316 1250  975      35
1963061918 4 336 1271  975      35
1963062000 3 358 1300  990      25
1963062006 3 385 1322  990      25
1963062012 3 415 1355  990      25
1963062018 3 440 1380  990      25
1963062100 3 455 1395  990      25
1963062106 9 464 1410  992      20
1963062112 9 467 1434  996      15
1963062118 9 460 1460  998      15
1963062200 9 451 1489  998      15
1963062206 9 447 1516 1000      15
1963062212 9 451 1541 1000      15
1963062218 9 461 1564  996       0
1963062300 9 472 1582  996       0
1963062306 9 480 1594  996       0
1963062312 9 489 1605  996       0
1963062318 9 495 1613  996       0
1963062400 9 500 1621  996       0
1963062406 9 507 1630  996       0
1963062412 9 515 1646  996       0
1963062418 9 520 1660  996       0
1963062500 9 529 1686  992       0
1963062506 9 540 1728  992       0
1963062512 9 550 1765  992       0
66666 0000   64 0006 6304 0 6 Trix                               20110729
1963061518 0  90 1550 1008       0
1963061600 0  90 1544 1008       0
1963061606 0  90 1536 1008       0
1963061612 0  90 1529 1008       0
1963061618 0  90 1522 1008       0
1963061700 0  90 1515 1008       0
1963061706 0  91 1509 1006       0
1963061712 0  91 1504 1006       0
1963061718 0  92 1499 1006       0
1963061800 0  93 1494 1004       0
1963061806 0  94 1488 1002       0
1963061812 0  95 1481 1002       0
1963061818 0  96 1472 1000       0
1963061900 0  97 1464 1000       0
1963061906 0  98 1453 1000       0
1963061912 0 100 1440 1002       0
1963061918 0 104 1425 1002       0
1963062000 0 107 1417 1004       0
1963062006 0 110 1410 1006       0
1963062012 0 115 1404 1006       0
1963062018 0 119 1398 1006       0
1963062100 0 122 1392 1006       0
1963062106 0 122 1384 1006       0
1963062112 0 120 1378 1008       0
1963062118 0 116 1372 1008       0
1963062200 0 109 1369 1008       0
1963062206 0 102 1366 1008       0
1963062212 0  97 1361 1007       0
1963062218 0  97 1355 1007       0
1963062300 0 100 1349 1006       0
1963062306 0 104 1342 1004       0
1963062312 0 108 1334 1004       0
1963062318 0 110 1323 1003       0
1963062400 1 111 1312 1002      15
1963062406 1 108 1302 1002      15
1963062412 1 107 1292 1002      15
1963062418 1 108 1286 1002      15
1963062500 1 112 1282 1002      15
1963062506 1 116 1279 1002      15
1963062512 1 122 1277 1002      15
1963062518 1 127 1274 1002      15
1963062600 2 131 1269 1002      20
1963062606 2 134 1262 1000      20
1963062612 3 138 1255  995      25
1963062618 3 142 1248  990      30
1963062700 4 147 1241  984      35
1963062706 4 151 1233  984      35
1963062712 4 155 1227  984      35
1963062718 4 160 1222  984      35
1963062800 3 170 1215  990      30
1963062806 3 175 1208  990      30
1963062812 3 180 1198  990      30
1963062818 3 188 1192  990      30
1963062900 3 192 1188  990      30
1963062906 3 194 1183  994      30
1963062912 3 197 1178  989      30
1963062918 4 199 1173  985      35
1963063000 4 202 1167  980      35
1963063006 4 210 1164  980      35
1963063012 4 220 1165  980      35
1963063018 4 229 1167  980      35
1963070100 3 239 1170  985      30
1963070106 1 250 1173  990      15   20
1963070112 0 270 1155  995      10   15
66666 0000   32 0007 6305 0 6 Virginia                           20110729
1963070106 0 112 1436 1007       0
1963070112 0 114 1428 1007       0
1963070118 0 117 1422 1007       0
1963070200 0 121 1415 1007       0
1963070206 0 126 1407 1007       0
1963070212 0 132 1399 1007       0
1963070218 0 137 1390 1007       0
1963070300 0 140 1375 1007       0
1963070306 0 141 1360 1007       0
1963070312 0 146 1344 1007       0
1963070318 0 151 1332 1007       0
1963070400 0 158 1321 1007       0
1963070406 0 164 1312 1007       0
1963070412 0 171 1306 1007       0
1963070418 0 177 1303 1007       0
1963070500 0 183 1303 1007       0
1963070506 1 187 1306 1006      15
1963070512 1 192 1309 1005      15
1963070518 1 196 1312 1004      15
1963070600 1 201 1316 1004      15
1963070606 1 207 1320 1003      15
1963070612 2 212 1322 1002      20
1963070618 2 216 1324 1001      20
1963070700 2 220 1325 1001      20
1963070706 2 228 1327  999      20
1963070712 2 241 1325  996      20
1963070718 2 255 1326  994      20
1963070800 3 266 1330  991      25
1963070806 3 278 1338  990      25
1963070812 3 291 1350  990      25
1963070818 2 315 1370  995      20
1963070900 1 335 1390 1000      15
66666 0000   38 0008 6306 0 6 Wendy                              20110729
1963070918 1 143 1469 1005      15
1963071000 3 134 1465  999      25
1963071006 3 128 1462  989      30
1963071012 4 123 1459  980      35
1963071018 4 120 1455  971      40
1963071100 5 119 1449  960      45
1963071106 6 121 1443  948      55
1963071112 6 123 1437  947      55
1963071118 6 130 1428  946      60
1963071200 6 143 1416  946      60
1963071206 6 151 1408  946      60
1963071212 6 160 1398  940      65
1963071218 6 167 1387  934      65
1963071300 6 172 1374  927      70
1963071306 6 179 1362  924      70
1963071312 6 185 1348  924      70
1963071318 6 190 1333  926      70
1963071400 6 195 1318  927      65
1963071406 6 199 1305  928      65
1963071412 6 202 1293  929      65
1963071418 6 203 1280  929      65
1963071500 6 205 1264  929      65
1963071506 6 211 1253  930      60
1963071512 6 217 1243  938      55
1963071518 5 226 1234  946      50
1963071600 4 235 1223  950      40
1963071606 4 242 1211  960      35
1963071612 3 252 1204  970      30
1963071618 3 259 1200  980      25
1963071700 3 264 1195  985      25
1963071706 0 268 1191  988       9   25
1963071712 0 272 1184  990       9   20
1963071718 0 277 1178  992       9   20
1963071800 0 280 1173  993       9   20
1963071806 0 283 1166  993       9   20
1963071812 0 284 1164  995       9   20
1963071818 0 285 1161  996       9   20
1963071900 0 285 1159  997       9   20
66666 0000    4 0008 6306 0 6 Wendy(-)1                          20110729
1963071818 0 314 1159  995       9   20
1963071900 0 317 1162  996       9   20
1963071906 0 321 1164  997       9   20
1963071912 0 326 1165  997       9   20
66666 0000    3 0008 6306 0 6 Wendy(-)2                          20110729
1963071918 0 356 1174  998      10   20
1963072000 1 377 1181  998      12   20
1963072006 2 387 1185  998      20
66666 0000   16 0009 0000 0 6 (nameless)                         20110729
1963070918 0 150 1310 1009       0
1963071000 0 161 1304 1009       0
1963071006 0 169 1306 1007       0
1963071012 0 174 1310 1007       0
1963071018 0 177 1313 1006       0
1963071100 0 182 1314 1006      10
1963071106 1 186 1312 1004      15
1963071112 1 187 1308 1004      15
1963071118 1 186 1303 1004      15
1963071200 1 184 1298 1004      15
1963071206 1 183 1291 1002      15
1963071212 1 184 1282 1002      15
1963071218 1 187 1277 1002      15
1963071300 1 190 1270 1002      15
1963071306 1 188 1260 1004      15
1963071312 0 180 1250 1006      10
66666 0000   40 0010 6307 1 6 Agness                             20110729
1963071506 0 100 1455 1008       0
1963071512 0 104 1446 1008       0
1963071518 0 107 1436 1008       0
1963071600 0 110 1425 1008       0
1963071606 0 113 1414 1008       0
1963071612 0 116 1403 1008       0
1963071618 0 120 1391 1006       0
1963071700 0 125 1379 1006       0
1963071706 1 128 1366 1004      15
1963071712 1 133 1353 1004      15
1963071718 1 138 1340 1004      15
1963071800 1 142 1328 1002      15
1963071806 2 146 1307 1000      20
1963071812 3 153 1295  998      25
1963071818 3 160 1286  996      30
1963071900 3 168 1276  995      30
1963071906 3 173 1265  995      30
1963071912 3 176 1254  995      30
1963071918 3 177 1244  995      30
1963072000 3 178 1232  997      30
1963072006 3 178 1221  998      25
1963072012 3 181 1210  998      25
1963072018 3 185 1197  995      25
1963072100 3 191 1182  992      30
1963072106 3 197 1166  991      30
1963072112 4 201 1153  988      35
1963072118 4 202 1139  985      35
1963072200 4 205 1127  983      35
1963072206 4 210 1120  983      35
1963072212 3 213 1110  983      30
1963072218 2 215 1099  989      20
1963072300 2 214 1089  989      20
1963072306 2 214 1082  989      20
1963072312 2 213 1077  992      20
1963072318 1 212 1070  994      15
1963072400 1 211 1065  995      15
1963072406 1 209 1060  995      15
1963072412 0 207 1054  998       0
1963072418 0 206 1048  998       0
1963072500 0 205 1042 1000       0
66666 0000   87 0011 6308 1 6 Bess                               20110729
1963072518 0 131 1509 1006       0
1963072600 0 130 1495 1004       0
1963072606 0 129 1482 1004       0
1963072612 0 128 1470 1004       0
1963072618 0 127 1458 1004       0
1963072700 0 127 1447 1004       0
1963072706 0 127 1437 1004       0
1963072712 1 127 1429 1004      15
1963072718 1 127 1422 1004      15
1963072800 1 127 1415 1004      15
1963072806 1 128 1411 1004      15
1963072812 1 129 1407 1004      15
1963072818 1 131 1404 1004      15
1963072900 1 135 1402 1002      15
1963072906 1 143 1404 1002      15
1963072912 1 153 1413 1002      15
1963072918 1 163 1422 1000      15
1963073000 2 173 1431  998      20
1963073006 2 181 1436 1000      20
1963073012 2 186 1438 1000      20
1963073018 2 192 1440 1002      20
1963073100 2 194 1431 1005      20
1963073106 2 191 1423 1005      20
1963073112 2 189 1420 1003      20
1963073118 2 188 1417 1002      20
1963080100 2 187 1414 1001      20
1963080106 3 185 1410  998      25
1963080112 3 183 1405  998      25
1963080118 3 179 1401  998      25
1963080200 3 176 1396  998      25
1963080206 3 177 1392  997      25
1963080212 3 178 1389  993      30
1963080218 3 181 1386  990      30
1963080300 4 184 1382  983      35
1963080306 4 185 1377  971      40
1963080312 5 186 1372  961      45
1963080318 5 188 1370  950      50
1963080400 6 194 1370  939      60
1963080406 6 199 1370  930      65
1963080412 6 204 1370  931      65
1963080418 6 208 1370  932      60
1963080500 6 215 1370  934      60
1963080506 6 224 1369  942      55
1963080512 6 232 1369  947      55
1963080518 6 241 1368  952      55
1963080600 5 250 1366  955      50
1963080606 5 257 1362  952      50
1963080612 5 262 1357  952      50
1963080618 5 267 1350  952      50
1963080700 6 270 1342  950      55
1963080706 6 274 1338  948      55
1963080712 6 279 1334  947      55
1963080718 6 283 1332  947      55
1963080800 6 288 1332  948      55
1963080806 5 295 1331  950      50
1963080812 5 304 1330  956      50
1963080818 5 312 1327  961      45
1963080900 5 320 1323  965      45
1963080906 4 328 1318  970      40
1963080912 4 335 1312  982      35
1963080918 4 340 1308  986      35
1963081000 3 345 1307  990      30
1963081006 3 352 1308  992      30
1963081012 3 359 1311  994      25
1963081018 3 368 1318  994      25
1963081100 2 375 1324  994      20
1963081106 2 380 1330  994      20
1963081112 2 385 1340  994      20
1963081118 2 390 1350  995      20
1963081200 9 395 1360  996       0
1963081206 9 398 1371  996       0
1963081212 9 400 1384  996       0
1963081218 9 400 1397  996       0
1963081300 9 402 1438  998       0
1963081306 9 408 1471  998       0
1963081312 9 417 1509  998       0
1963081318 9 425 1539  998       0
1963081400 9 434 1570  998       0
1963081406 9 441 1598  998       0
1963081412 9 447 1620  998       0
1963081418 9 454 1640  998       0
1963081500 9 460 1660  998       0
1963081506 9 478 1685  998       0
1963081512 9 496 1710  998       0
1963081518 9 513 1738  994       0
1963081600 9 530 1770  990       0
1963081606 9 546 1793  988       0
66666 0000   24 0012 6317 0 6 (nameless)                         20110729
1963072706 0 110 1175 1006       0
1963072712 0 115 1170 1006       0
1963072718 0 120 1164 1006       0
1963072800 0 126 1155 1006       0
1963072806 0 130 1145 1006       0
1963072812 0 135 1135 1006       0
1963072818 0 140 1130 1006       0
1963072900 0 145 1125 1004       0
1963072906 1 147 1120 1000      15
1963072912 1 148 1115 1000      15
1963072918 1 149 1112 1000      15
1963073000 1 151 1109 1000      15
1963073006 1 155 1106 1000      15
1963073012 1 160 1104 1000      15
1963073018 2 165 1103  992      20
1963073100 2 170 1102  992      20
1963073106 2 178 1104  992      20
1963073112 2 186 1104  992      20
1963073118 1 195 1103  998      15
1963080100 1 207 1100  999      15
1963080106 1 213 1095 1002      12
1963080112 0 217 1083 1003      10
1963080118 0 219 1082 1004      10
1963080200 0 220 1082 1006      10
66666 0000   42 0013 6309 1 6 Carmen                             20110729
1963080718 0  93 1455 1006       0
1963080800 1  90 1445 1003      15
1963080806 1  89 1436 1003      15
1963080812 1  88 1427 1003      15
1963080818 1  89 1417 1003      15
1963080900 1  90 1407 1003      15
1963080906 1  91 1397 1003      15
1963080912 1  92 1386 1002      15
1963080918 1  91 1374 1000      15
1963081000 2  91 1363  998      20
1963081006 3  91 1352  992      25
1963081012 4  92 1341  987      35
1963081018 4  95 1331  983      40
1963081100 4  98 1323  980      40
1963081106 4 102 1313  980      40
1963081112 5 107 1302  973      45
1963081118 5 112 1290  965      50
1963081200 6 116 1276  951      55
1963081206 6 121 1267  934      65
1963081212 6 124 1260  937      65
1963081218 6 129 1252  939      65
1963081300 6 136 1245  945      55
1963081306 5 142 1240  955      50
1963081312 5 150 1230  966      45
1963081318 4 158 1222  977      40
1963081400 4 162 1210  988      35
1963081406 4 167 1198  991      35
1963081412 4 172 1186  987      35
1963081418 4 179 1174  983      40
1963081500 4 182 1164  975      40
1963081506 5 183 1152  970      45
1963081512 5 185 1136  970      45
1963081518 5 188 1125  970      45
1963081600 4 193 1117  970      40
1963081606 4 200 1108  970      40
1963081612 4 204 1099  975      35
1963081618 3 208 1087  978      30
1963081700 3 210 1075  985      30
1963081706 3 212 1065  990      25
1963081712 1 212 1052  996      15
1963081718 1 215 1045  996      15
1963081800 0 219 1030  998       9
66666 0000   17 0014 0000 1 6 (nameless)                         20110729
1963082000 0 140 1175 1008       0
1963082006 0 140 1164 1005       0
1963082012 0 142 1154 1004       0
1963082018 0 148 1139 1004       0
1963082100 0 151 1128 1003       0
1963082106 0 155 1121 1002       0
1963082112 0 158 1114 1002       0
1963082118 1 161 1110 1000      12
1963082200 1 164 1106 1002      12
1963082206 1 166 1103 1002      12
1963082212 1 171 1102 1002      12
1963082218 1 178 1102 1000      15
1963082300 1 189 1098 1001      12
1963082306 1 200 1085 1001      12
1963082312 1 205 1070 1001      12
1963082318 0 210 1053 1004       9
1963082400 0 215 1040 1004       9
66666 0000   31 0015 0000 1 6 Elaine                             20110729
1963082300 0 173 1644 1006       0
1963082306 0 182 1633 1004       0
1963082312 0 190 1625 1004       0
1963082318 0 200 1618 1004       0
1963082400 1 210 1610 1004      15
1963082406 2 218 1600  995      20
1963082412 2 223 1588  995      20
1963082418 2 227 1578  995      20
1963082500 2 234 1569  995      20
1963082506 2 243 1562  995      20
1963082512 2 252 1556  995      20
1963082518 2 259 1548  995      20
1963082600 3 266 1540  990      25
1963082606 3 275 1536  990      25
1963082612 4 288 1536  970      35
1963082618 4 300 1538  969      35
1963082700 4 314 1545  968      40
1963082706 5 327 1558  965      45
1963082712 4 340 1570  970      40
1963082718 4 357 1584  975      35
1963082800 9 375 1604  980      30
1963082806 9 394 1624  980      30
1963082812 9 415 1635  980      30
1963082818 9 433 1644  980      30
1963082900 9 442 1652  980      30
1963082906 9 448 1662  980      30
1963082912 9 451 1671  980      25
1963082918 9 454 1683  980      25
1963083000 9 455 1700  986       0
1963083006 9 457 1730  990       0
1963083012 9 461 1771  990       0
66666 0000   38 0016 6310 0 6 Della                              20110729
1963082318 0 223 1374 1008       0
1963082400 0 233 1360 1008       0
1963082406 0 241 1350 1006       0
1963082412 0 248 1340 1006       0
1963082418 0 254 1330 1004       0
1963082500 0 260 1320 1002       0
1963082506 1 264 1314 1002      15
1963082512 3 270 1310  990      25
1963082518 3 276 1308  980      30
1963082600 4 283 1309  971      35
1963082606 4 289 1311  972      35
1963082612 4 294 1316  976      35
1963082618 4 299 1320  979      35
1963082700 4 305 1321  980      35
1963082706 4 311 1323  978      40
1963082712 4 316 1331  979      40
1963082718 4 321 1338  979      40
1963082800 4 327 1350  979      40
1963082806 4 333 1361  979      40
1963082812 4 338 1375  979      40
1963082818 4 344 1393  980      35
1963082900 4 350 1412  981      35
1963082906 4 355 1427  976      35
1963082912 4 360 1443  980      35
1963082918 4 367 1461  984      35
1963083000 3 373 1480  990      30
1963083006 2 385 1495  998      20
1963083012 2 395 1504  998      20
1963083018 2 404 1510  998      20
1963083100 2 410 1520  998      20
1963083106 2 417 1535  998      20
1963083112 2 422 1558  998      20
1963083118 1 429 1582  998      15
1963090100 1 440 1612  996      15
1963090106 1 453 1648  996      15
1963090112 1 470 1673  994      15
1963090118 1 490 1690  994      15
1963090200 0 510 1700  996       0
66666 0000   27 0017 0000 1 6 (nameless)                         20110729
1963082418 0 157 1190 1005       0
1963082500 0 161 1194 1005       0
1963082506 0 165 1193 1002       0
1963082512 0 167 1190 1002       0
1963082518 0 168 1185 1003       0
1963082600 0 167 1181 1004       0
1963082606 0 162 1173 1004       0
1963082612 0 156 1172 1004       0
1963082618 0 155 1178 1004       0
1963082700 0 158 1179 1004       0
1963082706 0 162 1179 1004       0
1963082712 0 165 1177 1003       0
1963082718 0 170 1174 1003       0
1963082800 0 176 1165 1003       0
1963082806 1 170 1156 1002      12
1963082812 1 168 1145 1000      12
1963082818 1 168 1132 1000      12
1963082900 1 172 1122  999      12
1963082906 1 175 1115  998      15
1963082912 1 180 1109  997      12
1963082918 0 186 1104  997      10
1963083000 0 191 1099  997       9   10
1963083006 0 192 1090  998       9   10
1963083012 0 192 1080  998      10
1963083018 1 200 1070 1000      12
1963083100 0 205 1063 1000       0
1963083106 0 205 1050 1000       0
66666 0000   51 0018 6311 1 6 Faye                               20110729
1963082800 0  91 1571 1006       0
1963082806 0  90 1560 1006       0
1963082812 0  90 1550 1006       0
1963082818 0  91 1535 1006       0
1963082900 0  93 1520 1006       0
1963082906 0  96 1508 1004       0
1963082912 0  99 1494 1004       0
1963082918 0 104 1480 1004       0
1963083000 0 109 1465 1002       0
1963083006 0 112 1451 1002       0
1963083012 0 115 1436 1002       0
1963083018 0 117 1427 1002       0
1963083100 0 120 1420 1002       0
1963083106 0 123 1415 1002       0
1963083112 0 125 1410 1000       0
1963083118 0 128 1402 1000       0
1963090100 1 130 1393  998      15
1963090106 1 133 1380  995      15
1963090112 2 136 1367  993      20
1963090118 2 141 1353  991      20
1963090200 3 146 1343  989      25
1963090206 3 151 1333  988      25
1963090212 3 157 1326  987      30
1963090218 4 161 1319  986      35
1963090300 4 165 1311  985      35
1963090306 4 169 1302  984      35
1963090312 4 175 1291  982      35
1963090318 4 181 1278  980      35
1963090400 4 187 1265  978      40
1963090406 4 192 1251  976      40
1963090412 5 196 1236  972      45
1963090418 5 199 1221  968      45
1963090500 5 201 1208  965      50
1963090506 5 201 1195  965      50
1963090512 5 200 1184  964      50
1963090518 5 202 1175  963      50
1963090600 5 202 1165  961      50
1963090606 6 201 1153  958      55
1963090612 5 203 1141  960      50
1963090618 5 204 1131  960      50
1963090700 5 203 1124  960      50
1963090706 5 202 1115  965      45
1963090712 5 201 1109  965      45
1963090718 4 199 1102  968      35
1963090800 3 197 1095  975      30
1963090806 3 195 1090  980      25
1963090812 3 195 1084  980      25
1963090818 3 195 1078  980      25
1963090900 3 195 1070  980      25
1963090906 2 195 1055  985      20
1963090912 2 195 1045  990      20
66666 0000   16 0019 0000 1 6 (nameless)                         20110729
1963083118 0 125 1105 1002       0
1963090100 1 120 1110 1002      12
1963090106 1 120 1120 1002      12
1963090112 0 128 1125 1004      10
1963090118 0 138 1125 1003      10
1963090200 0 144 1120 1003      10
1963090206 0 143 1113 1003      10
1963090212 0 142 1109 1002       0
1963090218 0 140 1105 1002       0
1963090300 0 140 1101 1002       0
1963090306 0 140 1097 1002       0
1963090312 0 140 1094 1002       0
1963090318 0 140 1089 1002       0
1963090400 0 140 1080 1002       0
1963090406 0 141 1070 1002       0
1963090412 0 143 1060 1004       0
66666 0000   45 0020 6312 0 6 Gloria                             20110729
1963090400 0 176 1440 1006       0
1963090406 0 175 1432 1004       0
1963090412 0 174 1425 1004       0
1963090418 0 176 1416 1004       0
1963090500 1 181 1408 1002      15
1963090506 1 184 1402 1002      15
1963090512 1 185 1396 1000      15
1963090518 1 184 1391 1000      15
1963090600 2 182 1385  997      20
1963090606 3 178 1381  987      25
1963090612 3 176 1375  980      30
1963090618 3 178 1367  979      30
1963090700 3 183 1360  978      30
1963090706 4 187 1349  974      35
1963090712 4 191 1339  968      40
1963090718 4 193 1326  964      40
1963090800 5 196 1316  959      45
1963090806 5 202 1307  954      50
1963090812 6 207 1298  945      55
1963090818 6 212 1288  936      60
1963090900 6 214 1280  928      65
1963090906 6 220 1273  925      65
1963090912 6 223 1266  924      65
1963090918 6 226 1260  922      65
1963091000 6 230 1255  920      70
1963091006 6 236 1251  918      70
1963091012 6 242 1244  938      60
1963091018 6 247 1234  934      60
1963091100 6 251 1225  933      60
1963091106 6 253 1220  940      55
1963091112 6 256 1216  945      55
1963091118 5 260 1211  965      45
1963091200 4 263 1206  976      35
1963091206 3 263 1202  982      30
1963091212 3 263 1199  982      30
1963091218 3 263 1195  985      30
1963091300 2 262 1191  990      20
1963091306 0 259 1188  992       9   15
1963091312 0 257 1186  996       9   15
1963091318 0 253 1184  996       9   15
1963091400 0 250 1182  998       9
1963091406 0 244 1174  998       9
1963091412 0 241 1160 1002       9
1963091418 0 241 1146 1002       9
1963091500 0 238 1135 1002       9
66666 0000   34 0021 6313 1 6 Hester                             20110729
1963090718 0 130 1508 1006       0
1963090800 0 131 1499 1006       0
1963090806 0 133 1490 1006       0
1963090812 0 134 1483 1006       0
1963090818 0 136 1475 1006       0
1963090900 0 139 1468 1006       0
1963090906 0 143 1461 1004       0
1963090912 0 146 1452 1004       0
1963090918 0 150 1444 1004       0
1963091000 0 154 1435 1004       0
1963091006 0 156 1427 1004       0
1963091012 0 157 1419 1004       0
1963091018 1 158 1410 1000      15
1963091100 2 161 1400  997      20
1963091106 2 162 1388  997      20
1963091112 2 165 1370  997      20
1963091118 2 175 1348  997      20
1963091200 2 194 1331  997      20
1963091206 2 217 1324  997      20
1963091212 2 235 1324  997      20
1963091218 2 250 1324  996      20
1963091300 2 264 1326  996      20
1963091306 2 278 1333  996      20
1963091312 3 290 1345  996      25
1963091318 3 300 1364  996      25
1963091400 9 309 1400  996      20
1963091406 9 315 1440  998      20
1963091412 9 320 1512  998       0
1963091418 9 328 1570  998       0
1963091500 9 335 1632  998       0
1963091506 9 338 1671 1002       0
1963091512 9 341 1702 1002       0
1963091518 9 348 1741 1008       0
1963091600 9 355 1785 1010       0
66666 0000   19 0022 0000 0 6 Irma                               20110729
1963091618 0 119 1532 1005       0
1963091700 1 121 1519 1005      15
1963091706 2 124 1506 1002      20
1963091712 2 128 1494 1002      20
1963091718 2 133 1482 1002      20
1963091800 1 140 1468 1004      15
1963091806 1 145 1450 1005      15
1963091812 1 142 1432 1006      15
1963091818 1 141 1417 1006      15
1963091900 1 145 1400 1006      15
1963091906 1 146 1385 1006      15
1963091912 0 145 1369 1006       0
1963091918 0 142 1354 1006       0
1963092000 0 140 1340 1006       0
1963092006 0 140 1324 1006       0
1963092012 0 140 1305 1006       0
1963092018 0 130 1287 1006       0
1963092100 0 123 1283 1006       0
1963092106 0 115 1278 1006       0
66666 0000   12 0023 0000 1 6 (nameless)                         20110729
1963092018 0 165 1200 1006       0
1963092100 0 156 1185 1006       0
1963092106 0 153 1172 1006       0
1963092112 0 151 1160 1005       0
1963092118 0 150 1145 1005       0
1963092200 1 149 1128 1005      12
1963092206 1 145 1115 1004      12
1963092212 1 138 1108 1005      12
1963092218 0 130 1103 1006       0
1963092300 0 122 1088 1006       0
1963092306 0 122 1065 1006       0
1963092312 0 122 1045 1008       0
66666 0000   51 0024 0000 1 6 Judy                               20110729
1963092706 0  80 1543 1008       0
1963092712 0  82 1537 1008       0
1963092718 0  84 1532 1008       0
1963092800 0  85 1525 1008       0
1963092806 0  87 1520 1006       0
1963092812 0  90 1514 1006       0
1963092818 0  95 1509 1006       0
1963092900 0 100 1505 1006       0
1963092906 0 110 1500 1004       0
1963092912 0 123 1495 1004       0
1963092918 1 138 1491 1002      15
1963093000 1 152 1487 1000      15
1963093006 2 158 1485  998      20
1963093012 3 165 1483  990      30
1963093018 4 173 1476  980      35
1963100100 4 183 1469  979      40
1963100106 4 193 1460  974      40
1963100112 5 206 1448  961      45
1963100118 6 219 1440  949      55
1963100200 6 228 1432  935      65
1963100206 6 235 1426  922      75
1963100212 6 244 1423  920      75
1963100218 6 255 1423  919      75
1963100300 6 265 1425  916      75
1963100306 6 277 1428  914      75
1963100312 6 288 1433  924      70
1963100318 6 302 1441  934      60
1963100400 5 314 1451  944      50
1963100406 5 327 1465  949      50
1963100412 5 340 1482  955      45
1963100418 9 351 1500  965      40
1963100500 9 360 1520  980      30
1963100506 9 366 1538  985      25
1963100512 9 373 1555  990       0
1963100518 9 379 1574  994       0
1963100600 9 385 1590 1000       0
1963100606 9 394 1605 1002       0
1963100612 9 403 1616 1004       0
1963100618 9 412 1624 1004       0
1963100700 9 421 1633 1006       0
1963100706 9 431 1641 1006       0
1963100712 9 441 1646 1008       0
1963100718 9 450 1651 1008       0
1963100800 9 460 1660 1008       0
1963100806 9 470 1670 1010       0
1963100812 9 480 1680 1010       0
1963100818 9 492 1690 1010       0
1963100900 9 506 1709 1008       0
1963100906 9 520 1730 1000       0
1963100912 9 530 1755  998       0
1963100918 9 536 1781  996       0
66666 0000   21 0025 0000 1 6 (nameless)                         20110729
1963093012 0 145 1150 1006       0
1963093018 0 142 1135 1006       0
1963100100 0 137 1132 1006       0
1963100106 0 132 1135 1005       0
1963100112 0 128 1138 1005       0
1963100118 0 125 1135 1005       0
1963100200 0 125 1130 1005       0
1963100206 1 128 1125 1005      12
1963100212 1 132 1123 1005      12
1963100218 1 138 1118 1005      12
1963100300 1 143 1115 1005      12
1963100306 0 148 1117 1005      10   15
1963100312 0 151 1119 1006       9   15
1963100318 0 158 1119 1007       0
1963100400 0 162 1114 1007       0
1963100406 0 164 1107 1007       0
1963100412 0 165 1100 1007       0
1963100418 0 165 1090 1007       0
1963100500 0 165 1085 1008       0
1963100506 0 165 1075 1008       0
1963100512 0 165 1070 1008       0
66666 0000   44 0026 6314 1 6 Kit                                20110729
1963100306 0 103 1403 1006       0
1963100312 0 113 1412 1006       0
1963100318 0 122 1417 1006       0
1963100400 0 130 1415 1006       0
1963100406 0 136 1410 1004       0
1963100412 0 142 1405 1004       0
1963100418 0 148 1401 1004       0
1963100500 0 152 1397 1002       0
1963100506 1 157 1394  998      15
1963100512 2 162 1393  996      20
1963100518 2 167 1393  996      20
1963100600 3 173 1392  995      25
1963100606 3 178 1388  990      30
1963100612 4 184 1382  985      35
1963100618 4 188 1374  985      35
1963100700 4 192 1368  985      35
1963100706 4 194 1363  980      40
1963100712 5 196 1359  972      45
1963100718 5 198 1354  964      50
1963100800 6 200 1349  957      55
1963100806 6 201 1343  950      60
1963100812 6 204 1336  946      65
1963100818 6 207 1328  942      65
1963100900 6 210 1321  938      65
1963100906 6 213 1315  936      70
1963100912 6 218 1314  936      70
1963100918 6 225 1316  936      70
1963101000 6 235 1320  936      70
1963101006 6 247 1327  932      70
1963101012 6 258 1336  939      65
1963101018 6 269 1348  945      65
1963101100 6 282 1366  951      60
1963101106 6 294 1392  954      55
1963101112 5 312 1429  955      50
1963101118 5 330 1470  960      45
1963101200 9 346 1512  990      30
1963101206 9 360 1550  990       0
1963101212 9 375 1585  990       0
1963101218 9 395 1620  994       0
1963101300 9 411 1645  994       0
1963101306 9 430 1669  990       0
1963101312 9 453 1707  990       0
1963101318 9 472 1732  988       0
1963101400 9 494 1799  982       0
66666 0000   65 0027 6315 1 6 Lola                               20110729
1963100600 0  71 1649 1008       0
1963100606 0  74 1635 1006       0
1963100612 0  78 1621 1006       0
1963100618 0  80 1605 1006       0
1963100700 0  82 1589 1006       0
1963100706 0  83 1576 1006       0
1963100712 0  83 1563 1006       0
1963100718 0  84 1551 1006       0
1963100800 0  86 1538 1006       0
1963100806 1  88 1529 1004      15
1963100812 1  92 1522 1004      15
1963100818 1  98 1517 1004      15
1963100900 1 103 1512 1004      15
1963100906 1 108 1507 1004      15
1963100912 1 115 1501 1004      15
1963100918 1 123 1494 1004      15
1963101000 1 131 1486 1004      15
1963101006 1 139 1477 1004      15
1963101012 1 145 1467 1004      15
1963101018 1 145 1458 1004      15
1963101100 1 144 1450 1004      15
1963101106 1 140 1442 1002      15
1963101112 1 137 1435 1002      15
1963101118 1 136 1430 1002      15
1963101200 1 135 1425 1002      15
1963101206 1 130 1424 1000      15
1963101212 2 125 1432  998      20
1963101218 2 130 1440  996      20
1963101300 2 138 1445  994      20
1963101306 2 146 1449  993      20
1963101312 3 153 1450  993      25
1963101318 3 160 1447  992      25
1963101400 3 169 1442  991      25
1963101406 3 173 1438  986      30
1963101412 3 176 1435  985      30
1963101418 3 178 1433  986      30
1963101500 3 182 1427  986      30
1963101506 4 185 1421  982      35
1963101512 4 187 1413  977      35
1963101518 4 188 1406  971      40
1963101600 5 191 1398  964      45
1963101606 5 194 1389  957      50
1963101612 6 195 1380  953      55
1963101618 6 197 1373  949      60
1963101700 6 200 1367  946      65
1963101706 6 205 1362  943      70
1963101712 6 212 1359  945      70
1963101718 6 219 1359  947      65
1963101800 6 227 1361  948      65
1963101806 6 235 1364  948      65
1963101812 6 243 1368  952      60
1963101818 6 255 1373  956      55
1963101900 5 268 1378  959      45
1963101906 4 283 1384  970      40
1963101912 4 302 1400  970      40
1963101918 4 320 1420  975      35
1963102000 9 340 1450  980      30
1963102006 9 357 1480  985      30
1963102012 9 369 1506  990       0
1963102018 9 380 1539  990       0
1963102100 9 393 1567  990       0
1963102106 9 410 1610  994       0
1963102112 9 426 1651  996       0
1963102118 9 442 1697  996       0
1963102200 9 458 1751  992       0
66666 0000   23 0028 0000 0 6 Mamie                              20110729
1963101312 0 191 1640 1008       0
1963101318 0 196 1625 1006       0
1963101400 0 200 1610 1004       0
1963101406 0 203 1598 1000       0
1963101412 1 203 1590  997      15
1963101418 2 203 1583  994      20
1963101500 3 203 1575  991      25
1963101506 3 204 1568  989      25
1963101512 3 206 1560  986      30
1963101518 4 207 1553  983      35
1963101600 4 211 1545  980      40
1963101606 5 219 1538  978      45
1963101612 5 230 1531  975      45
1963101618 5 238 1520  973      50
1963101700 6 246 1515  970      55
1963101706 6 258 1509  969      55
1963101712 5 274 1504  972      50
1963101718 5 288 1503  976      45
1963101800 4 306 1507  979      40
1963101806 4 325 1514  982      35
1963101812 3 348 1533  995      25
1963101818 1 368 1562 1004      15
1963101900 0 387 1599 1008       0
66666 0000   24 0029 0000 0 6 Nina                               20110729
1963101806 0 119 1548 1002       0
1963101812 0 117 1540 1001       0
1963101818 1 115 1530 1000      15
1963101900 1 116 1518 1002      15
1963101906 1 117 1509 1002      15
1963101912 1 119 1500 1002      15
1963101918 1 121 1490 1002      12
1963102000 1 123 1480 1002      12
1963102006 1 125 1470 1002      12
1963102012 0 122 1459 1004       0
1963102018 0 115 1449 1004       0
1963102100 0 112 1438 1006       0
1963102106 0 111 1433 1006       0
1963102112 0 110 1425 1006       0
1963102118 0 110 1418 1006       0
1963102200 0 111 1411 1006       0
1963102206 0 112 1404 1007       0
1963102212 0 113 1397 1007       0
1963102218 0 115 1391 1007       0
1963102300 0 116 1382 1007       0
1963102306 0 117 1375 1008       0
1963102312 0 118 1368 1008       0
1963102318 0 119 1359 1008       0
1963102400 0 120 1350 1008       0
66666 0000   36 0030 0000 1 6 Ora                                20110729
1963102312 0 150 1590 1002       0
1963102318 0 160 1595 1000       0
1963102400 0 170 1595 1000       0
1963102406 0 179 1591 1000       0
1963102412 0 183 1587 1000       0
1963102418 0 187 1583 1000       0
1963102500 0 190 1580 1000       0
1963102506 0 194 1575 1000       0
1963102512 1 197 1570 1000      15
1963102518 2 200 1566  995      20
1963102600 3 206 1561  991      25
1963102606 3 212 1556  991      25
1963102612 3 218 1551  992      25
1963102618 3 226 1544  992      25
1963102700 3 234 1534  992      30
1963102706 4 240 1519  985      40
1963102712 4 241 1508  985      40
1963102718 4 244 1498  985      40
1963102800 4 250 1491  985      40
1963102806 4 256 1496  983      40
1963102812 4 263 1502  983      40
1963102818 4 274 1510  983      35
1963102900 3 291 1520  983      30
1963102906 3 305 1523  985      30
1963102912 3 318 1530  990      25
1963102918 3 331 1539  990      25
1963103000 2 343 1550  990      20
1963103006 2 355 1562  990      20
1963103012 9 371 1579  990      20
1963103018 9 393 1600  990      20
1963103100 9 420 1624  990       0
1963103106 9 442 1642  990       0
1963103112 9 466 1672  986       0
1963103118 9 480 1710  986       0
1963110100 9 490 1760  982       0
1963110106 9 500 1800  980       0
66666 0000   27 0031 0000 0 6 Phyllis                            20110729
1963120812 0  98 1298 1006       0
1963120818 0  97 1283 1004       0
1963120900 0  94 1270 1004       0
1963120906 0  92 1259 1006       0
1963120912 0  91 1247 1006       0
1963120918 0  92 1236 1006       0
1963121000 1  94 1226 1005      12
1963121006 1  96 1219 1002      15
1963121012 1  98 1212 1002      15
1963121018 1 101 1204 1002      15
1963121100 1 105 1199 1002      15
1963121106 1 115 1197 1002      15
1963121112 1 123 1199 1002      15
1963121118 1 130 1200 1000      15
1963121200 1 138 1199 1000      15
1963121206 2 144 1197  998      20
1963121212 3 152 1194  996      25
1963121218 4 160 1190  990      35
1963121300 4 170 1189  984      40
1963121306 3 176 1192  998      25
1963121312 2 180 1196 1000      20
1963121318 1 186 1195 1002      15
1963121400 1 189 1185 1004      15
1963121406 1 185 1176 1005      15
1963121412 0 178 1173 1008       9   15
1963121418 0 172 1172 1010       9   15
1963121500 0 167 1173 1012       9   15
66666 0000   29 0032 0000 0 6 Rita                               20110729
1963121500 0 120 1308 1010       0
1963121506 0 121 1295 1008       0
1963121512 0 122 1285 1006       0
1963121518 0 125 1275 1004       0
1963121600 0 130 1266 1004       0
1963121606 0 137 1259 1004       0
1963121612 1 145 1253 1002      15
1963121618 2 152 1248 1000      20
1963121700 2 157 1244 1000      20
1963121706 3 167 1241 1000      25
1963121712 3 175 1241 1000      25
1963121718 3 182 1243 1000      25
1963121800 3 187 1247  996      30
1963121806 4 191 1252  993      35
1963121812 3 193 1264  996      30
1963121818 3 194 1275  998      30
1963121900 3 195 1285 1000      25
1963121906 2 195 1295 1002      20
1963121912 1 196 1307 1006      15
1963121918 9 196 1324 1008       0
1963122000 9 200 1350 1010       0
1963122006 9 210 1380 1010       0
1963122012 9 222 1409 1012       0
1963122018 9 239 1429 1014       0
1963122100 9 252 1448 1012       0
1963122106 9 260 1467 1012       0
1963122112 9 265 1486 1012       0
1963122118 9 271 1510 1012       0
1963122200 9 291 1531 1010       0
66666 0000   46 0033 6316 0 6 Susan                              20110729
1963121800 0  23 1738 1004       0
1963121806 0  25 1729 1004       0
1963121812 0  30 1720 1004       0
1963121818 0  35 1712 1004       0
1963121900 0  42 1705 1004       0
1963121906 0  47 1697 1002       0
1963121912 0  53 1690 1002       0
1963121918 0  60 1680 1002       0
1963122000 1  68 1686 1002      15
1963122006 2  77 1684 1001      20
1963122012 2  78 1670 1001      20
1963122018 2  81 1658 1001      20
1963122100 3  84 1648  998      25
1963122106 3  88 1637  995      30
1963122112 3  89 1626  995      30
1963122118 3  89 1617  992      30
1963122200 3  90 1605  990      30
1963122206 4  93 1592  988      35
1963122212 4  99 1577  985      35
1963122218 4 106 1565  984      35
1963122300 4 112 1552  983      40
1963122306 4 117 1541  983      40
1963122312 4 122 1528  983      40
1963122318 4 126 1512  983      40
1963122400 5 132 1497  978      50
1963122406 6 136 1484  968      55
1963122412 6 139 1472  961      55
1963122418 6 143 1459  955      55
1963122500 6 146 1446  949      60
1963122506 6 149 1436  944      60
1963122512 6 153 1424  942      60
1963122518 6 157 1408  940      60
1963122600 6 160 1402  938      65
1963122606 6 164 1394  937      65
1963122612 6 170 1385  935      70
1963122618 6 177 1387  934      70
1963122700 6 182 1390  933      70
1963122706 6 188 1395  935      70
1963122712 6 198 1404  938      70
1963122718 6 210 1422  943      65
1963122800 6 222 1444  946      65
1963122806 6 234 1471  950      60
1963122812 5 240 1504  965      50
1963122818 4 246 1543  985      35
1963122900 3 251 1586  995      25
1963122906 1 260 1620 1000      15
