66666 0000   10 0001 0000 0 6 IRIS                               20110729
1999021606 1 115 1329 1002      15
1999021612 1 115 1322 1002      15
1999021618 1 115 1320 1002      15
1999021700 1 116 1318 1002      15
1999021706 1 118 1315 1002      15
1999021712 1 122 1310 1002      15
1999021718 1 126 1301 1002      15
1999021800 1 130 1296 1002      15
1999021806 1 132 1290 1004      12
1999021812 1 135 1285 1004      12
66666 0000   35 0002 9901 0 6 KATE                               20110729
1999042118 0  90 1260 1004      10
1999042200 0 100 1260 1004      10
1999042206 1 115 1255 1002      12
1999042212 1 125 1254 1002      12
1999042218 1 136 1258 1002      12
1999042300 1 139 1266 1000      12
1999042306 1 141 1268 1000      12
1999042312 1 142 1272  998      15
1999042318 2 143 1278  998      18
1999042400 2 147 1287  995      20
1999042406 2 150 1292  992      23
1999042412 2 154 1300  990      23
1999042418 2 160 1305  990      23
1999042500 2 165 1308  990      23
1999042506 3 174 1313  985      25
1999042512 3 185 1320  985      25
1999042518 3 192 1323  985      28
1999042600 3 199 1330  980      30
1999042606 3 206 1339  980      30
1999042612 3 211 1348  980      30
1999042618 3 221 1363  985      25
1999042700 3 232 1382  985      25
1999042706 3 240 1401  985      25
1999042712 3 251 1417  985      25
1999042718 3 262 1433  985      25
1999042800 3 271 1449  985      25
1999042806 2 282 1471  990      20
1999042812 2 291 1492  995      18
1999042818 2 301 1518  995      18
1999042900 1 311 1542  998      15
1999042906 1 315 1567  998      15
1999042912 1 327 1594 1000      15
1999042918 1 332 1612 1004      12
1999043000 0 340 1625 1006      10
1999043006 0 350 1639 1008      10
66666 0000   24 0003 9902 0 6 LEO                                20110729
1999042700 1 137 1131 1002      12
1999042706 1 147 1129 1002      12
1999042712 1 154 1126 1002      12
1999042718 1 156 1121 1000      15
1999042800 1 158 1115  998      15
1999042806 1 155 1110  998      15
1999042812 1 154 1113  998      15
1999042818 2 155 1117  995      18
1999042900 2 165 1129  995      20
1999042906 2 171 1135  990      23
1999042912 3 175 1138  985      25
1999042918 3 180 1142  980      30
1999043000 4 183 1145  970      35
1999043006 4 190 1148  970      35
1999043012 4 196 1150  970      35
1999043018 4 200 1154  970      35
1999050100 3 204 1156  975      30
1999050106 3 207 1157  980      30
1999050112 3 210 1153  985      25
1999050118 2 212 1150  985      23
1999050200 2 214 1148  990      20
1999050206 2 219 1147  995      18
1999050212 1 224 1147 1000      15
1999050218 1 228 1150 1002      12
66666 0000   31 0004 9903 0 6 MAGGIE                             20110729
1999060106 1 120 1300 1004      12
1999060112 1 124 1296 1004      12
1999060118 1 128 1298 1002      15
1999060200 1 132 1299 1000      15
1999060206 2 135 1298  995      20
1999060212 2 138 1297  990      23
1999060218 2 142 1296  990      23
1999060300 3 147 1295  985      25
1999060306 3 154 1290  980      28
1999060312 3 159 1285  980      28
1999060318 3 166 1279  980      30
1999060400 4 171 1270  975      33
1999060406 4 173 1264  970      35
1999060412 4 176 1259  965      40
1999060418 4 181 1252  960      40
1999060500 4 189 1245  960      40
1999060506 4 197 1236  960      40
1999060512 4 205 1223  965      40
1999060518 4 210 1210  965      40
1999060600 4 220 1198  970      35
1999060606 4 225 1182  970      35
1999060612 4 229 1165  970      35
1999060618 3 227 1147  980      28
1999060700 3 219 1134  980      25
1999060706 3 213 1126  980      25
1999060712 3 217 1128  980      25
1999060718 2 221 1129  985      20
1999060800 1 233 1121  990      15
1999060806 1 239 1107  996      12
1999060812 0 236 1100  998      10
1999060818 0 233 1092 1000      10
66666 0000   12 0005 0000 2 6 (nameless)                         20110729
1999060312 1 145 1165 1000      12
1999060318 1 146 1163 1000      12
1999060400 1 147 1160 1000      12
1999060406 1 146 1152 1000      15
1999060412 1 145 1146 1000      15
1999060418 1 142 1142 1000      15
1999060500 1 143 1138 1000      15
1999060506 1 144 1140  995      15
1999060512 1 145 1144  995      15
1999060518 1 148 1152  995      15
1999060600 1 155 1160  995      15
1999060606 1 160 1162 1000      12
66666 0000   21 0006 0000 0 6 (nameless)                         20110729
1999070912 1 260 1290 1002      12
1999070918 1 266 1288 1002      12
1999071000 1 275 1290  998      15
1999071006 1 275 1290  998      15
1999071012 1 272 1298  998      15
1999071018 1 270 1306  998      15
1999071100 1 268 1315  998      15
1999071106 1 270 1320  998      15
1999071112 1 272 1325  998      15
1999071118 1 276 1329  998      15
1999071200 1 280 1330  998      15
1999071206 1 283 1331  998      15
1999071212 1 285 1332  998      15
1999071218 1 288 1334  998      15
1999071300 1 290 1335  996      15
1999071306 1 292 1341  996      15
1999071312 1 297 1345  998      15
1999071318 1 303 1349  998      15
1999071400 1 308 1352  998      12
1999071406 1 320 1370  998      12
1999071412 1 340 1390  998      12
66666 0000   20 0007 0000 0 6 (nameless)                         20110729
1999071406 1 228 1548 1006      12
1999071412 1 222 1543 1006      12
1999071418 1 220 1539 1004      12
1999071500 1 220 1531 1004      12
1999071506 1 221 1526 1002      15
1999071512 1 224 1520 1002      15
1999071518 1 227 1514 1002      15
1999071600 1 231 1505 1000      15
1999071606 1 238 1496 1000      15
1999071612 1 250 1483 1000      15
1999071618 1 262 1471  998      15
1999071700 1 268 1460  998      15
1999071706 1 273 1452  998      15
1999071712 1 280 1442  998      15
1999071718 1 289 1433  998      15
1999071800 1 298 1425 1000      15
1999071806 1 306 1424 1000      15
1999071812 1 314 1424 1000      15
1999071818 1 320 1425 1002      12
1999071900 1 325 1425 1002      12
66666 0000   25 0008 9904 0 6 NEIL                               20110729
1999072206 0 174 1288 1000      10
1999072212 0 172 1278 1000      10
1999072218 1 170 1267  996      12
1999072300 1 172 1257  996      12
1999072306 1 173 1250  992      15
1999072312 1 174 1246  992      15
1999072318 1 177 1243  992      15
1999072400 1 184 1242  992      15
1999072406 1 195 1245  992      15
1999072412 1 212 1255  992      15
1999072418 1 216 1263  992      15
1999072500 2 221 1271  992      18
1999072506 2 230 1276  990      20
1999072512 2 245 1285  990      20
1999072518 3 264 1293  985      25
1999072600 3 278 1292  985      25
1999072606 3 296 1286  985      25
1999072612 3 310 1283  985      25
1999072618 3 321 1278  985      25
1999072700 2 333 1270  985      20
1999072706 2 343 1263  985      20
1999072712 1 351 1258  990      15
1999072718 1 360 1259  992      15
1999072800 1 368 1263  998      12
1999072806 1 373 1266  998      12
66666 0000   18 0009 9905 0 6 (nameless)                         20110729
1999072312 1 171 1155  998      12
1999072318 1 176 1155  998      12
1999072400 1 176 1155  995      15
1999072406 1 176 1155  995      15
1999072412 1 179 1152  995      15
1999072418 1 181 1150  995      15
1999072500 1 183 1148  992      15
1999072506 1 185 1145  992      15
1999072512 1 188 1143  992      15
1999072518 1 191 1142  992      15
1999072600 1 193 1140  992      15
1999072606 1 197 1138  992      15
1999072612 2 200 1137  985      20
1999072618 2 206 1141  985      23
1999072700 2 212 1149  985      23
1999072706 2 228 1165  990      20
1999072712 1 242 1175  990      15
1999072718 1 255 1180  995      12
66666 0000   27 0010 9906 3 6 OLGA                               20110729
1999072900 1 123 1345 1000      15
1999072906 1 138 1340 1000      15
1999072912 1 146 1336 1000      15
1999072918 1 154 1334 1000      15
1999073000 1 167 1336  998      15
1999073006 2 187 1336  995      18
1999073012 2 203 1326  990      23
1999073018 3 211 1318  985      25
1999073100 3 217 1312  985      25
1999073106 3 227 1307  980      28
1999073112 3 232 1304  980      30
1999073118 3 238 1300  980      30
1999080100 3 249 1295  980      30
1999080106 4 255 1290  970      35
1999080112 4 263 1283  970      35
1999080118 4 271 1273  970      35
1999080200 4 277 1266  970      35
1999080206 4 287 1263  970      35
1999080212 4 301 1260  970      35
1999080218 4 315 1258  970      35
1999080300 4 335 1257  975      35
1999080306 3 349 1259  980      28
1999080312 2 378 1260  985      23
1999080318 1 406 1264  995      15
1999080400 1 436 1265  998      15
1999080406 1 451 1268  998      12
1999080412 0 467 1272  999      10
66666 0000   26 0011 9907 3 6 PAUL                               20110729
1999080300 1 190 1400 1002      12
1999080306 1 198 1400 1002      12
1999080312 1 209 1391 1000      15
1999080318 1 215 1383 1000      15
1999080400 2 225 1375  998      18
1999080406 2 241 1363  995      18
1999080412 2 254 1353  995      18
1999080418 2 263 1340  992      20
1999080500 3 267 1331  985      25
1999080506 3 270 1323  985      28
1999080512 3 270 1323  985      28
1999080518 2 270 1323  985      23
1999080600 2 281 1332  990      20
1999080606 2 298 1331  990      20
1999080612 2 309 1319  990      20
1999080618 2 317 1302  990      20
1999080700 2 327 1290  992      18
1999080706 1 330 1270  995      15
1999080712 1 331 1260  995      15
1999080718 1 332 1243  995      15
1999080800 1 333 1229  999      12
1999080806 0 335 1222  999      10
1999080812 0 340 1215  999      10
1999080818 0 350 1205  999      10
1999080900 0 355 1196  999      10
1999080906 0 355 1196  999      10
66666 0000   16 0012 0000 0 6 RACHEL                             20110729
1999080518 1 211 1155  998      12
1999080600 1 215 1163  995      15
1999080606 1 218 1173  995      15
1999080612 1 223 1181  995      15
1999080618 1 224 1188  995      15
1999080700 1 226 1195  995      15
1999080706 1 233 1204  993      15
1999080712 1 247 1227  995      15
1999080718 1 252 1250  995      15
1999080800 1 261 1266  995      15
1999080806 1 267 1280  995      15
1999080812 1 273 1283  998      15
1999080818 1 283 1285 1000      12
1999080900 1 291 1282 1000      12
1999080906 1 300 1273 1000      12
1999080912 1 314 1253 1000      12
66666 0000   35 0013 9908 0 6 SAM                                20110729
1999081800 1 136 1297 1004      12
1999081806 1 140 1290 1004      12
1999081812 1 142 1282 1004      12
1999081818 1 145 1271 1002      12
1999081900 1 148 1258 1002      15
1999081906 2 157 1245  998      20
1999081912 2 165 1239  995      20
1999081918 2 175 1232  990      23
1999082000 2 180 1224  990      23
1999082006 3 185 1210  985      25
1999082012 3 186 1200  985      25
1999082018 3 189 1192  985      25
1999082100 3 192 1185  980      30
1999082106 3 199 1177  980      30
1999082112 3 202 1171  980      30
1999082118 3 210 1160  980      30
1999082200 3 215 1154  980      30
1999082206 4 222 1146  975      33
1999082212 3 225 1141  985      25
1999082218 2 230 1133  992      20
1999082300 1 232 1129  998      15
1999082306 1 238 1128 1000      12
1999082312 1 243 1128 1004      12
1999082318 0 250 1132 1004      10
1999082400 0 257 1138 1004      10
1999082406 0 267 1141 1004      10
1999082412 0 280 1147 1006      10
1999082418 0 300 1157 1006      10
1999082500 0 310 1172 1006      10
1999082506 0 318 1198 1004      10
1999082512 0 325 1216 1004      10
1999082518 1 333 1234 1004      12
1999082600 1 344 1266 1004      12
1999082606 1 354 1299 1004      12
1999082612 0 363 1322 1004      10
66666 0000   16 0014 0000 0 6 TANYA                              20110729
1999081906 1 295 1800 1006      12
1999081912 1 296 1790 1006      12
1999081918 1 297 1778 1004      15
1999082000 1 298 1764 1004      15
1999082006 1 300 1750 1002      15
1999082012 2 302 1734 1000      18
1999082018 2 306 1717 1000      20
1999082100 2 311 1699  998      23
1999082106 3 314 1683  998      25
1999082112 3 318 1667  998      25
1999082118 2 321 1652 1000      23
1999082200 2 326 1638 1000      23
1999082206 2 332 1623 1002      20
1999082212 2 339 1611 1002      18
1999082218 1 346 1599 1004      15
1999082300 1 355 1585 1006      12
66666 0000   11 0015 0000 0 6 Dora                               20110729
1999082018 2 197 1764  998      23
1999082100 2 203 1755  998      23
1999082106 2 209 1745 1000      20
1999082112 2 215 1734 1000      20
1999082118 1 221 1723 1002      15
1999082200 1 226 1711 1002      15
1999082206 1 234 1704 1002      15
1999082212 1 238 1698 1004      15
1999082218 1 244 1691 1004      15
1999082300 1 255 1684 1006      15
1999082306 1 264 1677 1008      15
66666 0000   14 0016 0000 0 6 VIRGIL                             20110729
1999082418 1 256 1413 1008      12
1999082500 1 259 1418 1006      15
1999082506 2 262 1427 1002      20
1999082512 2 264 1438  995      23
1999082518 3 266 1442  995      25
1999082600 3 269 1448  995      25
1999082606 3 273 1453  998      25
1999082612 3 277 1456  998      25
1999082618 2 281 1456 1000      20
1999082700 2 283 1456 1000      20
1999082706 1 287 1460 1004      15
1999082712 1 290 1463 1006      12
1999082718 1 293 1467 1006      12
1999082800 1 295 1472 1006      12
66666 0000   21 0017 9909 0 6 WENDY                              20110729
1999090106 1 135 1270 1002      12
1999090112 1 147 1265 1002      12
1999090118 1 158 1256 1002      12
1999090200 1 168 1245 1002      12
1999090206 1 179 1232 1000      12
1999090212 1 189 1219  998      15
1999090218 1 195 1208  998      15
1999090300 2 202 1195  995      18
1999090306 2 214 1183  995      18
1999090312 2 220 1173  995      18
1999090318 2 228 1166  990      20
1999090400 1 238 1158  998      15
1999090406 0 248 1152 1002      10
1999090412 0 265 1158 1004      10
1999090418 0 275 1162 1004      10
1999090500 0 285 1165 1004      10
1999090506 0 290 1170 1004      10
1999090512 0 295 1179 1004      10
1999090518 0 305 1195 1004      10
1999090600 0 310 1205 1004      10
1999090606 0 324 1230 1004      10
66666 0000   21 0018 9910 0 6 YORK                               20110729
1999091206 1 165 1218  996      15
1999091212 1 176 1215  996      15
1999091218 1 180 1204  995      15
1999091300 1 182 1193  995      15
1999091306 2 185 1187  995      18
1999091312 2 187 1177  995      18
1999091318 2 189 1167  992      20
1999091400 2 193 1163  992      20
1999091406 2 200 1168  990      23
1999091412 3 204 1164  985      25
1999091418 3 207 1162  985      25
1999091500 3 210 1160  980      28
1999091506 3 212 1155  980      30
1999091512 3 215 1153  980      30
1999091518 3 217 1151  980      30
1999091600 3 221 1144  980      30
1999091606 3 222 1137  975      30
1999091612 3 224 1134  980      25
1999091618 2 232 1128  990      20
1999091700 1 237 1125  997      15
1999091706 1 246 1116 1000      12
66666 0000   14 0019 0000 0 6 ZIA                                20110729
1999091218 0 235 1370 1004      10
1999091300 1 252 1359 1004      12
1999091306 1 273 1341 1002      15
1999091312 1 283 1328 1002      15
1999091318 1 290 1324 1000      15
1999091400 2 299 1318  994      18
1999091406 2 313 1312  990      20
1999091412 2 321 1315  990      20
1999091418 2 333 1326  990      18
1999091500 1 344 1346  995      15
1999091506 1 357 1376 1000      12
1999091512 1 370 1417 1004      12
1999091518 0 379 1449 1006      10
1999091600 0 390 1490 1008      10
66666 0000   23 0020 9911 0 6 ANN                                20110729
1999091418 1 260 1295 1004      12
1999091500 1 265 1292 1004      12
1999091506 1 271 1294 1002      15
1999091512 1 279 1289 1002      15
1999091518 1 285 1285  998      15
1999091600 2 295 1281  994      18
1999091606 2 297 1275  990      23
1999091612 2 298 1271  990      23
1999091618 2 298 1271  990      23
1999091700 3 298 1267  985      25
1999091706 3 297 1262  985      25
1999091712 3 298 1258  985      25
1999091718 3 298 1255  985      25
1999091800 2 300 1247  990      23
1999091806 2 304 1238  990      23
1999091812 2 310 1229  990      23
1999091818 2 316 1223  992      20
1999091900 1 325 1220  998      15
1999091906 1 335 1223 1000      15
1999091912 1 343 1230 1000      15
1999091918 1 345 1243 1000      15
1999092000 1 345 1246 1002      12
1999092006 0 345 1249 1002      10
66666 0000   30 0021 9912 1 6 BART                               20110729
1999091718 1 200 1310 1002      12
1999091800 1 202 1307 1002      12
1999091806 1 204 1304 1000      12
1999091812 1 207 1303 1000      15
1999091818 1 214 1296  998      15
1999091900 1 221 1282  995      15
1999091906 2 230 1269  992      18
1999091912 2 232 1264  990      20
1999091918 2 235 1256  990      23
1999092000 3 236 1254  985      25
1999092006 3 238 1253  975      30
1999092012 4 241 1255  970      35
1999092018 4 241 1255  970      35
1999092100 4 241 1255  960      40
1999092106 4 245 1258  960      40
1999092112 5 246 1263  950      45
1999092118 5 250 1267  950      45
1999092200 5 255 1269  945      45
1999092206 5 259 1270  935      50
1999092212 5 263 1272  935      50
1999092218 5 270 1272  935      50
1999092300 5 279 1273  945      45
1999092306 5 289 1278  945      45
1999092312 4 303 1285  950      40
1999092318 4 318 1297  955      40
1999092400 4 342 1314  965      35
1999092406 4 371 1337  970      33
1999092412 3 400 1370  975      30
1999092418 3 429 1403  980      30
1999092500 3 447 1417  985      25
66666 0000   13 0022 9913 0 6 CAM                                20110729
1999092306 1 175 1132 1005      15
1999092312 1 180 1134 1005      15
1999092318 1 185 1139 1004      15
1999092400 1 190 1143 1004      15
1999092406 1 195 1146 1002      15
1999092412 2 200 1150  998      18
1999092418 2 203 1153  995      18
1999092500 2 211 1154  990      23
1999092506 3 215 1155  985      25
1999092512 2 216 1155  995      18
1999092518 1 218 1152  998      15
1999092600 1 221 1146  998      15
1999092606 1 225 1138 1002      12
66666 0000   29 0023 9914 0 6 DAN                                20110729
1999100218 1 170 1315 1000      12
1999100300 1 175 1303  998      15
1999100306 1 180 1294  998      15
1999100312 2 183 1288  995      20
1999100318 2 184 1277  992      20
1999100400 3 184 1266  985      25
1999100406 3 182 1256  980      30
1999100412 4 183 1245  975      33
1999100418 4 181 1235  970      35
1999100500 4 182 1224  965      40
1999100506 4 184 1214  965      40
1999100512 4 185 1201  965      40
1999100518 4 185 1195  970      35
1999100600 4 185 1189  970      35
1999100606 4 188 1183  970      35
1999100612 4 191 1178  970      35
1999100618 4 195 1177  970      35
1999100700 4 198 1177  970      35
1999100706 4 202 1179  970      35
1999100712 4 207 1182  965      40
1999100718 4 213 1182  965      40
1999100800 4 217 1181  965      40
1999100806 4 222 1179  965      40
1999100812 4 225 1180  965      40
1999100818 4 233 1181  965      40
1999100900 4 241 1181  970      35
1999100906 3 247 1180  980      30
1999100912 2 253 1182  998      18
1999100918 1 261 1183 1000      15
66666 0000   13 0024 9915 0 6 EVE                                20110729
1999101700 1 151 1198 1000      15
1999101706 1 154 1189 1000      15
1999101712 1 159 1183  998      15
1999101718 1 166 1174  998      15
1999101800 2 174 1162  995      20
1999101806 2 173 1150  990      23
1999101812 2 170 1135  990      23
1999101818 2 165 1118  990      23
1999101900 2 160 1098  990      23
1999101906 2 157 1088  990      23
1999101912 2 164 1080  998      18
1999101918 2 170 1075  998      18
1999102000 1 173 1065  998      15
66666 0000   11 0025 0000 0 6 FRANKIE                            20110729
1999110700 1 108 1308 1002      12
1999110706 1 108 1295 1000      12
1999110712 1 110 1282 1000      15
1999110718 1 113 1270 1000      15
1999110800 1 117 1257 1000      15
1999110806 1 120 1247  995      15
1999110812 1 122 1237  995      15
1999110818 1 124 1226  998      15
1999110900 1 121 1224 1000      12
1999110906 1 121 1230 1000      12
1999110912 0 124 1239 1004      10
66666 0000   12 0026 9916 1 6 GLORIA                             20110729
1999111318 1 167 1312 1000      12
1999111400 1 180 1307  998      15
1999111406 2 190 1304  995      18
1999111412 2 200 1303  992      20
1999111418 3 210 1305  990      25
1999111500 3 223 1313  990      25
1999111506 3 240 1322  985      28
1999111512 3 255 1343  985      28
1999111518 3 275 1376  985      28
1999111600 3 300 1420  985      28
1999111606 3 320 1470  985      28
1999111612 3 350 1530  985      28
66666 0000    8 0027 0000 0 6 (nameless)                         20110729
1999120906 1  70 1132 1004      12
1999120912 1  72 1125 1002      15
1999120918 1  77 1116 1002      15
1999121000 1  79 1105 1002      15
1999121006 1  79 1100 1000      15
1999121012 1  81 1095 1000      15
1999121018 1  82 1092 1002      15
1999121100 1  83 1088 1004      12
66666 0000    6 0028 9917 0 6 (nameless)                         20110729
1999121406 1 110 1135 1000      15
1999121412 1 115 1127 1000      15
1999121418 2 119 1119  998      18
1999121500 2 121 1113  998      18
1999121506 2 116 1110  998      18
1999121512 1 115 1105 1004      15
