66666 0000   27 0001 8601 0 6 Judy                               20110729
1986013012 1  45 1525 1002      15
1986013018 1  35 1510 1002      15
1986013100 1  27 1500 1002      15
1986013106 1  30 1485 1000      15
1986013112 1  33 1470 1000      15
1986013118 1  39 1455 1000      15
1986020100 1  43 1436  998      15
1986020106 2  45 1420  998      20
1986020112 2  50 1410  998      20
1986020118 2  55 1390  996      20
1986020200 2  64 1375  996      20
1986020206 2  78 1362  994      20
1986020212 3  88 1349  992      25
1986020218 3  97 1332  990      25
1986020300 3 107 1322  990      25
1986020306 3 114 1317  983      30
1986020312 3 124 1310  983      30
1986020318 3 135 1308  980      30
1986020400 4 150 1316  975      35
1986020406 4 161 1323  975      35
1986020412 4 171 1335  972      35
1986020418 4 180 1352  970      35
1986020500 3 187 1365  975      30
1986020506 3 187 1380  980      25
1986020512 2 185 1390  998      20
1986020518 1 188 1402 1000      15
1986020600 1 187 1418 1005      15
66666 0000   14 0002 0000 0 6 (nameless)                         20110729
1986040312 0  60 1378 1006      10
1986040318 0  63 1370 1006      10
1986040400 0  66 1362 1006      10
1986040406 1  67 1353 1004      12
1986040412 1  70 1340 1004      12
1986040418 1  77 1330 1002      12
1986040500 1  87 1319 1002      12
1986040506 1  96 1307 1002      12
1986040512 1 105 1294 1002      12
1986040518 1 112 1279 1002      12
1986040600 1 117 1263 1002      15
1986040606 1 122 1252 1002      12
1986040612 0 125 1245 1004      10
1986040618 0 127 1235 1004      10
66666 0000   32 0003 8602 0 6 Ken                                20110729
1986042412 1  46 1433 1004      12
1986042418 1  53 1427 1002      12
1986042500 1  60 1420 1002      12
1986042506 1  60 1410 1002      12
1986042512 1  63 1407 1002      12
1986042518 1  65 1404 1002      12
1986042600 1  67 1401 1002      12
1986042606 1  69 1399 1000      12
1986042612 1  71 1397 1000      12
1986042618 1  73 1396  998      15
1986042700 1  75 1395  990      15
1986042706 2  81 1395  985      20
1986042712 3  86 1394  983      25
1986042718 3  91 1393  980      30
1986042800 3  96 1393  980      30
1986042806 3  99 1392  980      30
1986042812 3 100 1391  990      25
1986042818 3 101 1389  990      25
1986042900 3 101 1387  995      25
1986042906 2 103 1384  998      20
1986042912 2 105 1382  998      20
1986042918 2 105 1378  998      20
1986043000 2 104 1376  998      20
1986043006 1 102 1372 1000      15
1986043012 1 101 1368 1000      15
1986043018 1 100 1362 1000      15
1986050100 1  98 1356 1001      15
1986050106 1  98 1351 1002      12
1986050112 1  99 1344 1002      12
1986050118 0  99 1337 1004      10
1986050200 0 100 1328 1004      10
1986050206 0 102 1320 1004      10
66666 0000   54 0004 8604 0 6 Mac                                20110729
1986051606 1 175 1138 1001      12
1986051612 1 170 1132 1001      12
1986051618 1 163 1130 1001      12
1986051700 1 156 1127 1000      12
1986051706 1 153 1121  998      15
1986051712 1 151 1114  998      15
1986051718 1 150 1108  998      15
1986051800 1 150 1100  998      15
1986051806 1 155 1094  998      15
1986051812 1 164 1093  998      15
1986051818 1 173 1096  997      15
1986051900 1 180 1097  997      15
1986051906 0 184 1094  995      10
1986051912 0 187 1097  995      10
1986051918 0 190 1100  995      10
1986052000 0 196 1103  995      10
1986052006 0 200 1107  995      10
1986052012 1 205 1111  995      15
1986052018 1 206 1116  995      15
1986052100 1 205 1119  995      15
1986052106 1 205 1122  995      15
1986052112 2 204 1125  995      20
1986052118 2 203 1127  995      20
1986052200 2 202 1128  995      20
1986052206 2 199 1132  995      20
1986052212 2 197 1136  995      20
1986052218 2 196 1143  995      20
1986052300 2 197 1151  995      20
1986052306 2 197 1153  995      20
1986052312 2 197 1156  995      20
1986052318 2 200 1160  995      20
1986052400 2 203 1167  995      20
1986052406 2 202 1171  995      20
1986052412 2 199 1176  995      20
1986052418 2 200 1182  995      20
1986052500 2 200 1190  995      20
1986052506 2 201 1197  995      20
1986052512 2 202 1202  995      20
1986052518 2 203 1207  995      20
1986052600 2 205 1210  995      20
1986052606 2 208 1215  995      20
1986052612 3 218 1221  995      25
1986052618 2 227 1227  995      20
1986052700 2 231 1228  996      20
1986052706 2 233 1228  996      20
1986052712 2 235 1229  996      20
1986052718 1 235 1231  998      15
1986052800 1 234 1236  998      15
1986052806 1 234 1240  998      15
1986052812 1 235 1248 1000      15
1986052818 1 236 1262 1000      15
1986052900 1 237 1275 1000      15
1986052906 1 242 1292 1000      15
1986052912 1 250 1310 1000      15
66666 0000   31 0005 8603 1 6 Lola                               20110729
1986051700 1  82 1600  998      15
1986051706 2  81 1596  990      20
1986051712 2  81 1592  985      20
1986051718 3  82 1590  980      25
1986051800 3  84 1589  976      30
1986051806 3  89 1590  970      30
1986051812 3  95 1588  968      30
1986051818 4 101 1585  950      35
1986051900 4 104 1580  930      40
1986051906 5 111 1570  915      50
1986051912 6 116 1561  910      60
1986051918 6 125 1552  912      60
1986052000 6 134 1542  912      60
1986052006 6 143 1531  912      60
1986052012 6 153 1522  914      60
1986052018 6 163 1513  920      55
1986052100 6 176 1508  921      55
1986052106 5 190 1505  925      50
1986052112 5 204 1504  925      50
1986052118 5 221 1504  930      45
1986052200 4 241 1509  940      40
1986052206 4 260 1522  946      35
1986052212 3 279 1541  960      30
1986052218 3 303 1565  970      25
1986052300 3 330 1600  975      25
1986052306 2 353 1642  980      20
1986052312 2 380 1660  985      20
1986052318 9 402 1666  985      20
1986052400 9 425 1675  990      20
1986052406 9 440 1690  990      20
1986052412 9 450 1710  990      20
66666 0000   26 0006 8605 3 6 Nancy                              20110729
1986062100 1 101 1332 1000      15
1986062106 1 120 1320 1000      15
1986062112 1 130 1310 1000      15
1986062118 2 140 1297  995      20
1986062200 3 154 1280  985      25
1986062206 3 167 1265  985      30
1986062212 3 178 1252  980      30
1986062218 3 188 1241  975      30
1986062300 4 200 1230  968      35
1986062306 4 213 1222  966      35
1986062312 4 223 1217  955      40
1986062318 4 235 1216  965      35
1986062400 3 257 1218  975      30
1986062406 3 281 1219  980      25
1986062412 3 301 1229  985      25
1986062418 2 320 1254  995      20
1986062500 2 347 1288  997      20
1986062506 9 362 1328  997      20
1986062512 9 375 1360  997      20
1986062518 9 375 1420  994      20
1986062600 9 380 1445  990      20
1986062606 9 388 1469  990      20
1986062612 9 390 1492  990      20
1986062618 9 390 1506  990      20
1986062700 9 390 1520  990      20
1986062706 9 390 1520  990      20
66666 0000   10 0007 0000 0 6 (nameless)                         20110729
1986062318 0 180 1120 1000      10
1986062400 0 186 1122 1000      10
1986062406 1 193 1123 1000      12
1986062412 1 200 1125 1000      12
1986062418 1 208 1130 1000      15
1986062500 1 213 1138 1000      15
1986062506 1 220 1145  998      15
1986062512 1 229 1144  996      10   15
1986062518 0 238 1145  998      10
1986062600 0 251 1133 1000       9
66666 0000   41 0008 8606 1 6 Owen                               20110729
1986062600 1 140 1430 1004      12
1986062606 1 142 1420 1002      15
1986062612 1 143 1412 1002      15
1986062618 1 146 1405 1002      15
1986062700 1 149 1398 1002      15
1986062706 1 152 1385 1002      15
1986062712 1 155 1373 1002      15
1986062718 1 155 1365 1002      15
1986062800 1 155 1355 1001      15
1986062806 1 154 1341 1001      15
1986062812 1 158 1330 1000      15
1986062818 1 162 1321 1000      15
1986062900 2 165 1313  999      20
1986062906 2 165 1305  994      20
1986062912 2 165 1298  992      20
1986062918 2 165 1291  992      20
1986063000 2 171 1286  990      20
1986063006 3 180 1280  987      25
1986063012 3 185 1275  990      25
1986063018 3 192 1269  992      25
1986070100 2 202 1266  995      20
1986070106 2 218 1273  995      20
1986070112 1 233 1278  995      15
1986070118 1 244 1281  995      15
1986070200 1 255 1285  998      15
1986070206 1 265 1300 1000      12
1986070212 9 280 1320 1000      12
1986070218 9 300 1350  998      15
1986070300 9 315 1384  998      15
1986070306 9 329 1413  998      15
1986070312 9 346 1450  998      15
1986070318 9 370 1495  998      15
1986070400 9 395 1545  996      15
1986070406 9 403 1575  996      15
1986070412 9 415 1610  996      15
1986070418 9 423 1617  996      15
1986070500 9 430 1620  996      15
1986070506 9 439 1630  996      15
1986070512 9 445 1640  996      15
1986070518 9 445 1667  996      15
1986070600 9 440 1690 1000      12
66666 0000   55 0009 8607 0 6 Peggy                              20110729
1986063006 0 130 1620 1004      10
1986063012 0 132 1610 1004      10
1986063018 0 135 1601 1004      10
1986070100 1 134 1590 1004      12
1986070106 1 134 1582 1004      12
1986070112 1 133 1573 1004      12
1986070118 1 130 1565 1004      12
1986070200 1 129 1556 1004      12
1986070206 1 130 1545 1004      12
1986070212 1 132 1536 1004      12
1986070218 1 134 1526 1002      12
1986070300 1 137 1516 1002      15
1986070306 1 139 1508 1001      15
1986070312 1 143 1496 1000      15
1986070318 2 144 1481  997      20
1986070400 2 145 1465  995      20
1986070406 3 145 1452  988      25
1986070412 3 147 1438  985      25
1986070418 3 148 1425  980      30
1986070500 4 149 1413  973      35
1986070506 4 150 1400  953      40
1986070512 5 151 1387  940      45
1986070518 5 153 1373  940      50
1986070600 5 154 1360  934      50
1986070606 5 158 1347  917      50
1986070612 6 161 1331  910      55
1986070618 6 165 1317  905      60
1986070700 6 167 1303  900      65
1986070706 6 169 1290  910      65
1986070712 6 171 1277  917      60
1986070718 6 172 1265  925      55
1986070800 6 173 1257  925      55
1986070806 6 174 1247  920      55
1986070812 6 176 1238  920      55
1986070818 5 179 1228  925      50
1986070900 5 180 1222  930      45
1986070906 5 181 1213  930      45
1986070912 4 186 1207  940      40
1986070918 4 190 1200  940      40
1986071000 4 195 1194  950      35
1986071006 4 199 1187  960      35
1986071012 4 205 1180  970      35
1986071018 4 213 1173  976      35
1986071100 4 220 1164  976      35
1986071106 3 227 1158  978      30
1986071112 3 228 1148  980      25
1986071118 2 231 1141  985      20
1986071200 1 236 1132  990      12   20
1986071206 1 238 1125  990      12   20
1986071212 0 240 1115  996      10
1986071218 0 242 1101  997       9
1986071300 0 232 1092  999       9
1986071306 0 232 1081  999       9
1986071312 0 232 1062  999       9
1986071318 0 230 1040 1001       9
66666 0000   29 0010 8608 0 6 Roger                              20110729
1986071112 0 125 1455 1006      10
1986071118 0 130 1440 1006      10
1986071200 1 140 1430 1004      12
1986071206 1 148 1422 1004      15
1986071212 1 154 1413 1002      15
1986071218 1 160 1404 1002      15
1986071300 2 167 1394  998      20
1986071306 2 175 1382  993      20
1986071312 3 184 1374  990      25
1986071318 3 197 1365  990      25
1986071400 3 206 1353  986      30
1986071406 3 214 1340  984      30
1986071412 3 221 1330  980      30
1986071418 4 229 1321  975      35
1986071500 4 239 1312  967      35
1986071506 4 247 1305  960      40
1986071512 5 253 1298  955      45
1986071518 5 259 1292  960      45
1986071600 4 263 1290  970      35
1986071606 4 272 1289  981      35
1986071612 3 281 1290  985      30
1986071618 3 293 1296  985      30
1986071700 3 305 1307  985      30
1986071706 3 320 1324  990      25
1986071712 2 327 1348  995      20
1986071718 2 336 1375  995      20
1986071800 2 347 1410  995      20
1986071806 2 346 1445  995      20
1986071812 1 340 1485  998      15
66666 0000   20 0011 8609 1 6 (nameless)                         20110729
1986071900 0 172 1112 1003      10
1986071906 1 176 1115 1002      12
1986071912 1 180 1116 1002      15
1986071918 1 186 1115 1002      15
1986072000 1 192 1114 1000      15
1986072006 2 199 1112  998      20
1986072012 2 202 1106  996      20
1986072018 2 208 1100  996      20
1986072100 2 214 1095  996      20
1986072106 2 218 1090  996      20
1986072112 2 223 1083  996      20   25
1986072118 1 227 1077  998      12   20
1986072200 1 224 1074  998      12   20
1986072206 1 222 1072  998      10   20
1986072212 1 220 1070  998      10   20
1986072218 1 220 1062 1000       9   15
1986072300 0 218 1055 1001       9
1986072306 0 222 1050 1002       9
1986072312 0 222 1040 1002       9
1986072318 0 222 1035 1002       9
66666 0000    8 0012 0000 0 6 (nameless)                         20110729
1986072506 0 230 1270 1008      10
1986072512 0 233 1263 1008      10
1986072518 0 240 1258 1008      10
1986072600 0 244 1250 1008      10
1986072606 1 250 1243 1006      12
1986072612 1 253 1231 1008      12
1986072618 0 260 1221 1008      10
1986072700 0 270 1210 1010      10
66666 0000   31 0013 8611 0 6 Sarah                              20110729
1986072906 0 120 1410 1002      10
1986072912 1 123 1383 1002      12
1986072918 1 130 1356 1002      12
1986073000 1 137 1340 1000      15
1986073006 1 141 1323 1000      15
1986073012 1 145 1308 1000      15
1986073018 1 150 1292  998      15
1986073100 2 158 1279  996      20
1986073106 2 160 1268  994      20
1986073112 2 165 1259  994      20
1986073118 2 167 1250  992      20
1986080100 3 165 1238  990      25
1986080106 3 168 1233  990      25
1986080112 3 172 1231  990      25
1986080118 3 176 1233  990      25
1986080200 3 180 1240  990      25
1986080206 3 189 1258  985      25
1986080212 3 197 1261  985      25
1986080218 3 203 1269  985      25
1986080300 3 210 1278  980      30
1986080306 3 220 1288  985      25
1986080312 3 240 1306  985      25
1986080318 3 265 1330  985      25
1986080400 3 285 1355  985      25
1986080406 3 305 1375  980      30
1986080412 3 340 1400  980      30
1986080418 9 360 1410  982      25
1986080500 9 380 1420  986      20
1986080506 9 388 1429  988      20
1986080512 9 395 1445  990      15
1986080518 9 395 1445  995      12
66666 0000    3 0013 8611 0 6 (nameless)(-)1                     20110729
1986080106 2 166 1223  990      20
1986080112 1 167 1200  992      12
1986080118 1 167 1200  992      12
66666 0000   27 0014 8612 2 6 Georgette                          20110729
1986080900 1 135 1760 1002      12
1986080906 1 140 1760 1000      15
1986080912 1 152 1755  995      15
1986080918 2 151 1735  995      20
1986081000 2 153 1726  990      20
1986081006 2 154 1719  985      20
1986081012 3 156 1710  980      25
1986081018 3 158 1704  975      30
1986081100 3 159 1699  978      30
1986081106 3 160 1696  980      30
1986081112 3 161 1694  977      30
1986081118 3 163 1693  975      30
1986081200 3 166 1693  970      30
1986081206 3 172 1690  975      30
1986081212 3 176 1684  982      30
1986081218 3 181 1680  985      25
1986081300 3 190 1670  990      25
1986081306 3 197 1658  990      25
1986081312 2 205 1642  995      20
1986081318 2 210 1623  995      20
1986081400 1 220 1600  998      15
1986081406 1 228 1580  998      15
1986081412 1 230 1550  995      15
1986081418 1 220 1520  990      15
1986081500 1 200 1520  985      15
1986081506 1 189 1531  990      15
1986081512 1 195 1555  995      15
66666 0000    8 0015 8613 0 6 (nameless)                         20110729
1986080900 1 150 1145 1000       9   15
1986080906 1 168 1140  999       9   15
1986080912 1 171 1133  997      12
1986080918 1 177 1127  996      15
1986081000 2 179 1120  995      20
1986081006 2 182 1114  995      20
1986081012 2 184 1108  995      20
1986081018 1 194 1103  995      12   20
66666 0000    7 0015 8613 0 6 (nameless)(-)1                     20110729
1986081018 0 183 1102  995       9
1986081100 1 184 1093  995      12   20
1986081106 2 192 1082  992      20
1986081112 2 203 1078  992      20
1986081118 1 208 1072  995      15
1986081200 1 225 1067  995      12
1986081206 0 232 1063  998      10
66666 0000   48 0016 8614 0 6 Tip                                20110729
1986081218 1 188 1585  998      12
1986081300 1 180 1573  998      15
1986081306 1 187 1568  995      15
1986081312 1 187 1564  990      15
1986081318 2 188 1560  990      20
1986081400 2 190 1559  990      20
1986081406 3 192 1561  990      25
1986081412 3 195 1564  986      25
1986081418 3 198 1564  982      30
1986081500 3 202 1560  980      30
1986081506 3 213 1564  980      30
1986081512 3 226 1558  980      30
1986081518 4 238 1548  975      35
1986081600 4 244 1539  967      35
1986081606 4 250 1535  967      35
1986081612 4 254 1531  967      40
1986081618 4 255 1529  968      40
1986081700 4 256 1528  969      40
1986081706 4 259 1535  970      40
1986081712 4 262 1544  975      40
1986081718 4 266 1558  975      40
1986081800 4 271 1569  975      35
1986081806 4 276 1577  975      35
1986081812 4 273 1582  975      35
1986081818 4 272 1591  975      35
1986081900 4 269 1609  975      35
1986081906 4 278 1628  975      35
1986081912 3 290 1640  975      30
1986081918 3 298 1643  975      30
1986082000 3 310 1650  975      30
1986082006 3 321 1647  975      30
1986082012 3 336 1643  975      30
1986082018 3 350 1633  980      25
1986082100 3 368 1626  980      25
1986082106 3 374 1607  985      25
1986082112 2 370 1593  985      20
1986082118 2 365 1590  990      20
1986082200 2 360 1585  990      20
1986082206 2 363 1573  992      20
1986082212 1 365 1560  995      15
1986082218 1 365 1545  995      15
1986082300 1 370 1530 1000      15
1986082306 1 375 1515 1000      15
1986082312 1 384 1498 1000      15
1986082318 1 390 1485 1000      15
1986082400 1 400 1470 1002      12
1986082406 1 404 1465 1004      12
1986082412 1 415 1460 1004      12
66666 0000   72 0017 8615 1 6 Vera                               20110729
1986081312 1 170 1310  998      15
1986081318 1 175 1310  998      15
1986081400 1 175 1310  998      15
1986081406 1 180 1309  995      15
1986081412 1 180 1300  995      15
1986081418 1 180 1300  995      15
1986081500 1 180 1290  995      15
1986081506 1 180 1290  993      15
1986081512 2 175 1280  992      20
1986081518 2 174 1285  992      20
1986081600 2 175 1290  990      20
1986081606 3 175 1298  990      25
1986081612 3 176 1305  990      25
1986081618 3 180 1315  990      25
1986081700 3 185 1325  988      30
1986081706 3 190 1340  988      30
1986081712 3 203 1352  990      25
1986081718 3 213 1364  990      25
1986081800 3 223 1375  990      25
1986081806 3 229 1375  990      25
1986081812 3 235 1379  985      25
1986081818 3 232 1382  985      25
1986081900 3 227 1379  985      25
1986081906 3 227 1382  985      25
1986081912 3 226 1394  980      25
1986081918 3 219 1405  972      30
1986082000 4 212 1415  967      35
1986082006 4 213 1421  965      35
1986082012 4 215 1426  962      35
1986082018 4 213 1431  960      40
1986082100 4 213 1433  954      40
1986082106 5 216 1442  948      50
1986082112 5 218 1447  944      50
1986082118 6 219 1451  935      55
1986082200 6 220 1453  923      60
1986082206 6 221 1456  925      60
1986082212 6 221 1454  930      60
1986082218 6 221 1454  937      55
1986082300 5 222 1444  946      50
1986082306 5 225 1434  946      50
1986082312 5 223 1423  946      50
1986082318 5 222 1409  945      50
1986082400 5 223 1398  944      50
1986082406 5 230 1386  940      50
1986082412 5 233 1369  943      50
1986082418 5 236 1356  946      45
1986082500 5 241 1335  950      45
1986082506 5 247 1321  950      45
1986082512 5 252 1303  948      45
1986082518 5 257 1290  950      45
1986082600 4 262 1273  952      40
1986082606 4 267 1262  952      40
1986082612 4 272 1253  952      40
1986082618 4 280 1250  955      40
1986082700 4 291 1244  955      40
1986082706 4 300 1241  960      40
1986082712 4 308 1242  960      40
1986082718 4 322 1247  965      35
1986082800 4 336 1251  965      35
1986082806 3 355 1258  970      30
1986082812 3 374 1264  975      30
1986082818 3 387 1273  980      25
1986082900 3 402 1293  980      25
1986082906 2 410 1305  985      20
1986082912 9 420 1314  985      20
1986082918 9 430 1325  985      20
1986083000 9 440 1340  988      20
1986083006 9 460 1357  990      15
1986083012 9 475 1360  995      15
1986083018 9 488 1356  995      15
1986083100 9 492 1348  997      15
1986083106 9 501 1358 1000      12
66666 0000   87 0018 8616 1 6 Wayne                              20110729
1986081600 1 176 1215  998      12
1986081606 1 174 1208  995      15
1986081612 2 173 1198  995      20
1986081618 2 170 1189  995      20
1986081700 2 169 1180  995      20
1986081706 2 162 1176  995      20
1986081712 2 155 1174  995      20
1986081718 2 151 1173  995      20
1986081800 2 153 1171  995      20
1986081806 2 159 1169  992      20
1986081812 2 163 1166  990      20
1986081818 2 165 1161  990      20
1986081900 3 171 1155  985      25
1986081906 3 177 1149  980      30
1986081912 4 182 1142  975      35
1986081918 4 190 1137  975      35
1986082000 4 195 1133  975      35
1986082006 4 205 1137  975      35
1986082012 4 212 1144  970      40
1986082018 4 217 1151  970      40
1986082100 4 223 1160  970      40
1986082106 4 227 1171  965      40
1986082112 4 231 1182  965      40
1986082118 4 236 1192  965      40
1986082200 4 240 1204  965      35
1986082206 3 246 1220  975      30
1986082212 3 250 1229  980      30
1986082218 3 251 1242  980      30
1986082300 3 246 1245  985      25
1986082306 3 245 1250  985      25
1986082312 3 243 1244  985      25
1986082318 3 237 1239  985      25
1986082400 3 232 1233  985      25
1986082406 3 226 1225  985      25
1986082412 3 223 1218  985      25
1986082418 2 214 1207  990      20
1986082500 2 212 1192  992      20
1986082506 2 207 1180  992      20
1986082512 2 200 1172  992      20
1986082518 2 197 1162  992      20
1986082600 2 192 1156  992      20
1986082606 2 188 1148  992      20
1986082612 1 186 1146  995      15
1986082618 1 182 1152  995      15
1986082700 1 182 1160  995      15
1986082706 1 182 1169  995      15
1986082712 1 183 1177  995      15
1986082718 1 187 1187  995      15
1986082800 2 192 1200  992      20
1986082806 2 199 1206  992      20
1986082812 2 204 1209  992      20
1986082818 2 206 1211  992      20
1986082900 2 207 1213  992      20
1986082906 3 207 1213  990      25
1986082912 3 209 1214  990      25
1986082918 3 211 1215  990      25
1986083000 3 214 1217  990      25
1986083006 3 218 1220  985      30
1986083012 3 219 1224  975      30
1986083018 4 220 1226  965      35
1986083100 4 219 1229  955      40
1986083106 4 218 1230  960      40
1986083112 4 215 1232  965      40
1986083118 4 215 1232  970      35
1986090100 4 211 1230  970      35
1986090106 4 207 1227  970      35
1986090112 4 203 1223  970      35
1986090118 4 200 1221  970      35
1986090200 4 197 1219  965      40
1986090206 4 193 1217  965      40
1986090212 4 190 1214  965      40
1986090218 4 189 1207  970      35
1986090300 4 188 1201  972      35
1986090306 4 185 1193  972      35
1986090312 4 183 1183  972      35
1986090318 4 183 1175  965      35
1986090400 5 187 1168  950      45
1986090406 4 193 1153  955      40
1986090412 4 195 1138  955      40
1986090418 4 197 1126  960      40
1986090500 4 201 1113  960      40
1986090506 4 202 1098  960      40
1986090512 4 204 1083  970      40
1986090518 4 206 1070  970      35
1986090600 1 203 1050  995      12
1986090606 1 200 1034 1000      12
1986090612 0 197 1014 1000      10
66666 0000   24 0019 0000 0 6 (nameless)                         20110729
1986082900 0 215 1610 1005      10
1986082906 0 218 1598 1003      10
1986082912 0 221 1588 1003      10
1986082918 1 224 1578 1002      12
1986083000 1 228 1568 1000      15
1986083006 1 230 1555  998      15
1986083012 1 233 1538  998      15
1986083018 1 236 1521  998      15
1986083100 1 240 1505  996      15
1986083106 1 245 1495  996      15
1986083112 1 252 1480  996      15
1986083118 1 255 1467  996      15
1986090100 1 259 1455  996      15
1986090106 1 268 1440  994      15
1986090112 1 275 1420  994      15
1986090118 1 287 1408  994      15
1986090200 1 298 1400  994      15
1986090206 2 310 1395  992      20
1986090212 2 320 1388  992      20
1986090218 2 333 1385  992      20
1986090300 1 344 1391  996      15
1986090306 1 360 1400  997      15
1986090312 1 380 1410  998      12
1986090318 1 405 1425  998      12
66666 0000   39 0020 8617 2 6 Abby                               20110729
1986091200 1  99 1500 1004      15
1986091206 1 105 1481 1002      15
1986091212 1 110 1470 1002      15
1986091218 1 115 1460 1000      15
1986091300 1 122 1445 1000      15
1986091306 1 128 1435  998      15
1986091312 1 133 1426  998      15
1986091318 1 139 1415  996      15
1986091400 2 145 1400  994      20
1986091406 2 148 1381  994      20
1986091412 2 155 1360  992      20
1986091418 3 160 1351  990      25
1986091500 3 166 1341  987      30
1986091506 3 174 1330  985      30
1986091512 3 176 1320  985      30
1986091518 3 182 1311  983      30
1986091600 4 191 1300  980      35
1986091606 4 194 1293  976      35
1986091612 4 196 1286  976      35
1986091618 4 194 1277  970      35
1986091700 4 197 1272  965      40
1986091706 4 202 1267  960      40
1986091712 4 208 1259  952      40
1986091718 4 209 1253  950      40
1986091800 5 213 1246  943      45
1986091806 5 219 1237  943      45
1986091812 5 222 1229  942      50
1986091818 5 226 1221  942      50
1986091900 5 231 1217  946      45
1986091906 5 238 1212  946      45
1986091912 4 247 1208  960      40
1986091918 4 253 1206  975      35
1986092000 3 259 1218  980      25
1986092006 3 272 1229  985      25
1986092012 2 300 1250  990      20
1986092018 1 335 1275  996      15
1986092100 9 356 1294  996      15
1986092106 9 370 1323  996      15
1986092112 9 390 1360  996      15
66666 0000   57 0021 8618 1 6 Ben                                20110729
1986091800 1  95 1620 1004      12
1986091806 1  98 1615 1004      12
1986091812 1 100 1610 1002      12
1986091818 1 104 1605 1002      12
1986091900 1 106 1600 1000      15
1986091906 1 110 1596 1000      15
1986091912 2 115 1592  998      20
1986091918 2 126 1590  998      20
1986092000 2 140 1585  998      20
1986092006 2 152 1574  998      20
1986092012 3 158 1559  995      25
1986092018 3 161 1547  992      25
1986092100 3 162 1539  988      30
1986092106 3 162 1534  988      30
1986092112 3 163 1526  988      30
1986092118 3 164 1520  988      30
1986092200 3 167 1518  988      30
1986092206 3 168 1512  988      30
1986092212 3 168 1505  988      30
1986092218 3 170 1495  988      30
1986092300 3 172 1485  985      30
1986092306 3 177 1470  980      30
1986092312 4 179 1458  970      35
1986092318 4 181 1446  965      35
1986092400 4 183 1436  953      40
1986092406 5 188 1425  940      45
1986092412 5 191 1415  927      50
1986092418 6 194 1407  920      55
1986092500 6 196 1401  917      55
1986092506 6 200 1397  920      55
1986092512 6 205 1391  925      55
1986092518 5 207 1389  933      50
1986092600 5 211 1388  937      50
1986092606 5 214 1387  940      50
1986092612 5 217 1388  946      45
1986092618 5 219 1389  946      45
1986092700 4 221 1390  950      40
1986092706 4 225 1395  950      40
1986092712 4 230 1399  952      40
1986092718 4 237 1403  952      40
1986092800 4 248 1407  952      40
1986092806 4 261 1414  955      40
1986092812 4 274 1420  955      40
1986092818 4 289 1427  955      40
1986092900 4 305 1433  960      35
1986092906 4 325 1449  960      35
1986092912 4 349 1468  965      35
1986092918 3 365 1488  970      30
1986093000 9 379 1513  970      30
1986093006 9 395 1538  975      25
1986093012 9 405 1570  975      25
1986093018 9 410 1605  975      25
1986100100 9 415 1630  980      20
1986100106 9 420 1665  980      20
1986100112 9 420 1700  980      20
1986100118 9 420 1725  980      20
1986100200 9 420 1755  980      20
66666 0000   35 0022 8619 1 6 Carmen                             20110729
1986100112 1 100 1550 1004      15
1986100118 1 104 1536 1004      15
1986100200 1 109 1530 1002      15
1986100206 1 114 1519 1002      15
1986100212 1 120 1507 1000      15
1986100218 1 127 1496  998      15
1986100300 2 133 1481  995      20
1986100306 3 145 1469  992      25
1986100312 3 150 1456  990      25
1986100318 3 152 1445  990      25
1986100400 3 156 1433  988      30
1986100406 4 163 1426  985      35
1986100412 4 169 1418  980      35
1986100418 4 174 1412  975      40
1986100500 4 180 1402  968      40
1986100506 4 186 1396  955      40
1986100512 5 191 1390  944      45
1986100518 5 197 1384  939      50
1986100600 5 203 1381  947      50
1986100606 4 210 1380  955      40
1986100612 4 224 1377  960      40
1986100618 4 235 1380  965      35
1986100700 4 248 1387  963      35
1986100706 4 265 1396  960      35
1986100712 4 286 1412  960      35
1986100718 4 312 1420  958      35
1986100800 4 334 1427  956      35
1986100806 4 359 1441  960      35
1986100812 9 378 1466  960      30
1986100818 9 401 1485  965      30
1986100900 9 415 1515  970      30
1986100906 9 433 1535  980      25
1986100912 9 450 1570  985      20
1986100918 9 460 1615  990      20
1986101000 9 470 1680  995      20
66666 0000   23 0023 8620 0 6 Dom                                20110729
1986100600 1 148 1220 1005      15
1986100606 1 149 1215 1001      15
1986100612 1 150 1210 1001      15
1986100618 1 151 1205 1002      15
1986100700 1 149 1198 1003      12
1986100706 1 149 1198 1003      12
1986100712 1 150 1196 1004      12
1986100718 1 150 1185 1002      15
1986100800 1 147 1179 1002      15
1986100806 1 144 1170 1002      15
1986100812 1 147 1165 1002      15
1986100818 1 149 1159 1002      15
1986100900 1 150 1150 1002      15
1986100906 2 151 1145  995      20
1986100912 2 156 1136  995      20
1986100918 2 163 1128  995      20
1986101000 2 167 1120  995      20
1986101006 3 169 1111  993      25
1986101012 2 171 1105  998      20
1986101018 2 172 1095  998      20
1986101100 1 173 1087 1000      15
1986101106 1 177 1079 1000      15
1986101112 1 178 1070 1005      12
66666 0000   42 0024 8621 0 6 Ellen                              20110729
1986100906 0  85 1400 1005      10
1986100912 1  85 1380 1004      12
1986100918 1  91 1357 1004      12
1986101000 1  95 1332 1002      12
1986101006 1  97 1314 1000      15
1986101012 1 100 1296 1000      15
1986101018 1 105 1280  996      15
1986101100 1 110 1267  995      15
1986101106 2 113 1255  995      20
1986101112 2 117 1240  995      20
1986101118 2 120 1228  995      20
1986101200 2 129 1220  995      20
1986101206 2 131 1214  995      20
1986101212 2 136 1197  995      20
1986101218 2 144 1189  995      20
1986101300 3 151 1184  988      25
1986101306 3 153 1179  985      25
1986101312 3 162 1180  980      30
1986101318 4 164 1180  977      35
1986101400 4 168 1180  975      35
1986101406 4 172 1179  965      35
1986101412 4 179 1178  960      40
1986101418 4 179 1175  963      40
1986101500 4 178 1172  968      40
1986101506 4 181 1172  970      40
1986101512 4 185 1172  970      40
1986101518 4 189 1171  970      40
1986101600 4 189 1168  975      35
1986101606 4 192 1165  975      35
1986101612 4 194 1160  975      35
1986101618 4 197 1155  975      35
1986101700 4 200 1150  975      35
1986101706 4 202 1145  975      35
1986101712 4 207 1141  975      35
1986101718 4 209 1138  975      35
1986101800 4 210 1135  975      35
1986101806 4 211 1131  975      35
1986101812 3 212 1126  980      30
1986101818 3 211 1118  985      25
1986101900 2 211 1108  990      20
1986101906 2 211 1099  995      20
1986101912 1 212 1091 1000      15
66666 0000   30 0025 8622 0 6 Forrest                            20110729
1986101312 0 120 1667 1006      10
1986101318 0 124 1653 1006      10
1986101400 1 129 1640 1004      12
1986101406 1 132 1630 1002      15
1986101412 1 135 1619 1002      15
1986101418 1 138 1606 1002      15
1986101500 1 140 1589 1000      15
1986101506 1 142 1572  998      15
1986101512 1 148 1560  998      15
1986101518 2 155 1542  990      20
1986101600 3 162 1520  988      30
1986101606 3 167 1500  984      30
1986101612 4 175 1483  978      35
1986101618 4 182 1468  960      40
1986101700 5 189 1454  945      45
1986101706 5 196 1443  940      45
1986101712 5 200 1434  931      50
1986101718 5 206 1425  955      45
1986101800 4 211 1422  960      40
1986101806 4 216 1423  960      40
1986101812 4 221 1423  960      40
1986101818 4 226 1426  960      40
1986101900 4 234 1433  960      40
1986101906 4 244 1447  970      35
1986101912 3 257 1465  978      30
1986101918 3 279 1495  980      30
1986102000 9 310 1530  980      30
1986102006 9 330 1568  985      25
1986102012 9 403 1614  990      20
1986102018 9 430 1680  998      15
66666 0000   22 0026 8623 0 6 Georgia                            20110729
1986101706 1 105 1300 1000      15
1986101712 1 106 1291 1000      15
1986101718 1 107 1287 1000      15
1986101800 1 110 1282 1000      15
1986101806 2 116 1274  995      20
1986101812 2 120 1263  995      20
1986101818 2 123 1253  995      20
1986101900 2 125 1242  995      20
1986101906 2 127 1230  995      20
1986101912 2 130 1215  995      20
1986101918 2 133 1190  995      20
1986102000 2 134 1182  995      20
1986102006 2 137 1172  995      20
1986102012 2 140 1160  992      20
1986102018 2 142 1149  990      20
1986102100 2 145 1135  989      20
1986102106 2 148 1122  990      20
1986102112 2 150 1110  990      20
1986102118 2 152 1100  992      20
1986102200 2 154 1090  995      20
1986102206 1 156 1075  998      10   20
1986102212 1 160 1065 1000      10   20
66666 0000   25 0027 8624 0 6 Herbert                            20110729
1986110600 1 125 1275 1004      12
1986110606 1 127 1265 1002      15
1986110612 1 128 1251 1002      15
1986110618 1 126 1236 1002      15
1986110700 1 125 1232 1002      15
1986110706 1 126 1223 1000      15
1986110712 1 127 1217 1000      15
1986110718 1 127 1207 1000      15
1986110800 1 130 1199  998      15
1986110806 2 138 1192  995      20
1986110812 2 145 1185  995      20
1986110818 3 150 1175  992      25
1986110900 3 145 1165  990      25
1986110906 3 138 1160  985      30
1986110912 3 138 1160  985      30
1986110918 3 137 1151  988      25
1986111000 3 137 1143  988      25
1986111006 3 138 1137  988      25
1986111012 3 138 1129  988      25
1986111018 3 138 1121  988      25
1986111100 2 138 1114  988      20
1986111106 2 138 1107  988      20
1986111112 1 139 1102  990      15
1986111118 1 142 1096 1000      12
1986111200 0 145 1090 1002      10
66666 0000   35 0028 8625 0 6 Ida                                20110729
1986111018 1  61 1340 1002      15
1986111100 1  64 1331 1002      15
1986111106 1  66 1317 1002      15
1986111112 1  73 1307 1000      15
1986111118 2  79 1295  995      20
1986111200 2  87 1280  992      20
1986111206 2  91 1270  990      20
1986111212 2  95 1261  990      20
1986111218 2 105 1251  990      20
1986111300 2 120 1235  990      20
1986111306 2 130 1219  990      20
1986111312 2 135 1208  990      20
1986111318 2 139 1195  990      20
1986111400 2 141 1182  990      20
1986111406 3 145 1170  988      25
1986111412 3 156 1160  988      25
1986111418 3 163 1150  988      25
1986111500 3 177 1140  986      30
1986111506 3 187 1135  986      30
1986111512 3 196 1131  986      30
1986111518 3 202 1135  986      30
1986111600 3 203 1156  987      30
1986111606 3 197 1153  988      25
1986111612 3 190 1151  990      25
1986111618 3 183 1150  990      25
1986111700 2 172 1155  995      20
1986111706 2 170 1165  995      20
1986111712 1 165 1175 1000      15
1986111718 1 155 1172 1000      15
1986111800 1 150 1160 1000      15
1986111806 1 147 1148 1006      12
1986111812 1 142 1140 1006      12
1986111818 1 135 1133 1006      12
1986111900 1 125 1127 1006      12
1986111906 1 119 1123 1006      12
66666 0000   29 0029 8626 0 6 Joe                                20110729
1986111800 0 125 1313 1006      10
1986111806 1 127 1302 1004      12
1986111812 1 130 1290 1000      15
1986111818 1 133 1280  998      15
1986111900 2 136 1270  995      20
1986111906 3 140 1263  990      25
1986111912 3 144 1255  985      25
1986111918 3 146 1248  984      25
1986112000 3 153 1245  975      30
1986112006 4 160 1244  965      35
1986112012 4 168 1242  965      40
1986112018 4 174 1240  955      40
1986112100 5 180 1239  940      45
1986112106 5 189 1240  940      45
1986112112 5 196 1240  936      45
1986112118 4 202 1240  950      40
1986112200 4 206 1241  960      35
1986112206 4 212 1242  970      35
1986112212 4 216 1243  970      35
1986112218 4 221 1247  970      35
1986112300 4 225 1249  980      35
1986112306 3 229 1251  980      30
1986112312 3 233 1255  990      25
1986112318 2 236 1260  995      20
1986112400 9 240 1265  998      20
1986112406 9 245 1272 1000      15
1986112412 9 249 1280 1000      15
1986112418 9 254 1292 1002      12
1986112500 9 258 1304 1004      10
66666 0000   53 0030 8627 0 6 Kim                                20110729
1986112800 1  78 1641 1000      12
1986112806 1  87 1628  998      15
1986112812 1  87 1618  995      15
1986112818 1  88 1607  990      15
1986112900 2  92 1593  985      20
1986112906 3  93 1586  975      30
1986112912 3  94 1578  975      30
1986112918 3  97 1569  970      30
1986113000 4 102 1560  960      35
1986113006 4 108 1551  960      35
1986113012 4 115 1543  960      35
1986113018 4 123 1537  960      40
1986120100 4 132 1528  960      40
1986120106 5 139 1521  950      45
1986120112 5 147 1515  930      50
1986120118 5 151 1507  920      50
1986120200 5 153 1499  920      50
1986120206 6 155 1492  920      55
1986120212 6 155 1483  910      60
1986120218 6 155 1474  910      60
1986120300 6 155 1464  904      60
1986120306 6 154 1452  910      60
1986120312 6 156 1441  920      60
1986120318 6 158 1430  920      55
1986120400 6 160 1420  920      55
1986120406 6 163 1414  920      55
1986120412 6 167 1409  920      55
1986120418 5 170 1406  930      50
1986120500 5 172 1403  930      50
1986120506 5 175 1400  950      45
1986120512 4 174 1396  955      40
1986120518 4 174 1389  960      40
1986120600 4 174 1381  960      40
1986120606 4 172 1371  960      40
1986120612 5 172 1361  955      45
1986120618 5 172 1351  955      45
1986120700 5 174 1342  950      45
1986120706 5 176 1334  950      45
1986120712 5 173 1330  950      45
1986120718 4 171 1329  965      40
1986120800 4 168 1326  965      35
1986120806 4 164 1325  970      35
1986120812 4 162 1322  980      35
1986120818 3 162 1324  980      30
1986120900 3 162 1324  980      30
1986120906 3 162 1324  980      30
1986120912 3 166 1322  985      25
1986120918 3 166 1322  985      25
1986121000 2 166 1322  990      20
1986121006 2 168 1324  995      20
1986121012 2 172 1324  995      20
1986121018 1 176 1320  997      15
1986121100 1 179 1309 1000      12
66666 0000   13 0031 0000 0 6 (nameless)                         20110729
1986112912 0  60 1130 1008      10
1986112918 0  70 1143 1006      10
1986113000 0  80 1155 1006      10
1986113006 0  85 1158 1006      10
1986113012 0  90 1160 1006      10
1986113018 0  94 1155 1006      10
1986120100 0  97 1148 1004      10
1986120106 0 100 1135 1004      10
1986120112 0 104 1127 1004      10
1986120118 1 109 1117 1002      12
1986120200 1 110 1110 1002      15
1986120206 1 110 1099 1002      15
1986120212 1 110 1087 1004      12
66666 0000   23 0032 8628 0 6 Lex                                20110729
1986120300 1  60 1650 1002      12
1986120306 1  65 1644 1000      12
1986120312 1  70 1637 1000      12
1986120318 1  75 1628  998      15
1986120400 1  80 1620  998      15
1986120406 2  82 1614  994      20
1986120412 2  85 1605  990      20
1986120418 2  92 1595  990      20
1986120500 2  99 1585  990      20
1986120506 2 103 1574  995      20
1986120512 2 108 1564  995      20
1986120518 2 115 1545  995      20
1986120600 2 119 1530  995      20
1986120606 2 121 1511  995      20
1986120612 2 125 1492  995      20
1986120618 2 131 1472  995      20
1986120700 2 145 1450  998      20
1986120706 2 160 1430  998      20
1986120712 2 175 1420 1000      20
1986120718 2 187 1417 1000      20
1986120800 1 200 1403 1002      15
1986120806 1 215 1400 1004      12
1986120812 1 230 1410 1004      12
66666 0000   55 0033 8629 0 6 Marge                              20110729
1986121200 0  40 1730 1004      10
1986121206 0  45 1715 1004      10
1986121212 0  50 1700 1004      10
1986121218 1  50 1680 1002      12
1986121300 1  50 1660 1002      12
1986121306 1  55 1650 1002      12
1986121312 1  60 1640 1002      12
1986121318 1  65 1627 1002      12
1986121400 1  70 1615 1002      12
1986121406 1  71 1604 1002      12
1986121412 1  73 1593 1002      15
1986121418 1  76 1586 1002      15
1986121500 1  78 1580 1002      15
1986121506 1  81 1560 1000      15
1986121512 1  83 1540 1000      15
1986121518 1  87 1526 1000      15
1986121600 2  90 1508  996      20
1986121606 2  92 1495  996      20
1986121612 3  97 1484  990      25
1986121618 3 102 1473  985      25
1986121700 3 104 1462  985      30
1986121706 3 105 1453  985      30
1986121712 3 106 1446  985      30
1986121718 3 107 1439  980      30
1986121800 3 106 1431  980      30
1986121806 3 103 1420  980      30
1986121812 3 104 1411  980      30
1986121818 4 105 1401  975      35
1986121900 4 109 1391  975      35
1986121906 4 115 1381  970      35
1986121912 4 117 1369  965      35
1986121918 4 114 1360  960      40
1986122000 4 111 1345  960      40
1986122006 4 108 1328  955      40
1986122012 4 100 1310  955      40
1986122018 5  94 1298  950      45
1986122100 5  92 1283  947      45
1986122106 4  95 1268  960      40
1986122112 4  98 1255  980      35
1986122118 3 100 1245  980      30
1986122200 3 104 1230  985      25
1986122206 2 105 1219  990      20
1986122212 2 107 1203  990      20
1986122218 2 108 1193  990      20
1986122300 2 110 1181  995      20
1986122306 2 115 1173  995      20
1986122312 2 120 1165  995      20
1986122318 2 122 1160  995      20
1986122400 2 123 1155 1000      20
1986122406 1 124 1145 1002      15
1986122412 1 125 1135 1002      15
1986122418 1 120 1127 1005      15
1986122500 1 116 1119 1005      12
1986122506 1 111 1108 1005      12
1986122512 1 100 1098 1005      12
66666 0000   45 0034 8630 0 6 Norris                             20110729
1986122106 0  70 1690 1004      10
1986122112 1  80 1680 1002      12
1986122118 1  82 1670 1002      12
1986122200 1  85 1660 1000      12
1986122206 1  90 1653 1000      12
1986122212 1  95 1645 1000      12
1986122218 1  99 1635 1000      12
1986122300 1 104 1625  998      15
1986122306 1 109 1613  996      15
1986122312 2 112 1602  996      20
1986122318 2 113 1592  996      20
1986122400 2 113 1582  995      20
1986122406 2 114 1565  995      20
1986122412 2 114 1550  995      20
1986122418 2 111 1541  995      20
1986122500 2 107 1530  995      20
1986122506 2 100 1516  995      20
1986122512 2  99 1503  995      20
1986122518 2 102 1493  992      20
1986122600 2 106 1483  992      20
1986122606 3 110 1472  990      25
1986122612 3 114 1459  990      25
1986122618 3 116 1446  990      25
1986122700 3 117 1433  985      30
1986122706 3 119 1420  985      30
1986122712 3 122 1409  985      30
1986122718 3 127 1399  980      30
1986122800 4 131 1391  975      35
1986122806 4 137 1384  970      35
1986122812 4 139 1380  965      40
1986122818 4 138 1377  960      40
1986122900 5 134 1374  954      45
1986122906 5 130 1369  960      45
1986122912 4 125 1362  970      35
1986122918 4 119 1354  975      35
1986123000 3 112 1342  980      30
1986123006 3 104 1330  985      30
1986123012 3 100 1316  990      25
1986123018 2  99 1299  990      20
1986123100 2  99 1280  995      20
1986123106 2 101 1265  995      20
1986123112 2 102 1252  995      20
1986123118 1 104 1234  998      15
1987010100 1 109 1204 1000      15
1987010106 1 113 1185 1002      15
