66666 0000   28 0001 6101 0 6 Rita                               20110729
1961011312 0  70 1410 1005       0
1961011318 0  73 1394 1002       0
1961011400 0  75 1376 1002       0
1961011406 1  76 1365 1000      15
1961011412 1  80 1354 1000      15
1961011418 1  84 1339 1000      15
1961011500 1  91 1326 1002      15
1961011506 1  94 1323 1002      15
1961011512 1  97 1321 1000      15
1961011518 1  99 1319 1000      15
1961011600 2 102 1318  999      20
1961011606 2 106 1318  996      20
1961011612 2 111 1321  998      20
1961011618 2 115 1325  998      20
1961011700 1 118 1332 1000      15
1961011706 1 120 1339 1000      15
1961011712 1 122 1347 1002      15
1961011718 1 123 1355 1002      15
1961011800 1 124 1362 1002      15
1961011806 1 125 1370 1000      15
1961011812 1 126 1379 1000      15
1961011818 1 128 1389 1002      15
1961011900 1 132 1397 1002      15
1961011906 1 135 1403 1002      15
1961011912 0 139 1411 1004      10
1961011918 0 143 1418 1004      10
1961012000 0 147 1425 1004      10
1961012006 0 150 1435 1004      10
66666 0000   11 0002 0000 0 6 Susan                              20110729
1961022618 0  60 1320 1004       0
1961022700 0  65 1315 1004       0
1961022706 1  70 1310 1000      15
1961022712 1  74 1307 1000      15
1961022718 0  78 1306 1005       0
1961022800 0  83 1305 1006       0
1961022806 0  87 1305 1006       0
1961022812 0  91 1305 1006       0
1961022818 0  95 1306 1006       0
1961030100 0  98 1308 1006       0
1961030106 0 100 1310 1006       0
66666 0000   46 0003 6102 0 6 Tess                               20110729
1961032206 0  76 1479 1008       0
1961032212 0  75 1471 1008       0
1961032218 0  75 1462 1008       0
1961032300 0  77 1455 1008       0
1961032306 0  82 1454 1007       0
1961032312 1  86 1453 1006      15
1961032318 1  90 1448 1006      15
1961032400 2  90 1442 1005      20
1961032406 2  88 1437 1004      20
1961032412 3  87 1427 1001      25
1961032418 3  87 1414  997      30
1961032500 4  88 1401  994      35
1961032506 4  90 1390  991      35
1961032512 4  92 1380  986      40
1961032518 4  95 1371  981      40
1961032600 4  98 1363  977      40
1961032606 4 104 1360  975      40
1961032612 5 110 1358  970      45
1961032618 5 115 1356  963      45
1961032700 5 120 1354  954      50
1961032706 6 124 1352  945      55
1961032712 6 128 1352  945      55
1961032718 6 133 1355  945      55
1961032800 6 136 1356  945      55
1961032806 6 140 1356  943      60
1961032812 6 144 1355  941      65
1961032818 6 148 1352  941      65
1961032900 6 152 1349  943      60
1961032906 6 157 1346  949      60
1961032912 6 164 1346  954      55
1961032918 6 170 1346  959      55
1961033000 5 177 1346  967      50
1961033006 4 186 1345  980      40
1961033012 3 198 1343  991      30
1961033018 3 210 1350  996      25
1961033100 1 220 1362 1003      15
1961033106 9 229 1379 1010      15
1961033112 9 234 1398 1012       0
1961033118 9 237 1414 1012       0
1961040100 9 240 1430 1012       0
1961040106 9 245 1447 1012       0
1961040112 9 257 1469 1012       0
1961040118 9 272 1495 1012       0
1961040200 9 290 1530 1012       0
1961040206 9 310 1570 1010       0
1961040212 9 317 1603 1010       0
66666 0000   33 0004 6103 0 6 Alice                              20110729
1961051500 0 115 1210 1006       0
1961051506 0 120 1203 1004       0
1961051512 0 125 1194 1004       0
1961051518 1 130 1185 1004      15
1961051600 1 136 1176 1002      15
1961051606 1 140 1170 1000      15
1961051612 1 143 1165  998      15
1961051618 2 147 1160  996      20
1961051700 2 151 1153  995      20
1961051706 2 158 1146  993      20
1961051712 3 164 1143  990      25
1961051718 3 169 1141  987      30
1961051800 4 175 1139  985      35
1961051806 4 184 1137  985      35
1961051812 4 194 1136  983      35
1961051818 4 204 1136  980      35
1961051900 4 215 1138  975      40
1961051906 4 224 1140  980      35
1961051912 2 235 1149  985      20   35
1961051918 1 248 1160  990      15   25
1961052000 0 260 1179  993       9   25
1961052006 3 270 1196  993      25
1961052012 9 281 1220  994      20
1961052018 9 290 1250  995      20
1961052100 9 297 1275  997      20
1961052106 9 294 1311  997      20
1961052112 9 299 1345  997      20
1961052118 9 305 1375  999      15
1961052200 9 312 1400  999      15
1961052206 9 318 1440 1000      15
1961052212 9 322 1465 1000      15
1961052218 9 330 1490 1004      15
1961052300 9 340 1510 1006      10
66666 0000   47 0005 6104 1 6 Betty                              20110729
1961052100 1  90 1350 1006      15
1961052106 1  92 1350 1004      15
1961052112 2  96 1349 1000      20
1961052118 3 100 1347  996      25
1961052200 3 102 1340  992      30
1961052206 4 107 1333  990      35
1961052212 4 112 1332  988      35
1961052218 4 118 1329  987      35
1961052300 4 123 1323  987      35
1961052306 4 126 1310  992      35
1961052312 4 131 1299  987      35
1961052318 4 138 1286  977      40
1961052400 5 147 1273  970      45
1961052406 5 153 1267  966      45
1961052412 5 158 1260  960      50
1961052418 5 165 1252  957      50
1961052500 5 173 1244  951      50
1961052506 5 181 1238  947      50
1961052512 5 188 1232  948      50
1961052518 5 196 1224  949      45
1961052600 5 206 1216  950      45
1961052606 5 215 1215  954      45
1961052612 4 225 1215  960      40
1961052618 4 235 1213  970      35
1961052700 3 252 1210  980      30
1961052706 3 270 1209  990      25
1961052712 1 279 1210  995      15
1961052718 1 293 1212  995      15
1961052800 1 318 1222  995      15
1961052806 2 343 1255  994      20
1961052812 9 378 1309  988      25
1961052818 9 393 1340  982      25
1961052900 9 410 1370  980      30
1961052906 9 424 1399  980      30
1961052912 9 435 1425  980      30
1961052918 9 450 1460  980       0
1961053000 9 465 1500  980       0
1961053006 9 483 1518  980       0
1961053012 9 490 1530  980       0
1961053018 9 495 1533  980       0
1961053100 9 500 1540  980       0
1961053106 9 510 1550  984       0
1961053112 9 508 1582  990       0
1961053118 9 520 1620  990       0
1961060100 9 535 1650  990       0
1961060106 9 547 1680  990       0
1961060112 9 550 1710  990       0
66666 0000    2 0005 6104 0 6 Betty(-)1                          20110729
1961052618 1 236 1200  990      15
1961052700 1 243 1190  995      15
66666 0000   19 0006 6105 0 6 (nameless)                         20110729
1961052512 0 143 1121 1001       0
1961052518 1 146 1123 1000      12
1961052600 1 148 1125 1000      12
1961052606 1 151 1127 1000      12
1961052612 1 153 1129 1000      12
1961052618 1 155 1131 1000      15
1961052700 1 157 1133 1000      15
1961052706 1 160 1136 1002      12
1961052712 1 164 1140 1002      12
1961052718 1 168 1146 1002      12
1961052800 1 171 1153 1002      15
1961052806 1 176 1160 1002      15
1961052812 1 185 1166 1002      15
1961052818 1 195 1170 1002      15
1961052900 2 202 1174 1002      20
1961052906 2 210 1178 1002      20
1961052912 2 218 1182 1002      20
1961052918 1 230 1190 1003      15
1961053000 1 238 1199 1005      12
66666 0000   27 0007 6106 0 6 (nameless)                         20110729
1961053012 0  75 1465 1008       0
1961053018 0  75 1454 1007       0
1961053100 0  76 1440 1007       0
1961053106 0  77 1426 1006       0
1961053112 0  80 1414 1006       0
1961053118 0  84 1400 1006       0
1961060100 0  90 1385 1006       0
1961060106 1 100 1373 1006      15
1961060112 1 105 1368 1006      15
1961060118 1 114 1361 1006      15
1961060200 1 126 1350 1006      15
1961060206 1 136 1340 1004      15
1961060212 1 145 1328 1002      15
1961060218 1 149 1310 1002      15
1961060300 1 153 1294 1006      15
1961060306 1 157 1285 1006      15
1961060312 1 160 1275 1006      15
1961060318 1 165 1265 1006      15
1961060400 1 172 1257 1002      15
1961060406 1 180 1250 1002      15
1961060412 1 190 1246 1004      15
1961060418 1 203 1245 1004      15
1961060500 1 210 1243 1006      15
1961060506 1 220 1237 1006      15
1961060512 1 230 1230 1006      15
1961060518 0 238 1224 1008      10
1961060600 0 248 1218 1008       9
66666 0000   20 0008 6107 1 6 (nameless)                         20110729
1961060312 0 160 1100 1005       0
1961060318 0 154 1109 1005       0
1961060400 0 150 1117 1005       0
1961060406 0 152 1127 1005       0
1961060412 0 156 1140 1005       0
1961060418 1 160 1150 1004      12
1961060500 1 165 1155 1004      12
1961060506 1 170 1145 1004      12
1961060512 1 167 1135 1003      12
1961060518 1 165 1125 1002      12
1961060600 1 172 1120 1002      12
1961060606 1 182 1118 1000      12
1961060612 1 188 1111 1000      12
1961060618 0 190 1100 1000      10
1961060700 0 184 1085 1000      10
1961060706 0 188 1071 1000       9
1961060712 0 192 1065 1000       9
1961060718 0 197 1060 1001       9
1961060800 0 200 1052 1001       9
1961060806 0 201 1042 1002       9
66666 0000   24 0009 6108 1 6 Cora                               20110729
1961062006 0 112 1150 1005       0
1961062012 0 120 1158 1004       0
1961062018 0 130 1159 1004       0
1961062100 0 134 1158 1004       0
1961062106 0 137 1156 1004       0
1961062112 0 141 1154 1002       0
1961062118 1 146 1153 1000      15
1961062200 1 150 1152  998      15
1961062206 2 154 1151  998      20
1961062212 2 157 1150  996      20
1961062218 3 160 1147  995      25
1961062300 3 162 1145  994      30
1961062306 4 163 1142  990      35
1961062312 4 165 1137  990      35
1961062318 4 167 1130  989      35
1961062400 4 169 1123  987      35
1961062406 4 172 1113  985      40
1961062412 4 175 1103  985      35
1961062418 4 178 1090  985      35
1961062500 3 180 1080  990      25
1961062506 2 182 1070  992      20
1961062512 1 183 1064  994      15
1961062518 0 185 1056  996       0
1961062600 0 190 1048  998       0
66666 0000   25 0010 0000 2 6 (nameless)                         20110729
1961062112 0  90 1390 1003       0
1961062118 0  96 1395 1003       0
1961062200 0 105 1400 1003       0
1961062206 0 113 1392 1001       0
1961062212 0 117 1381 1001       0
1961062218 0 120 1370 1001       0
1961062300 0 130 1360 1000       0
1961062306 0 140 1355 1000       0
1961062312 0 155 1351  998       0
1961062318 1 170 1348  996      12
1961062400 1 180 1340  995      12
1961062406 1 185 1335  992      12
1961062412 0 190 1330  995       0
1961062418 0 194 1325  997       0
1961062500 0 197 1317  997       0
1961062506 0 200 1307  997       0
1961062512 0 205 1300  997       0
1961062518 0 216 1302  997       0
1961062600 0 230 1310  998       0
1961062606 0 240 1320  998       0
1961062612 0 252 1328 1000       0
1961062618 0 265 1330 1000       0
1961062700 0 280 1330 1001       0
1961062706 0 292 1328 1001       0
1961062712 0 302 1325 1001       0
66666 0000   15 0011 0000 0 6 (nameless)                         20110729
1961062512 1 273 1337  998      15
1961062518 1 277 1333  998      15
1961062600 1 280 1331  998      15
1961062606 2 284 1327  996      20
1961062612 2 290 1323  996      20
1961062618 1 297 1322  999      15
1961062700 1 305 1323 1000      15
1961062706 1 311 1328 1000      15
1961062712 0 316 1335 1000       0
1961062718 0 320 1345 1002       0
1961062800 0 330 1350 1004       0
1961062806 0 340 1353 1006       0
1961062812 0 350 1352 1008       0
1961062818 0 355 1352 1008       0
1961062900 0 360 1351 1008       0
66666 0000   27 0012 6109 0 6 Doris                              20110729
1961062606 0 200 1275 1000       0
1961062612 0 206 1287 1000       0
1961062618 0 210 1295 1000       0
1961062700 0 213 1305 1000       0
1961062706 0 214 1314 1000       0
1961062712 0 210 1320 1000       0
1961062718 0 198 1314  998       0
1961062800 1 194 1300  998      12
1961062806 1 195 1290  998      12
1961062812 1 200 1284  996      12
1961062818 1 204 1280  996      12
1961062900 1 207 1275  996      15
1961062906 1 209 1269  996      15
1961062912 1 211 1263  994      15
1961062918 2 214 1256  990      20
1961063000 2 215 1250  990      20
1961063006 2 217 1242  990      20
1961063012 2 217 1233  990      20
1961063018 2 216 1220  990      20
1961070100 2 212 1200  988      20
1961070106 2 216 1183  988      20
1961070112 2 222 1178  986      20
1961070118 2 228 1173  986      20
1961070200 2 236 1167  986      20
1961070206 0 235 1155  988      10
1961070212 0 235 1142  990      10
1961070218 0 240 1125  995       9
66666 0000    4 0012 6109 0 6 Doris(-)1                          20110729
1961063012 1 232 1201  990      15
1961063018 1 232 1196  990      15
1961070100 1 240 1192  990      15
1961070106 1 250 1198  990      15
66666 0000   11 0013 0000 0 6 (nameless)                         20110729
1961070400 0 125 1298 1006       0
1961070406 0 130 1280 1005       0
1961070412 0 141 1272 1004      10
1961070418 1 152 1262 1002      12
1961070500 1 160 1254 1000      12
1961070506 1 165 1246 1000      12
1961070512 1 172 1238 1000      12
1961070518 0 184 1229 1002      10
1961070600 0 196 1223 1002      10
1961070606 0 205 1221 1002       0
1961070612 0 212 1223 1002       0
66666 0000   39 0014 6110 0 6 Elsie                              20110729
1961070612 0  96 1468 1010       0
1961070618 0 100 1460 1008       0
1961070700 0 105 1455 1008       0
1961070706 0 110 1450 1008       0
1961070712 0 114 1442 1008       0
1961070718 0 115 1432 1008       0
1961070800 0 118 1417 1008       0
1961070806 0 123 1405 1008       0
1961070812 0 128 1395 1008       0
1961070818 0 133 1386 1008       0
1961070900 0 135 1374 1008       0
1961070906 0 134 1358 1008       0
1961070912 0 132 1340 1008       0
1961070918 0 135 1323 1008       0
1961071000 0 141 1310 1008       0
1961071006 0 150 1300 1008       0
1961071012 0 160 1286 1008       0
1961071018 1 166 1269 1006      12
1961071100 1 172 1255 1006      12
1961071106 1 181 1245 1006      12
1961071112 1 195 1240 1004      12
1961071118 1 199 1238 1002      15
1961071200 2 201 1237 1000      20
1961071206 2 203 1235 1000      20
1961071212 3 206 1233  996      30
1961071218 4 210 1230  990      40
1961071300 5 214 1225  981      50
1961071306 5 215 1219  975      50
1961071312 5 218 1214  977      50
1961071318 5 220 1210  980      45
1961071400 4 222 1205  984      40
1961071406 4 225 1200  988      35
1961071412 3 228 1191  990      30
1961071418 3 229 1178  990      25
1961071500 1 233 1164  992      15
1961071506 0 237 1158  994       9   15
1961071512 0 247 1145  995       9   12
1961071518 0 260 1130  997       9
1961071600 0 280 1110  999       9
66666 0000   35 0015 6111 0 6 Flossie                            20110729
1961071118 0 115 1460 1008       0
1961071200 0 113 1450 1008       0
1961071206 0 112 1440 1006       0
1961071212 0 113 1433 1006       0
1961071218 0 116 1424 1006       0
1961071300 0 118 1410 1006       0
1961071306 0 120 1394 1006       0
1961071312 0 122 1374 1006       0
1961071318 0 130 1360 1004       0
1961071400 0 138 1354 1002       0
1961071406 0 146 1349 1002       0
1961071412 0 153 1342 1002       0
1961071418 0 160 1336 1002       0
1961071500 0 166 1328 1002       0
1961071506 0 169 1321 1002       0
1961071512 0 173 1312 1002       0
1961071518 1 177 1302 1000      15
1961071600 1 179 1290 1000      15
1961071606 2 179 1277  998      20
1961071612 2 176 1263  996      20
1961071618 2 173 1253  996      20
1961071700 2 167 1243  996      20
1961071706 2 162 1235  995      20
1961071712 2 160 1220  995      20
1961071718 2 169 1204  996      20
1961071800 2 177 1198  997      20
1961071806 2 184 1192  997      20
1961071812 3 194 1185  997      25
1961071818 3 202 1178  995      25
1961071900 3 211 1167  992      25
1961071906 2 219 1155  994      20
1961071912 1 224 1142  995      15
1961071918 0 225 1125  998       9
1961072000 0 237 1112 1002       9
1961072006 0 239 1109 1004       9
66666 0000   37 0016 6112 0 6 Grace                              20110729
1961071612 0 175 1344 1002       0
1961071618 0 175 1330 1000       0
1961071700 0 176 1318 1000       0
1961071706 0 185 1309  999      10
1961071712 0 200 1304  999      10
1961071718 1 215 1310 1000      12
1961071800 1 232 1311 1000      15
1961071806 1 245 1306 1000      15
1961071812 1 255 1300 1000      15
1961071818 1 259 1296 1000      15
1961071900 1 261 1294 1000      15
1961071906 1 263 1293 1000      15
1961071912 1 265 1291 1000      15
1961071918 1 267 1289 1000      15
1961072000 1 269 1288 1000      15
1961072006 1 271 1286 1000      15
1961072012 1 272 1284 1000      15
1961072018 1 273 1282 1000      15
1961072100 2 273 1279  998      20
1961072106 2 273 1276  998      20
1961072112 2 273 1273  998      20
1961072118 2 273 1270  998      20
1961072200 1 271 1267  998      15
1961072206 1 270 1276  997      15
1961072212 1 273 1283  997      15
1961072218 1 277 1285  997      15
1961072300 1 280 1285  997      15
1961072306 1 282 1283  997      15
1961072312 1 284 1282  997      15
1961072318 1 286 1279  997      15
1961072400 1 290 1275  997      15
1961072406 1 300 1271  996      15
1961072412 1 315 1265  996      15
1961072418 1 335 1263  996      15
1961072500 1 350 1270  997      15
1961072506 0 360 1278  997       0
1961072512 0 375 1291  997       0
66666 0000   59 0017 6113 3 6 Helen                              20110729
1961072218 0 115 1468 1008       0
1961072300 0 116 1459 1008       0
1961072306 0 120 1450 1006       0
1961072312 0 125 1440 1006       0
1961072318 0 130 1430 1006       0
1961072400 0 137 1420 1006       0
1961072406 0 142 1410 1006       0
1961072412 0 146 1400 1006       0
1961072418 0 149 1385 1006       0
1961072500 0 151 1370 1006       0
1961072506 0 154 1350 1004       0
1961072512 1 159 1334 1004      15
1961072518 1 165 1319 1004      15
1961072600 1 172 1310 1004      15
1961072606 1 180 1306 1002      15
1961072612 2 187 1305 1000      20
1961072618 2 195 1306 1000      20
1961072700 2 203 1310 1000      20
1961072706 3 210 1314  990      25
1961072712 3 215 1315  990      25
1961072718 3 220 1317  990      30
1961072800 4 226 1316  988      35
1961072806 4 231 1314  985      35
1961072812 4 236 1312  982      40
1961072818 5 240 1312  977      45
1961072900 5 245 1312  973      45
1961072906 5 251 1311  971      50
1961072912 5 259 1309  972      50
1961072918 5 267 1305  975      50
1961073000 5 276 1302  975      50
1961073006 5 282 1296  978      50
1961073012 5 283 1291  983      45
1961073018 4 281 1293  989      40
1961073100 4 280 1296  992      35
1961073106 4 280 1304  992      35
1961073112 4 285 1305  992      35
1961073118 3 288 1303  992      30
1961080100 3 292 1298  992      30
1961080106 3 295 1295  991      30
1961080112 3 301 1292  990      30
1961080118 3 307 1291  988      30
1961080200 3 317 1291  988      30
1961080206 3 330 1288  988      30
1961080212 3 345 1280  990      25
1961080218 2 352 1274  991      20
1961080300 2 359 1273  992      20
1961080306 2 370 1276  995      20
1961080312 2 378 1283  996      20
1961080318 2 386 1294  997      20
1961080400 2 391 1308  998      20
1961080406 1 394 1317  999      15
1961080412 9 397 1328 1000      15
1961080418 9 398 1338 1000       0
1961080500 9 399 1349 1000       0
1961080506 9 400 1360  998       0
1961080512 9 398 1370  998       0
1961080518 9 395 1377  997       0
1961080600 9 394 1384  997       0
1961080606 9 394 1390  995       0
66666 0000   22 0018 6114 2 6 Ida                                20110729
1961072606 0 196 1425 1004       0
1961072612 0 202 1426 1004       0
1961072618 0 209 1429 1004       0
1961072700 0 214 1432 1004       0
1961072706 1 218 1435 1004      15
1961072712 1 222 1438 1004      15
1961072718 1 225 1440 1002      15
1961072800 1 228 1442 1000      15
1961072806 3 232 1442  990      25
1961072812 3 235 1440  985      30
1961072818 3 237 1437  985      30
1961072900 4 238 1433  980      40
1961072906 5 242 1425  980      45
1961072912 4 248 1412  982      40
1961072918 4 258 1398  986      40
1961073000 4 268 1387  989      40
1961073006 4 282 1374  991      35
1961073012 3 294 1360  992      30
1961073018 3 303 1345  993      25
1961073100 3 309 1323  993      25
1961073106 2 312 1300  995      20
1961073112 2 317 1289  996      20
66666 0000   30 0019 6115 0 6 June                               20110729
1961080100 1 116 1340 1008      15
1961080106 3 119 1335 1000      25
1961080112 3 123 1330  998      25
1961080118 3 127 1326  995      25
1961080200 4 132 1321  993      35
1961080206 4 139 1316  993      40
1961080212 4 148 1308  993      40
1961080218 4 153 1299  994      40
1961080300 4 154 1292  994      40
1961080306 4 161 1285  997      35
1961080312 4 170 1280  998      35
1961080318 4 175 1272  996      35
1961080400 4 176 1265  994      35
1961080406 4 178 1258  993      40
1961080412 4 180 1253  993      40
1961080418 4 182 1249  993      40
1961080500 4 186 1243  992      40
1961080506 4 192 1237  988      40
1961080512 5 198 1230  980      45
1961080518 5 205 1224  977      45
1961080600 5 211 1221  974      45
1961080606 5 217 1218  963      50
1961080612 5 222 1217  960      50
1961080618 5 225 1216  970      45
1961080700 4 230 1215  980      35
1961080706 3 235 1213  985      30
1961080712 3 240 1211  990      25
1961080718 2 245 1200  995      20
1961080800 1 248 1187 1000      15
1961080806 0 250 1172 1000       9   12
66666 0000   20 0020 6116 0 6 (nameless)                         20110729
1961080600 0 100 1376 1008       0
1961080606 0 111 1371 1005       0
1961080612 0 118 1366 1005       0
1961080618 0 125 1360 1005       0
1961080700 0 130 1350 1005       0
1961080706 0 133 1340 1005       0
1961080712 0 134 1330 1005       0
1961080718 0 136 1320 1005       0
1961080800 1 139 1311 1000      12
1961080806 1 144 1301 1000      12
1961080812 1 148 1293 1000      12
1961080818 1 153 1283 1000      15
1961080900 1 160 1270 1000      15
1961080906 1 166 1256 1000      15
1961080912 1 175 1244 1000      15
1961080918 1 185 1230  999      15
1961081000 1 197 1218  999      15
1961081006 1 209 1216  998      15
1961081012 1 220 1220  998      15
1961081018 1 225 1225  998      15
66666 0000    6 0020 6116 2 6 (nameless)(-)1                     20110729
1961081006 0 234 1200  998       0
1961081012 1 244 1202  996      12
1961081018 1 265 1210  996      12
1961081100 1 288 1218  996      12
1961081106 1 314 1220  994      12
1961081112 0 340 1198  996       9
66666 0000   26 0021 6117 0 6 Kathy                              20110729
1961081300 0 138 1429 1005       0
1961081306 0 146 1431 1004       0
1961081312 0 153 1432 1003       0
1961081318 0 163 1432 1000       0
1961081400 1 170 1432 1000      15
1961081406 1 180 1430 1000      15
1961081412 1 190 1427 1000      15
1961081418 1 203 1425 1000      15
1961081500 1 220 1420 1000      15
1961081506 1 235 1411  996      15
1961081512 2 246 1400  996      20
1961081518 3 256 1389  996      25
1961081600 3 269 1379  995      30
1961081606 3 282 1371  993      30
1961081612 4 294 1358  991      35
1961081618 4 303 1346  991      35
1961081700 4 310 1337  989      40
1961081706 4 315 1329  988      40
1961081712 3 319 1322  990      25
1961081718 1 321 1316 1000      15
1961081800 0 322 1312 1005       0
1961081806 0 326 1305 1005       0
1961081812 0 329 1296 1007       0
1961081818 0 335 1295 1007       0
1961081900 0 341 1301 1007       0
1961081906 0 347 1320 1008       0
66666 0000   10 0022 0000 0 6 (nameless)                         20110729
1961081800 0 224 1308 1004       0
1961081806 0 230 1300 1002       0
1961081812 1 236 1294 1002      12
1961081818 1 250 1285 1004      12
1961081900 1 256 1267 1004      12
1961081906 1 257 1248 1004      12
1961081912 0 265 1237 1006      10
1961081918 0 278 1233 1006       0
1961082000 0 295 1236 1006       0
1961082006 0 310 1245 1007       0
66666 0000   15 0023 6119 1 6 (nameless)                         20110729
1961081806 0 170 1185 1002      10
1961081812 0 160 1170 1002      10
1961081818 0 162 1180 1000      10
1961081900 1 168 1169  998      15
1961081906 2 171 1160  995      20
1961081912 2 173 1148  995      20
1961081918 3 175 1135  992      25
1961082000 3 177 1119  994      25
1961082006 3 178 1106  994      25
1961082012 3 179 1096  994      25
1961082018 2 180 1085  996      20
1961082100 1 181 1074  997      15
1961082106 1 185 1055  998      15
1961082112 0 185 1035 1000      10
1961082118 0 185 1025 1002       0
66666 0000   39 0024 6120 0 6 Lorna                              20110729
1961081900 0 121 1336 1006       0
1961081906 1 128 1327 1001      15
1961081912 1 138 1319 1000      15
1961081918 1 147 1311 1000      15
1961082000 1 153 1305 1000      15
1961082006 2 157 1301  999      20
1961082012 2 161 1298  998      20
1961082018 3 164 1295  997      25
1961082100 3 168 1292  996      30
1961082106 4 171 1288  994      35
1961082112 4 167 1282  991      35
1961082118 4 164 1275  989      40
1961082200 4 167 1271  985      40
1961082206 5 171 1275  980      45
1961082212 5 168 1273  977      45
1961082218 5 170 1270  976      45
1961082300 5 174 1266  975      45
1961082306 5 177 1262  972      50
1961082312 5 183 1255  968      50
1961082318 6 189 1248  963      55
1961082400 6 196 1240  958      60
1961082406 6 204 1231  953      65
1961082412 6 214 1222  950      65
1961082418 6 222 1213  960      55
1961082500 5 228 1204  970      45
1961082506 4 233 1196  975      40
1961082512 4 239 1188  980      35
1961082518 3 244 1180  980      25
1961082600 1 248 1173  985      12   15
1961082606 0 251 1165  988       9   15
1961082612 0 254 1155  990       9   12
1961082618 0 256 1150  992       9
1961082700 0 258 1144  995       9
1961082706 0 262 1138  996       9
1961082712 0 265 1130  997       9
1961082718 0 263 1122 1000       9
1961082800 0 260 1117 1002       9
1961082806 0 253 1113 1002       9
1961082812 0 250 1105 1002       9
66666 0000   17 0025 0000 0 6 (nameless)                         20110729
1961082412 0 155 1513 1005       0
1961082418 0 153 1507 1005       0
1961082500 0 151 1499 1005       0
1961082506 1 151 1490 1003      12
1961082512 1 155 1482 1003      12
1961082518 1 161 1472 1003      12
1961082600 1 169 1459 1004      12
1961082606 0 168 1443 1004       0
1961082612 0 168 1427 1004       0
1961082618 0 174 1414 1004       0
1961082700 0 184 1402 1004       0
1961082706 0 196 1393 1004       0
1961082712 0 210 1388 1006       0
1961082718 0 227 1387 1006       0
1961082800 0 241 1390 1006       0
1961082806 0 252 1394 1006       0
1961082812 0 259 1399 1006       0
66666 0000   30 0026 0000 0 6 Marie                              20110729
1961082818 0 200 1554 1008       0
1961082900 0 210 1551 1006       0
1961082906 1 220 1548 1004      15
1961082912 1 230 1544 1002      15
1961082918 1 239 1541 1000      15
1961083000 1 249 1535 1000      15
1961083006 1 260 1530 1000      15
1961083012 1 266 1520 1000      15
1961083018 2 272 1508 1000      20
1961083100 2 273 1495 1000      20
1961083106 2 273 1484 1000      20
1961083112 2 272 1475  999      20
1961083118 3 270 1465  998      25
1961090100 3 268 1455  999      25
1961090106 2 267 1446 1000      20
1961090112 2 264 1437 1000      20
1961090118 1 262 1428 1000      15
1961090200 1 263 1418 1000      15
1961090206 1 265 1407 1000      15
1961090212 1 268 1395 1000      15
1961090218 1 271 1384 1000      15
1961090300 1 276 1373 1000      15
1961090306 1 285 1360 1000      15
1961090312 1 305 1346 1000      15
1961090318 1 330 1338 1000      15
1961090400 1 350 1342 1002      15
1961090406 0 375 1355 1002       0
1961090412 0 400 1375 1002       0
1961090418 0 418 1400 1004       0
1961090500 0 430 1440 1006       0
66666 0000   12 0027 0000 0 6 (nameless)                         20110729
1961082906 0 180 1170 1004      10
1961082912 1 184 1173 1002      12
1961082918 1 188 1176 1002      12
1961083000 1 192 1177 1002      12
1961083006 1 196 1178 1002      15
1961083012 1 201 1176 1002      15
1961083018 1 206 1170 1002      15
1961083100 2 212 1158 1000      20
1961083106 2 218 1148  995      20
1961083112 2 222 1137  995      20
1961083118 1 223 1127 1000      15
1961090100 0 225 1116 1000       9   12
66666 0000   29 0028 6121 0 6 Olga                               20110729
1961090400 0 150 1265 1007       0
1961090406 0 154 1260 1007       0
1961090412 0 158 1255 1007       0
1961090418 0 165 1254 1007       0
1961090500 0 171 1260 1007       0
1961090506 0 176 1266 1006       0
1961090512 0 180 1268 1006       0
1961090518 0 185 1268 1006       0
1961090600 0 190 1260 1006       0
1961090606 0 193 1250 1006       0
1961090612 0 195 1240 1005       0
1961090618 1 196 1229 1004      15
1961090700 1 199 1212 1000      15
1961090706 1 198 1195 1000      15
1961090712 2 197 1180 1000      20
1961090718 2 197 1170 1000      20
1961090800 3 199 1162  996      25
1961090806 3 202 1160  994      25
1961090812 3 204 1158  992      30
1961090818 3 208 1157  990      30
1961090900 3 213 1156  988      30
1961090906 4 217 1157  982      35
1961090912 4 223 1155  980      35
1961090918 4 228 1150  980      35
1961091000 1 232 1142  985      15   25
1961091006 1 235 1135  990      12   20
1961091012 0 239 1129  995       9   12
1961091018 0 240 1121 1000       9
1961091100 0 243 1106 1002       9
66666 0000   36 0029 6122 0 6 Pamela                             20110729
1961090500 0 180 1550 1008       0
1961090506 0 175 1535 1006       0
1961090512 0 168 1515 1005       0
1961090518 0 162 1494 1005       0
1961090600 0 157 1471 1005       0
1961090606 0 156 1450 1005       0
1961090612 0 158 1434 1005       0
1961090618 0 165 1421 1004       0
1961090700 0 174 1411 1004       0
1961090706 0 181 1401 1004       0
1961090712 0 185 1391 1004       0
1961090718 0 188 1382 1003       0
1961090800 0 191 1375 1003       0
1961090806 0 195 1369 1002       0
1961090812 0 198 1362 1002       0
1961090818 1 202 1358 1001      15
1961090900 1 206 1354 1001      15
1961090906 2 209 1351  995      20
1961090912 3 213 1348  990      25
1961090918 3 218 1342  980      30
1961091000 4 225 1334  972      40
1961091006 5 234 1319  967      45
1961091012 6 235 1304  953      55
1961091018 6 236 1289  937      60
1961091100 6 237 1274  918      70
1961091106 6 237 1259  909      85
1961091112 6 238 1243  920      80
1961091118 6 238 1225  935      65
1961091200 6 242 1203  950      55
1961091206 4 247 1187  970      40
1961091212 0 253 1168  985      10   20
1961091218 0 256 1155  997       9   20
1961091300 0 262 1150  998       9
1961091306 0 268 1151  999       9
1961091312 0 272 1154 1000       9
1961091318 0 274 1164 1001       9
66666 0000   46 0030 6123 1 6 Nancy                              20110729
1961090612 0  71 1730 1006       0
1961090618 0  74 1708 1006       0
1961090700 0  77 1686 1006       0
1961090706 0  79 1666 1004       0
1961090712 0  82 1647 1002       0
1961090718 1  84 1632 1000      15
1961090800 3  87 1616  990      25
1961090806 4  89 1600  980      40
1961090812 5  90 1583  975      50
1961090818 6  91 1566  970      60
1961090900 6  91 1550  963      70
1961090906 6  94 1533  943      85
1961090912 6  96 1516  937      85
1961090918 6  99 1501  934      90
1961091000 6 104 1484  929      95
1961091006 6 111 1467  920     100
1961091012 6 117 1452  914     100
1961091018 6 122 1440  910     100
1961091100 6 127 1427  905     100
1961091106 6 132 1414  901     100
1961091112 6 139 1401  896     100
1961091118 6 148 1387  892     100
1961091200 6 156 1373  888     100
1961091206 6 163 1361  890     100
1961091212 6 172 1347  890      95
1961091218 6 178 1335  890      90
1961091300 6 185 1323  890      90
1961091306 6 195 1313  894      85
1961091312 6 206 1305  896      85
1961091318 6 220 1301  901      80
1961091400 6 231 1294  906      80
1961091406 6 245 1287  909      75
1961091412 6 260 1285  912      70
1961091418 6 272 1287  915      70
1961091500 6 281 1291  918      65
1961091506 6 290 1299  920      60
1961091512 6 300 1308  920      60
1961091518 6 313 1322  920      60
1961091600 6 332 1339  925      55
1961091606 5 355 1359  940      45
1961091612 4 400 1390  960      35
1961091618 3 450 1415  960      30
1961091700 9 481 1431  962      25
1961091706 9 510 1460  965       0
1961091712 9 530 1490  962       0
1961091718 9 546 1520  952       0
66666 0000   19 0031 6124 1 6 Ruby                               20110729
1961092018 0 134 1297 1004       0
1961092100 0 132 1285 1004       0
1961092106 0 135 1272 1002       0
1961092112 0 138 1258 1000       0
1961092118 1 144 1239  999      15
1961092200 1 151 1216  999      15
1961092206 1 153 1200  999      15
1961092212 2 153 1185  998      20
1961092218 2 153 1165  998      20
1961092300 3 154 1145  996      25
1961092306 3 154 1127  989      30
1961092312 3 156 1110  992      25
1961092318 3 158 1100  992      25
1961092400 3 161 1091  992      25
1961092406 2 163 1083  992      20
1961092412 0 165 1075 1000      10
1961092418 0 169 1067 1002       9
1961092500 0 174 1056 1002       9
1961092506 0 180 1040 1006       9
66666 0000   35 0032 6125 0 6 Sally                              20110729
1961092112 0 110 1560 1006       0
1961092118 0 117 1544 1006       0
1961092200 0 123 1529 1006       0
1961092206 0 126 1513 1004       0
1961092212 0 126 1496 1004       0
1961092218 0 127 1480 1004       0
1961092300 0 130 1463 1004       0
1961092306 0 136 1446 1002       0
1961092312 0 142 1435 1002       0
1961092318 0 148 1425 1002       0
1961092400 0 155 1418 1002       0
1961092406 0 162 1408 1002       0
1961092412 0 167 1394 1000       0
1961092418 0 170 1380 1000       0
1961092500 1 175 1365  998      15
1961092506 1 180 1350  998      15
1961092512 1 186 1338  998      15
1961092518 1 192 1326  998      15
1961092600 2 200 1316  996      20
1961092606 3 206 1308  992      25
1961092612 3 210 1300  992      25
1961092618 3 213 1293  990      30
1961092700 4 215 1286  985      35
1961092706 4 218 1278  980      35
1961092712 4 220 1265  980      35
1961092718 4 221 1247  980      40
1961092800 4 222 1225  980      40
1961092806 4 224 1205  980      40
1961092812 4 226 1187  984      35
1961092818 4 226 1171  985      35
1961092900 3 226 1155  988      30
1961092906 2 225 1135  990      20
1961092912 1 221 1118  995      15
1961092918 0 215 1109  998      10
1961093000 0 211 1100 1000       9
66666 0000   53 0033 6126 1 6 Tilda                              20110729
1961092512 0 112 1613 1006       0
1961092518 0 120 1593 1004       0
1961092600 0 130 1575 1004       0
1961092606 1 145 1548 1002      15
1961092612 1 158 1520 1000      15
1961092618 2 167 1495  998      20
1961092700 2 175 1475  998      20
1961092706 3 183 1460  996      25
1961092712 3 189 1445  994      30
1961092718 3 193 1430  994      30
1961092800 4 195 1416  990      35
1961092806 4 196 1405  990      35
1961092812 4 196 1396  990      35
1961092818 4 195 1390  985      40
1961092900 5 195 1384  970      45
1961092906 5 199 1378  968      45
1961092912 5 205 1376  971      45
1961092918 5 212 1374  973      45
1961093000 5 220 1372  971      50
1961093006 5 230 1370  966      50
1961093012 5 239 1364  961      50
1961093018 6 244 1356  957      55
1961100100 6 246 1347  952      55
1961100106 6 248 1338  947      55
1961100112 6 250 1328  943      55
1961100118 6 252 1315  938      60
1961100200 6 253 1303  935      60
1961100206 6 256 1292  936      60
1961100212 6 258 1279  937      60
1961100218 6 262 1267  938      60
1961100300 6 266 1257  940      60
1961100306 6 272 1248  945      55
1961100312 6 281 1236  945      55
1961100318 5 287 1225  950      50
1961100400 4 289 1216  960      40
1961100406 3 295 1211  980      25   35
1961100412 2 302 1209  990      20   25
1961100418 1 309 1211  995      15   20
1961100500 1 315 1214  999      15
1961100506 1 319 1219  999      15
1961100512 9 328 1232  999      15
1961100518 9 342 1260  999      15
1961100600 9 363 1312  999      15
1961100606 9 380 1355  994       0
1961100612 9 420 1402  988       0
1961100618 9 440 1420  988       0
1961100700 9 470 1440  986       0
1961100706 9 490 1440  984       0
1961100712 9 510 1440  984       0
1961100718 9 520 1445  982       0
1961100800 9 530 1450  982       0
1961100806 9 540 1460  982       0
1961100812 9 548 1480  986       0
66666 0000   37 0034 6127 0 6 Violet                             20110729
1961100218 0 220 1519 1007       0
1961100300 0 213 1514 1007       0
1961100306 0 205 1509 1007       0
1961100312 0 200 1500 1007       0
1961100318 1 196 1486 1004      15
1961100400 1 193 1472 1002      15
1961100406 1 189 1464 1000      15
1961100412 1 182 1458 1000      15
1961100418 3 177 1453  992      25
1961100500 4 170 1450  987      35
1961100506 4 165 1446  980      40
1961100512 4 162 1441  975      40
1961100518 5 162 1438  970      45
1961100600 5 165 1435  965      50
1961100606 6 171 1432  950      60
1961100612 6 181 1427  932      75
1961100618 6 188 1421  914      85
1961100700 6 194 1414  901      95
1961100706 6 200 1409  895      95
1961100712 6 210 1400  898      95
1961100718 6 219 1393  902      90
1961100800 6 228 1387  908      85
1961100806 6 238 1380  915      80
1961100812 6 253 1372  919      80
1961100818 6 267 1368  923      75
1961100900 6 279 1367  930      70
1961100906 6 295 1370  940      65
1961100912 6 317 1377  952      55
1961100918 5 334 1389  964      45
1961101000 4 357 1405  975      40
1961101006 4 387 1422  985      35
1961101012 9 402 1450  990      30
1961101018 9 410 1465 1002      20
1961101100 9 419 1480 1004      15
1961101106 9 430 1487 1006      15
1961101112 9 447 1491 1006      15
1961101118 9 460 1497 1010      15
66666 0000    9 0035 0000 0 6 (nameless)                         20110729
1961100800 0 158 1160 1006       0
1961100806 0 160 1150 1005       0
1961100812 0 158 1144 1005       0
1961100818 0 155 1140 1005       0
1961100900 0 152 1139 1005       0
1961100906 0 148 1138 1003       0
1961100912 1 142 1135 1003      12
1961100918 1 138 1130 1002      15
1961101000 1 135 1113 1004      15
66666 0000   14 0036 6128 1 6 Wilda                              20110729
1961101006 1 146 1165 1000      12
1961101012 1 141 1169 1000      15
1961101018 1 136 1169 1000      15
1961101100 2 133 1168 1000      20
1961101106 2 132 1165  998      20
1961101112 2 133 1162  994      20
1961101118 3 136 1153  990      25
1961101200 3 136 1142  990      25
1961101206 3 136 1132  990      30
1961101212 3 138 1120  990      30
1961101218 3 142 1108  990      30
1961101300 2 144 1098 1000      20
1961101306 1 145 1087 1002      15
1961101312 0 148 1078 1004      10
66666 0000   11 0037 0000 2 6 (nameless)                         20110729
1961101200 0 245 1650 1002       0
1961101206 0 245 1640 1002       0
1961101212 0 245 1630 1002       0
1961101218 1 247 1617 1002      15
1961101300 1 254 1604 1000      15
1961101306 1 265 1594 1000      15
1961101312 1 280 1587 1000      15
1961101318 1 294 1581 1002      15
1961101400 0 308 1576 1004       0
1961101406 9 319 1571 1004       0
1961101412 9 335 1580 1004       0
66666 0000   10 0038 6129 1 6 Anita                              20110729
1961101800 0 123 1200 1007       0
1961101806 1 128 1185 1004      12
1961101812 1 130 1170 1004      12
1961101818 2 135 1155 1004      20
1961101900 2 143 1140 1004      20
1961101906 2 150 1115 1004      20
1961101912 2 153 1095 1004      20
1961101918 1 155 1085 1004      15
1961102000 1 155 1075 1004      15
1961102006 1 156 1065 1004      15
66666 0000   47 0039 0000 1 6 Billie                             20110729
1961101806 0  84 1593 1006       0
1961101812 0  89 1585 1006       0
1961101818 0  92 1574 1004       0
1961101900 0  93 1560 1004       0
1961101906 0  89 1543 1002       0
1961101912 0  87 1525 1002       0
1961101918 0  86 1508 1002       0
1961102000 0  87 1493 1002       0
1961102006 1  88 1484 1002      15
1961102012 1  90 1476 1000      15
1961102018 1  91 1472 1000      15
1961102100 1  92 1468 1000      15
1961102106 1  93 1465 1000      15
1961102112 1  94 1460 1000      15
1961102118 1  95 1456 1000      15
1961102200 1  96 1454 1000      15
1961102206 1  97 1449 1000      15
1961102212 1  98 1446 1000      15
1961102218 1  99 1443  998      15
1961102300 2 100 1440  994      20
1961102306 2 106 1434  994      20
1961102312 2 113 1428  994      20
1961102318 3 120 1423  990      25
1961102400 3 126 1418  990      25
1961102406 3 133 1414  988      30
1961102412 4 140 1412  986      35
1961102418 4 152 1413  985      35
1961102500 4 162 1415  983      35
1961102506 4 173 1419  982      35
1961102512 4 183 1422  977      35
1961102518 4 193 1424  974      35
1961102600 4 203 1425  975      35
1961102606 4 214 1429  974      35
1961102612 4 225 1431  971      35
1961102618 4 237 1430  970      35
1961102700 4 250 1428  970      35
1961102706 4 265 1436  970      40
1961102712 4 279 1447  970      40
1961102718 4 298 1448  975      35
1961102800 4 318 1445  975      35
1961102806 4 340 1460  975      35
1961102812 4 365 1472  975      35
1961102818 4 400 1485  975      35
1961102900 3 440 1500  975      30
1961102906 9 467 1514  975      30
1961102912 9 500 1540  972      30
1961102918 9 533 1570  972      30
66666 0000   23 0040 0000 0 6 Clara                              20110729
1961102618 1 180 1699 1002      15
1961102700 2 188 1700 1000      20
1961102706 2 190 1696 1000      20
1961102712 3 188 1692  995      25
1961102718 3 186 1687  990      30
1961102800 4 186 1678  985      40
1961102806 4 188 1668  985      40
1961102812 4 192 1658  985      40
1961102818 4 196 1648  990      35
1961102900 4 200 1637  992      35
1961102906 4 205 1625  994      35
1961102912 4 212 1609  994      35
1961102918 4 220 1593  994      35
1961103000 4 223 1580  994      35
1961103006 3 220 1569  998      25
1961103012 3 218 1555  998      25
1961103018 3 221 1539  998      25
1961103100 3 230 1522  998      25
1961103106 2 238 1510 1000      20
1961103112 2 248 1500 1000      20
1961103118 1 260 1490 1004      15
1961110100 1 280 1489 1006      15
1961110106 0 306 1502 1010       0
66666 0000   36 0041 0000 1 6 Dot                                20110729
1961110718 0 145 1511 1008       0
1961110800 1 148 1521 1000      15
1961110806 1 151 1527 1000      15
1961110812 3 156 1535  995      25
1961110818 4 165 1540  990      35
1961110900 5 173 1535  985      45
1961110906 5 175 1521  983      45
1961110912 5 176 1507  980      50
1961110918 6 177 1494  970      55
1961111000 6 178 1480  960      60
1961111006 6 179 1466  950      65
1961111012 6 179 1453  940      70
1961111018 6 180 1441  930      75
1961111100 6 180 1430  925      75
1961111106 6 182 1421  926      75
1961111112 6 187 1414  928      75
1961111118 6 192 1408  930      70
1961111200 6 196 1404  933      70
1961111206 6 200 1404  939      65
1961111212 6 205 1406  946      60
1961111218 6 209 1412  952      55
1961111300 5 215 1421  957      50
1961111306 5 226 1430  960      45
1961111312 5 233 1443  962      45
1961111318 5 239 1461  964      45
1961111400 5 247 1480  966      45
1961111406 5 256 1505  970      45
1961111412 4 265 1530  980      40
1961111418 4 275 1557  985      35
1961111500 3 286 1585  990      30
1961111506 3 301 1621 1000      25
1961111512 9 311 1650 1006      20
1961111518 9 322 1680 1010      15
1961111600 9 336 1711 1014       0
1961111606 9 350 1741 1012       0
1961111612 9 365 1776 1012       0
66666 0000   18 0042 0000 0 6 (nameless)                         20110729
1961112106 1 106 1263 1000      15
1961112112 1 114 1253 1002      15
1961112118 1 122 1244 1004      15
1961112200 1 130 1235 1004      15
1961112206 1 140 1226 1002      15
1961112212 1 147 1222 1004      15
1961112218 1 153 1218 1004      15
1961112300 1 159 1219 1004      15
1961112306 2 164 1224 1002      20
1961112312 2 167 1230 1002      20
1961112318 2 171 1236 1002      20
1961112400 2 174 1244 1000      20
1961112406 2 175 1250  998      20
1961112412 2 175 1256  998      20
1961112418 2 169 1254 1000      20
1961112500 1 163 1248 1006      15
1961112506 1 153 1243 1010      15
1961112512 1 140 1240 1012      15
66666 0000   37 0043 6130 0 6 Ellen                              20110729
1961120506 0  80 1370 1004       0
1961120512 0  82 1362 1004       0
1961120518 0  85 1355 1004       0
1961120600 0  89 1347 1004       0
1961120606 1  94 1339 1002      12
1961120612 1  99 1330 1002      12
1961120618 1 104 1319 1002      12
1961120700 1 110 1309 1000      15
1961120706 3 113 1300  995      25
1961120712 4 117 1292  985      35
1961120718 4 121 1283  975      40
1961120800 5 126 1273  966      50
1961120806 6 131 1266  961      55
1961120812 6 133 1259  956      60
1961120818 6 136 1252  950      65
1961120900 6 140 1245  944      70
1961120906 6 143 1240  943      70
1961120912 6 146 1238  947      65
1961120918 6 150 1238  951      60
1961121000 6 155 1239  955      60
1961121006 6 159 1242  955      60
1961121012 6 163 1243  953      65
1961121018 6 167 1245  952      65
1961121100 6 170 1246  949      70
1961121106 6 174 1249  949      70
1961121112 6 179 1252  957      60
1961121118 6 184 1255  966      55
1961121200 5 188 1260  974      45
1961121206 4 193 1264  981      40
1961121212 4 196 1266  989      35
1961121218 3 199 1268  998      25
1961121300 2 203 1270 1005      20
1961121306 2 206 1274 1005      20
1961121312 1 205 1282 1006      15
1961121318 1 200 1285 1006      15
1961121400 0 191 1281 1010       0
1961121406 0 180 1270 1010       0
