66666 0000   10 0001 0000 0 6 (nameless)                         20110729
1956011800 1 125 1154 1004      12
1956011806 1 135 1160 1004      12
1956011812 1 144 1166 1002      12
1956011818 1 152 1169 1002      15
1956011900 1 162 1169 1002      15
1956011906 1 173 1173 1002      15
1956011912 1 177 1178 1004      12
1956011918 1 180 1186 1006      12
1956012000 1 183 1195 1006      12
1956012006 0 185 1205 1008      10
66666 0000   47 0002 0000 0 6 Sarah                              20110729
1956032306 3  24 1503  998      25
1956032312 3  29 1495  995      25
1956032318 3  33 1488  992      30
1956032400 4  37 1478  988      35
1956032406 4  42 1467  986      35
1956032412 4  44 1457  985      35
1956032418 4  47 1448  984      40
1956032500 4  48 1441  984      40
1956032506 5  49 1438  983      45
1956032512 4  51 1433  987      40
1956032518 4  55 1425  991      40
1956032600 4  58 1419  995      35
1956032606 4  62 1413  995      35
1956032612 4  68 1409  996      35
1956032618 4  75 1406  998      35
1956032700 4  79 1402  996      35
1956032706 4  88 1395  987      40
1956032712 4  97 1382  987      40
1956032718 5 101 1376  987      45
1956032800 5 105 1371  987      45
1956032806 5 109 1361  985      45
1956032812 5 113 1351  982      45
1956032818 5 117 1342  978      50
1956032900 5 119 1334  975      50
1956032906 6 121 1325  974      55
1956032912 6 125 1313  973      60
1956032918 6 130 1300  971      60
1956033000 6 136 1286  970      60
1956033006 6 140 1273  979      55
1956033012 5 144 1263  983      50
1956033018 5 148 1254  986      45
1956033100 5 151 1249  987      45
1956033106 4 153 1249  988      40
1956033112 4 157 1249  993      40
1956033118 4 157 1249  995      35
1956040100 4 157 1249  998      35
1956040106 4 157 1249  996      35
1956040112 4 157 1253  996      35
1956040118 4 156 1260  996      35
1956040200 4 155 1268  996      35
1956040206 4 152 1276  995      35
1956040212 3 147 1284  998      30
1956040218 3 143 1292 1002      25
1956040300 2 139 1300 1004      20
1956040306 1 135 1307 1006      15
1956040312 1 132 1314 1006      15
1956040318 0 130 1320 1006       0
66666 0000   21 0003 0000 0 6 (nameless)                         20110729
1956041000 0 125 1194 1006       0
1956041006 0 132 1191 1006       0
1956041012 0 135 1187 1006       0
1956041018 0 138 1183 1006       0
1956041100 0 139 1178 1006       0
1956041106 1 139 1173 1004      12
1956041112 1 139 1168 1004      12
1956041118 1 139 1164 1002      15
1956041200 2 141 1161 1000      20
1956041206 2 144 1157  998      20
1956041212 2 147 1153  998      20
1956041218 2 148 1148 1000      20
1956041300 2 148 1140 1000      20
1956041306 1 146 1134 1002      15
1956041312 1 145 1129 1004      15
1956041318 1 146 1124 1006      15
1956041400 1 148 1119 1006      12
1956041406 1 149 1112 1006      12
1956041412 1 150 1106 1006      12
1956041418 0 150 1100 1008      10
1956041500 0 154 1093 1008      10
66666 0000   36 0004 0000 0 6 Thelma                             20110729
1956041600 1  58 1470 1004      15
1956041606 2  60 1458  999      20
1956041612 3  66 1445  997      25
1956041618 3  72 1433  996      30
1956041700 4  80 1419  994      35
1956041706 4  90 1407  989      40
1956041712 5  97 1394  984      45
1956041718 5 103 1380  979      50
1956041800 5 108 1367  975      50
1956041806 5 111 1357  969      50
1956041812 6 111 1348  961      55
1956041818 6 111 1341  953      60
1956041900 6 114 1332  946      65
1956041906 6 119 1321  939      70
1956041912 6 123 1311  938      70
1956041918 6 128 1301  937      70
1956042000 6 132 1290  936      70
1956042006 6 138 1276  935      75
1956042012 6 143 1260  938      75
1956042018 6 148 1247  941      70
1956042100 6 153 1235  944      65
1956042106 5 160 1226  952      50
1956042112 5 165 1214  964      45
1956042118 5 172 1203  970      45
1956042200 5 180 1193  975      45
1956042206 4 188 1188  980      40
1956042212 4 197 1190  985      40
1956042218 4 205 1194  985      40
1956042300 4 216 1203  990      35
1956042306 3 221 1215  992      30
1956042312 3 226 1229  994      30
1956042318 3 238 1240  995      25
1956042400 3 247 1247  995      25
1956042406 2 258 1255  995      20
1956042412 2 272 1264  995      20
1956042418 1 294 1280  998      15
66666 0000    8 0005 0000 1 6 (nameless)                         20110729
1956060418 0 187 1137 1000       9   12
1956060500 0 180 1135 1000       9   12
1956060506 0 177 1128  998       9   12
1956060512 0 176 1117  998       9   12
1956060518 0 176 1107  998       9   12
1956060600 0 179 1093  998       9   12
1956060606 1 187 1075  998      12
1956060612 0 198 1061 1000      10
66666 0000   21 0006 0000 0 6 (nameless)                         20110729
1956061600 0 200 1590 1008       0
1956061606 0 200 1576 1006       0
1956061612 0 200 1565 1006       0
1956061618 0 200 1558 1006       0
1956061700 1 200 1551 1004      15
1956061706 1 198 1545 1004      15
1956061712 1 197 1538 1004      15
1956061718 1 197 1532 1004      15
1956061800 1 198 1525 1004      15
1956061806 2 200 1520 1004      20
1956061812 2 202 1516 1002      20
1956061818 3 205 1513 1000      25
1956061900 3 208 1509 1000      25
1956061906 2 212 1504 1002      20
1956061912 1 215 1501 1004      15
1956061918 0 221 1498 1006       0
1956062000 0 225 1494 1008       0
1956062006 0 229 1491 1008       0
1956062012 0 232 1488 1008       0
1956062018 0 236 1484 1008       0
1956062100 0 240 1480 1008       0
66666 0000    9 0007 0000 0 6 (nameless)                         20110729
1956062806 0 180 1190 1003       0
1956062812 0 185 1184 1003       0
1956062818 0 190 1180 1003       0
1956062900 1 197 1180 1002      12
1956062906 1 209 1179 1002      12
1956062912 2 217 1169 1000      20
1956062918 2 221 1158 1000      20
1956063000 2 230 1152 1001      20
1956063006 0 238 1162 1005       9
66666 0000    9 0008 0000 0 6 (nameless)                         20110729
1956070300 0  74 1376 1008       0
1956070306 0  76 1371 1006       0
1956070312 0  80 1364 1004       0
1956070318 0  86 1355 1004       0
1956070400 0  94 1348 1002       0
1956070406 1 100 1340 1000      15
1956070412 1 111 1331 1000      15
1956070418 1 121 1325 1000      15
1956070500 0 131 1319 1006       0
66666 0000   17 0009 0000 1 6 Vera                               20110729
1956070500 2 120 1260 1000      20
1956070506 2 122 1251  998      20
1956070512 2 123 1241  998      20
1956070518 2 124 1231  998      20
1956070600 2 128 1220  998      20
1956070606 3 137 1208  996      25
1956070612 3 149 1187  996      25
1956070618 3 158 1169  992      30
1956070700 3 166 1155  988      30
1956070706 4 175 1138  980      35
1956070712 4 183 1124  975      35
1956070718 4 190 1110  975      35
1956070800 3 195 1091  982      25
1956070806 2 200 1075  990      20
1956070812 2 204 1064  995      20
1956070818 1 210 1050  997      12
1956070900 0 215 1030 1000       0
66666 0000    9 0010 0000 0 6 (nameless)                         20110729
1956072118 0 168 1173 1006       0
1956072200 0 178 1168 1006       0
1956072206 1 186 1164 1005      12
1956072212 1 194 1161 1005      12
1956072218 0 200 1158 1005       0
1956072300 0 206 1156 1005       0
1956072306 0 213 1160 1005       0
1956072312 0 217 1170 1005       0
1956072318 0 220 1180 1007       0
66666 0000   21 0011 0000 0 6 (nameless)                         20110729
1956072306 0 220 1345 1006       0
1956072312 0 220 1330 1006       0
1956072318 0 220 1317 1006       0
1956072400 0 218 1306 1006       0
1956072406 0 216 1298 1006       0
1956072412 0 214 1290 1006       0
1956072418 0 213 1281 1005       0
1956072500 0 212 1274 1005       0
1956072506 0 211 1263 1003       0
1956072512 1 210 1250 1002      15
1956072518 1 211 1235 1002      15
1956072600 1 220 1229 1002      15
1956072606 1 232 1228  999      15
1956072612 2 246 1225  999      20
1956072618 2 257 1215  999      20
1956072700 3 261 1208  994      25
1956072706 2 263 1202  994      20
1956072712 0 265 1193  994       9   20
1956072718 0 268 1184  996       9   12
1956072800 0 273 1174  996       9
1956072806 0 280 1163  996       9
66666 0000    4 0011 0000 0 6 (nameless)(-)1                     20110729
1956072612 2 217 1218 1001      20
1956072618 2 224 1223 1000      20
1956072700 1 232 1223  999      15
1956072706 1 239 1223  999      12
66666 0000   46 0012 0000 0 6 Wanda                              20110729
1956072418 0 132 1448 1008       0
1956072500 0 145 1454 1008       0
1956072506 0 154 1459 1005       0
1956072512 0 162 1462 1005       0
1956072518 0 170 1465 1002       0
1956072600 1 177 1465 1002      15
1956072606 1 185 1464 1002      15
1956072612 2 193 1461 1000      20
1956072618 2 198 1455 1000      20
1956072700 2 201 1447  997      20
1956072706 3 203 1437  995      25
1956072712 3 203 1428  991      30
1956072718 4 202 1421  985      35
1956072800 4 201 1412  979      40
1956072806 4 201 1403  972      40
1956072812 5 201 1393  963      50
1956072818 6 203 1383  953      60
1956072900 6 206 1375  943      65
1956072906 6 208 1365  934      65
1956072912 6 211 1354  929      70
1956072918 6 214 1343  922      75
1956073000 6 217 1332  918      75
1956073006 6 220 1321  905      90
1956073012 6 223 1308  906      90
1956073018 6 226 1294  911      85
1956073100 6 228 1283  915      80
1956073106 6 233 1273  917      75
1956073112 6 239 1265  920      70
1956073118 6 249 1258  921      70
1956080100 6 258 1250  921      70
1956080106 6 269 1240  921      70
1956080112 6 283 1227  921      65
1956080118 5 296 1212  935      50
1956080200 4 301 1199  951      35
1956080206 2 308 1184  969      20   25
1956080212 1 315 1173  975      15   25
1956080218 1 323 1164  975      12   20
1956080300 1 330 1155  978      12   15
1956080306 1 335 1151  979      12   15
1956080312 0 340 1146  980      10   15
1956080318 0 347 1141  991      10   12
1956080400 0 351 1136  993       9
1956080406 0 356 1132  995       9
1956080412 0 364 1118  999       9
1956080418 0 373 1103  999       9
1956080500 0 381 1091 1000       9
66666 0000   15 0013 0000 0 6 Amy                                20110729
1956080206 1 230 1460 1006      15
1956080212 1 223 1445 1008      15
1956080218 2 224 1423 1004      20
1956080300 3 227 1408  990      30
1956080306 4 226 1397  965      40
1956080312 4 226 1383  965      35
1956080318 4 234 1368  975      35
1956080400 3 242 1355  990      30
1956080406 3 247 1346  995      25
1956080412 2 253 1337 1000      20
1956080418 1 261 1329 1004      15
1956080500 1 270 1321 1007      15
1956080506 1 280 1320 1007      12
1956080512 0 286 1330 1007       0
1956080518 0 289 1340 1008       0
66666 0000   11 0014 0000 0 6 (nameless)                         20110729
1956080218 0  86 1430 1004       0
1956080300 0  91 1420 1004       0
1956080306 0  97 1410 1003       0
1956080312 0 105 1395 1003       0
1956080318 0 110 1380 1002       0
1956080400 0 115 1367 1002       0
1956080406 1 120 1358 1002      12
1956080412 1 122 1348 1002      12
1956080418 0 123 1339 1004       0
1956080500 0 123 1328 1006       0
1956080506 0 123 1314 1006       0
66666 0000   10 0015 0000 0 6 (nameless)                         20110729
1956080418 1 130 1150 1000      12
1956080500 1 145 1130 1000      12
1956080506 1 170 1115  998      12
1956080512 0 185 1110  998      10
1956080518 0 196 1104  998       9
1956080600 0 200 1100  998       9
1956080606 0 205 1089  999      10
1956080612 0 215 1079 1001      10
1956080618 0 225 1072 1001       9
1956080700 0 233 1068 1001       9
66666 0000   13 0016 0000 0 6 (nameless)                         20110729
1956080706 0  84 1368 1004       0
1956080712 0  90 1360 1004       0
1956080718 0  98 1352 1004       0
1956080800 0 102 1344 1004       0
1956080806 0 108 1334 1004       0
1956080812 1 112 1321 1004      15
1956080818 1 121 1304 1002      15
1956080900 2 134 1285 1002      20
1956080906 2 151 1266 1000      20
1956080912 2 158 1256 1000      20
1956080918 2 165 1244  998      20
1956081000 2 170 1232  998      20
1956081006 1 175 1219 1000      15
66666 0000   11 0017 0000 0 6 (nameless)                         20110729
1956081000 1 175 1195  999      12
1956081006 1 165 1183  999      12
1956081012 1 160 1166  996      15
1956081018 1 160 1148  995      15
1956081100 1 162 1130  995      15
1956081106 1 164 1118  992      15
1956081112 1 167 1107  992      15
1956081118 1 170 1100  992      15
1956081200 1 175 1090  991      15
1956081206 1 183 1078  994      12
1956081212 1 188 1061  996      12
66666 0000   35 0018 0000 3 6 Babs                               20110729
1956081006 0 160 1260 1002       0
1956081012 1 172 1264 1001      15
1956081018 1 183 1270 1001      15
1956081100 2 191 1275 1000      20
1956081106 2 200 1280 1000      20
1956081112 2 204 1280 1000      20
1956081118 2 207 1277 1000      20
1956081200 2 209 1273 1000      20
1956081206 3 210 1270  996      25
1956081212 3 210 1270  995      25
1956081218 3 211 1269  994      25
1956081300 3 212 1267  992      25
1956081306 3 212 1265  986      30
1956081312 3 213 1264  981      30
1956081318 4 214 1262  978      35
1956081400 4 214 1258  977      35
1956081406 4 218 1255  976      40
1956081412 4 228 1257  974      40
1956081418 4 238 1262  973      40
1956081500 5 246 1261  972      45
1956081506 5 249 1255  960      50
1956081512 5 256 1256  964      50
1956081518 5 275 1264  965      50
1956081600 5 290 1272  967      45
1956081606 5 307 1277  967      45
1956081612 5 320 1280  963      50
1956081618 5 332 1292  965      45
1956081700 5 345 1309  968      45
1956081706 4 362 1328  970      40
1956081712 4 377 1348  972      40
1956081718 4 384 1369  975      40
1956081800 9 393 1389  978      35
1956081806 9 404 1400  985      30
1956081812 9 411 1403  994      20
1956081818 9 415 1405  996      15
66666 0000   12 0019 0000 0 6 (nameless)                         20110729
1956081600 0 184 1075 1002       0
1956081606 0 185 1079 1001      10
1956081612 1 186 1083  996      15
1956081618 1 187 1087  996      12
1956081700 1 188 1091  998      12
1956081706 1 191 1094  998      12
1956081712 0 194 1093  998      10
1956081718 0 197 1090  998      10
1956081800 0 202 1085  999      10
1956081806 0 211 1085  999      10
1956081812 0 220 1087  999      10
1956081818 0 230 1090 1001       9   15
66666 0000   11 0020 0000 0 6 (nameless)                         20110729
1956082500 0 140 1165 1006       0
1956082506 0 150 1163 1004       0
1956082512 0 157 1159 1004       0
1956082518 0 162 1151 1004       0
1956082600 1 172 1141 1002      12
1956082606 1 185 1136 1002      12
1956082612 0 192 1130 1002      10
1956082618 0 197 1117 1002      10
1956082700 0 198 1102 1002      10
1956082706 0 202 1090 1002       0
1956082712 0 206 1078 1003       0
66666 0000   31 0021 0000 0 6 Charlotte                          20110729
1956082500 0 145 1430 1006       0
1956082506 1 145 1420 1004      15
1956082512 1 150 1410 1004      15
1956082518 1 156 1405 1004      15
1956082600 1 163 1398 1004      15
1956082606 2 174 1385 1000      20
1956082612 2 184 1371  997      20
1956082618 3 190 1354  994      25
1956082700 3 196 1336  990      30
1956082706 4 198 1320  985      35
1956082712 4 197 1304  979      40
1956082718 4 188 1289  975      40
1956082800 4 181 1277  975      40
1956082806 4 177 1263  975      40
1956082812 4 176 1243  975      40
1956082818 4 179 1225  980      40
1956082900 4 179 1202  980      40
1956082906 4 176 1185  980      40
1956082912 5 172 1170  975      45
1956082918 5 171 1153  970      50
1956083000 6 171 1139  960      55
1956083006 6 172 1125  960      55
1956083012 5 174 1114  960      50
1956083018 5 177 1104  965      45
1956083100 4 179 1097  970      40
1956083106 4 180 1090  975      40
1956083112 4 180 1081  980      35
1956083118 4 180 1069  980      35
1956090100 3 181 1055  985      25
1956090106 2 182 1040  990      20
1956090112 1 185 1025  996      15
66666 0000   34 0022 0000 3 6 Dinah                              20110729
1956082818 0 161 1320 1002       0
1956082900 0 170 1320 1002       0
1956082906 1 176 1316 1002      15
1956082912 1 183 1313 1002      15
1956082918 2 191 1312 1000      20
1956083000 2 196 1311 1000      20
1956083006 3 201 1313  998      25
1956083012 3 206 1315  996      25
1956083018 3 205 1319  996      25
1956083100 3 203 1317  992      30
1956083106 4 202 1303  990      35
1956083112 4 196 1292  989      35
1956083118 4 194 1286  988      35
1956090100 4 192 1280  986      35
1956090106 4 194 1273  980      40
1956090112 4 197 1267  977      40
1956090118 4 202 1263  977      40
1956090200 5 208 1258  976      45
1956090206 5 213 1250  970      45
1956090212 5 222 1245  970      45
1956090218 5 233 1234  970      45
1956090300 5 237 1221  970      45
1956090306 5 245 1211  970      45
1956090312 4 254 1203  972      40
1956090318 4 263 1192  979      35
1956090400 3 273 1187  986      25
1956090406 0 284 1183  990      10   25
1956090412 0 302 1179  992      10   20
1956090418 0 320 1180  991      10   20
1956090500 9 341 1197  990      20
1956090506 9 363 1230  988      20
1956090512 9 394 1259  988      20
1956090518 9 432 1283  985      10   20
1956090600 9 472 1315  985      10   20
66666 0000   40 0023 0000 0 6 Emma                               20110729
1956090118 0 255 1419 1004       0
1956090200 0 259 1425 1004       0
1956090206 1 254 1425 1002      15
1956090212 1 248 1423 1001      15
1956090218 2 245 1420 1000      20
1956090300 2 239 1416  996      20
1956090306 3 231 1413  994      25
1956090312 3 225 1408  992      30
1956090318 4 219 1401  985      35
1956090400 4 213 1390  984      40
1956090406 4 207 1377  981      40
1956090412 4 199 1363  978      40
1956090418 5 195 1353  972      45
1956090500 5 191 1347  963      50
1956090506 6 191 1340  955      55
1956090512 6 191 1335  955      55
1956090518 6 193 1331  955      55
1956090600 6 196 1329  950      60
1956090606 6 201 1326  940      65
1956090612 6 209 1321  943      65
1956090618 6 218 1317  947      65
1956090700 6 228 1311  946      65
1956090706 6 240 1302  944      70
1956090712 6 250 1290  940      70
1956090718 6 258 1280  939      70
1956090800 6 263 1273  934      70
1956090806 6 270 1270  930      70
1956090812 6 277 1268  933      70
1956090818 6 283 1269  936      70
1956090900 6 295 1272  940      65
1956090906 6 308 1273  943      65
1956090912 6 320 1278  948      60
1956090918 6 335 1286  951      55
1956091000 5 363 1307  956      50
1956091006 5 396 1327  964      45
1956091012 9 430 1349  960      40
1956091018 9 453 1372  975      30
1956091100 9 463 1390  985      20
1956091106 9 467 1402  994      15
1956091112 9 467 1414 1004      15
66666 0000   15 0024 0000 0 6 (nameless)                         20110729
1956091006 0 200 1275 1002       0
1956091012 0 195 1270 1003       0
1956091018 0 191 1262 1003       0
1956091100 0 190 1256 1004       0
1956091106 0 190 1250 1004       0
1956091112 0 191 1245 1003       0
1956091118 0 192 1238 1003       0
1956091200 1 194 1230 1002      12
1956091206 1 195 1224 1002      12
1956091212 1 197 1216 1002      12
1956091218 0 202 1205 1002       0
1956091300 0 206 1196 1002       0
1956091306 0 205 1184 1002       0
1956091312 0 202 1174 1002       0
1956091318 0 200 1164 1005       0
66666 0000   14 0025 0000 0 6 (nameless)                         20110729
1956091300 0 177 1163 1000       0
1956091306 0 180 1168 1002       0
1956091312 0 181 1175 1002       0
1956091318 0 175 1178 1002       0
1956091400 0 169 1172 1002      10
1956091406 1 163 1164 1000      12
1956091412 1 160 1157 1000      12
1956091418 1 162 1150  999      12
1956091500 1 167 1143 1000      12
1956091506 0 173 1138 1002      10
1956091512 0 177 1132 1002      10
1956091518 0 181 1123 1002      10
1956091600 0 185 1111 1003      10
1956091606 0 190 1103 1003       9
66666 0000   50 0026 0000 1 6 Freda                              20110729
1956091300 1 175 1313 1006      15
1956091306 2 183 1307 1000      20
1956091312 2 188 1302 1000      20
1956091318 3 193 1295  998      25
1956091400 3 197 1288  992      30
1956091406 4 200 1279  990      35
1956091412 4 207 1273  989      35
1956091418 4 215 1265  988      35
1956091500 4 224 1253  987      40
1956091506 4 229 1245  980      40
1956091512 5 233 1237  972      45
1956091518 5 237 1232  970      50
1956091600 5 241 1226  970      50
1956091606 4 246 1218  980      40
1956091612 3 243 1210  990      30
1956091618 3 240 1202  990      30
1956091700 3 240 1198  990      30
1956091706 3 241 1196  990      30
1956091712 3 241 1190  990      25
1956091718 3 242 1186  991      25
1956091800 3 242 1183  991      25
1956091806 3 243 1181  991      25
1956091812 3 244 1177  994      25
1956091818 2 248 1174  997      20
1956091900 0 253 1173  999      10   15
1956091906 0 258 1174  999       9   12
1956091912 0 266 1175 1002       9
1956091918 0 278 1178 1003       9
1956092000 0 292 1186 1003       9
1956092006 9 302 1196 1003      10
1956092012 9 310 1209 1004      10
1956092018 9 317 1218 1004      10
1956092100 9 321 1231 1004      10
1956092106 9 330 1249 1004      10
1956092112 9 339 1266 1004      10
1956092118 9 346 1285 1004      10
1956092200 9 358 1320 1005      10
1956092206 9 370 1370 1008      10
1956092212 9 370 1428 1006      12
1956092218 9 374 1480 1003      12
1956092300 9 390 1525 1002      15
1956092306 9 410 1570 1000      15
1956092312 9 420 1600  998      20
1956092318 9 427 1625  990      20
1956092400 9 430 1650  988      25
1956092406 9 434 1670  980      25
1956092412 9 440 1711  980      30
1956092418 9 465 1743  975      30
1956092500 9 490 1760  976      30
1956092506 9 507 1780  982      30
66666 0000   35 0027 0000 0 6 Gilda                              20110729
1956091706 1 120 1289 1000      15
1956091712 3 120 1281  995      25
1956091718 3 120 1273  992      30
1956091800 4 120 1266  988      35
1956091806 4 122 1258  982      40
1956091812 4 123 1253  987      35
1956091818 4 124 1248  990      35
1956091900 4 127 1244  992      35
1956091906 4 135 1240  987      35
1956091912 4 144 1240  983      40
1956091918 5 151 1240  978      45
1956092000 5 163 1239  974      50
1956092006 5 173 1237  972      50
1956092012 6 183 1233  963      55
1956092018 6 189 1230  950      60
1956092100 6 198 1224  940      65
1956092106 6 204 1220  937      70
1956092112 6 208 1216  937      75
1956092118 6 212 1213  942      70
1956092200 6 215 1211  945      60
1956092206 5 220 1208  965      45
1956092212 4 225 1204  980      35
1956092218 3 229 1198  985      30
1956092300 3 234 1193  985      30
1956092306 3 240 1190  985      25
1956092312 2 248 1188  992      20
1956092318 1 260 1184  996      15
1956092400 0 275 1180 1002       9   12
1956092406 9 288 1188 1002       9
1956092412 9 313 1208 1002      10
1956092418 9 323 1240 1002      10
1956092500 9 332 1270 1002      12
1956092506 9 340 1291 1001      12
1956092512 9 363 1330 1001      12
1956092518 9 380 1375 1000      12
66666 0000   36 0028 0000 2 6 Harriet                            20110729
1956091900 0 152 1423 1006       0
1956091906 0 150 1420 1004       0
1956091912 0 148 1415 1004       0
1956091918 0 147 1412 1004       0
1956092000 0 146 1407 1004       0
1956092006 1 146 1400 1004      15
1956092012 1 146 1393 1004      15
1956092018 1 146 1386 1004      15
1956092100 1 147 1379 1004      15
1956092106 1 149 1371 1002      15
1956092112 2 151 1364 1000      20
1956092118 2 155 1355  997      20
1956092200 3 157 1349  994      25
1956092206 3 160 1343  992      30
1956092212 3 161 1339  991      30
1956092218 3 162 1333  991      30
1956092300 4 165 1325  989      35
1956092306 4 176 1316  985      35
1956092312 4 184 1304  983      40
1956092318 4 191 1295  980      40
1956092400 4 201 1286  978      40
1956092406 4 209 1278  975      40
1956092412 4 220 1270  973      40
1956092418 5 231 1265  971      45
1956092500 5 240 1262  968      45
1956092506 5 250 1265  960      45
1956092512 5 260 1271  957      50
1956092518 5 268 1278  956      50
1956092600 5 278 1288  957      50
1956092606 5 290 1303  958      50
1956092612 5 303 1322  959      45
1956092618 5 320 1343  964      45
1956092700 4 337 1368  970      40
1956092706 9 357 1404  980      30
1956092712 9 385 1449  990      25
1956092718 9 408 1492  995      20
66666 0000   20 0029 0000 2 6 Ivy                                20110729
1956092218 0 255 1410 1010       0
1956092300 1 263 1413 1006      15
1956092306 2 269 1421 1003      20
1956092312 3 271 1436  999      25
1956092318 3 272 1452  994      25
1956092400 3 273 1467  990      30
1956092406 3 274 1484  990      30
1956092412 3 275 1500  990      30
1956092418 4 271 1515  988      35
1956092500 4 264 1517  988      35
1956092506 4 258 1508  987      35
1956092512 4 254 1499  985      40
1956092518 4 251 1485  985      40
1956092600 4 257 1469  985      40
1956092606 4 268 1456  988      35
1956092612 3 280 1445  993      30
1956092618 3 295 1439  998      25
1956092700 2 311 1435 1000      20
1956092706 2 330 1431 1003      20
1956092712 2 350 1432 1003      20
66666 0000   16 0030 0000 1 6 (nameless)                         20110729
1956092600 0 215 1170 1007       0
1956092606 0 200 1166 1005       0
1956092612 0 190 1160 1006       0
1956092618 0 182 1154 1007       0
1956092700 0 178 1148 1007       0
1956092706 0 178 1144 1006       0
1956092712 0 179 1141 1006       0
1956092718 0 181 1139 1006       0
1956092800 1 183 1135 1006      12
1956092806 1 186 1132 1005      15
1956092812 1 189 1129 1005      15
1956092818 1 192 1126 1005      15
1956092900 1 196 1122 1005      15
1956092906 1 197 1115 1005      15
1956092912 1 194 1102 1005      12
1956092918 0 186 1084 1006       0
66666 0000   46 0031 0000 0 6 Jean                               20110729
1956101400 0 105 1315 1008       0
1956101406 0 119 1318 1007       0
1956101412 0 130 1325 1006       0
1956101418 0 140 1336 1006       0
1956101500 1 150 1345 1006      15
1956101506 2 154 1345 1002      20
1956101512 2 159 1345 1002      20
1956101518 4 163 1345  990      35
1956101600 5 167 1344  975      50
1956101606 5 171 1342  975      50
1956101612 5 174 1339  973      50
1956101618 5 179 1335  970      50
1956101700 6 183 1331  969      55
1956101706 6 188 1326  967      55
1956101712 6 192 1321  965      55
1956101718 6 198 1315  961      55
1956101800 6 202 1305  960      55
1956101806 6 205 1295  962      55
1956101812 5 210 1287  964      50
1956101818 5 212 1295  965      50
1956101900 5 207 1304  966      45
1956101906 4 208 1294  968      40
1956101912 4 202 1280  968      40
1956101918 5 192 1272  963      45
1956102000 5 182 1262  954      50
1956102006 6 180 1253  943      60
1956102012 6 178 1243  940      60
1956102018 6 172 1230  949      60
1956102100 6 171 1217  959      55
1956102106 5 172 1203  969      50
1956102112 4 175 1191  979      40
1956102118 4 178 1182  985      35
1956102200 4 182 1174  985      35
1956102206 4 184 1167  980      40
1956102212 4 187 1160  978      40
1956102218 4 192 1152  977      40
1956102300 4 195 1144  977      40
1956102306 4 196 1143  975      40
1956102312 4 197 1143  975      40
1956102318 4 197 1142  974      40
1956102400 4 198 1141  974      40
1956102406 3 198 1139  980      30
1956102412 2 196 1137  990      20
1956102418 1 195 1135 1000      15
1956102500 1 193 1134 1002      15
1956102506 0 190 1132 1008       0
66666 0000   58 0032 0000 0 6 Karen_Lucille                       20110729
1956110900 0  82 1533 1005       0
1956110906 1  85 1531 1005      15
1956110912 1  88 1530 1005      15
1956110918 1  92 1526 1005      15
1956111000 1  95 1523 1004      15
1956111006 1  98 1519 1004      15
1956111012 1 102 1514 1004      15
1956111018 1 105 1508 1004      15
1956111100 1 107 1502 1003      15
1956111106 1 107 1492 1003      15
1956111112 1 108 1479 1003      15
1956111118 1 111 1464 1003      15
1956111200 1 116 1452 1003      15
1956111206 2 121 1443 1002      20
1956111212 3 127 1433 1001      25
1956111218 3 132 1420 1001      25
1956111300 3 137 1405 1001      25
1956111306 3 144 1388  995      30
1956111312 3 148 1365  994      30
1956111318 3 148 1343  993      30
1956111400 3 149 1319  991      30
1956111406 4 160 1295  988      35
1956111412 4 165 1273  986      40
1956111418 4 165 1254  984      40
1956111500 5 163 1242  979      45
1956111506 5 162 1231  975      45
1956111512 4 159 1219  981      40
1956111518 4 154 1210  986      35
1956111600 3 147 1202  991      30
1956111606 3 142 1195  994      25
1956111612 3 139 1189  992      25
1956111618 3 136 1183  991      25
1956111700 3 133 1178  990      25
1956111706 3 132 1174  988      30
1956111712 3 129 1172  988      30
1956111718 3 127 1169  992      30
1956111800 3 128 1165  995      25
1956111806 2 132 1163  999      20
1956111812 2 134 1161 1001      20
1956111818 2 137 1157 1003      20
1956111900 1 139 1154 1004      15
1956111906 1 142 1150 1006      15
1956111912 1 142 1146 1004      15
1956111918 1 142 1140 1002      15
1956112000 1 141 1134 1000      15
1956112006 1 143 1131 1002      15
1956112012 1 146 1132 1002      15
1956112018 1 146 1134 1004      15
1956112100 1 147 1137 1004      15
1956112106 1 147 1140 1004      15
1956112112 1 148 1144 1004      15
1956112118 1 146 1148 1005      15
1956112200 1 143 1149 1005      15
1956112206 1 138 1149 1005      15
1956112212 0 134 1148 1005       0
1956112218 0 127 1146 1005       0
1956112300 0 120 1145 1005       0
1956112306 0 112 1145 1005       0
66666 0000   13 0033 0000 0 6 (nameless)                         20110729
1956111900 0 167 1350 1008       0
1956111906 0 179 1341 1006       0
1956111912 0 186 1332 1006       0
1956111918 0 190 1322 1004       0
1956112000 0 193 1316 1004       0
1956112006 1 197 1310 1002      15
1956112012 1 199 1306 1002      15
1956112018 1 202 1303 1002      15
1956112100 1 206 1301 1003      15
1956112106 1 212 1298 1003      15
1956112112 1 217 1297 1005      12
1956112118 1 225 1310 1005      12
1956112200 1 230 1330 1008      12
66666 0000   13 0034 0000 0 6 Nadine                             20110729
1956112218 0 144 1290 1007       0
1956112300 0 146 1280 1007       0
1956112306 0 150 1270 1007       0
1956112312 1 157 1266 1005      15
1956112318 1 165 1263 1004      15
1956112400 3 172 1261 1000      25
1956112406 3 175 1265  998      30
1956112412 3 176 1272  995      30
1956112418 4 180 1277  990      35
1956112500 4 185 1274  990      35
1956112506 3 181 1271  995      30
1956112512 3 175 1268  998      25
1956112518 2 170 1266 1000      20
66666 0000   18 0035 0000 0 6 Olive                              20110729
1956112512 1 141 1308 1005      12
1956112518 2 142 1300 1000      20
1956112600 2 142 1292 1000      20
1956112606 3 142 1285  996      30
1956112612 4 141 1279  992      35
1956112618 4 139 1273  992      35
1956112700 4 138 1266  992      35
1956112706 4 139 1261  990      35
1956112712 4 139 1253  990      35
1956112718 4 142 1248  990      35
1956112800 4 144 1241  990      35
1956112806 4 145 1232  990      35
1956112812 4 150 1225  990      35
1956112818 4 156 1217  990      35
1956112900 3 160 1209  995      30
1956112906 3 161 1199  996      25
1956112912 2 159 1190 1000      20
1956112918 1 154 1181 1005      15
66666 0000   14 0036 0000 0 6 Polly                              20110729
1956120706 1 136 1280 1002      15
1956120712 2 143 1273 1002      20
1956120718 2 145 1266 1002      20
1956120800 2 145 1261 1002      20
1956120806 3 144 1257  995      30
1956120812 4 142 1253  988      35
1956120818 4 139 1248  988      35
1956120900 4 137 1243  985      40
1956120906 4 139 1237  980      40
1956120912 4 141 1231  985      35
1956120918 4 140 1224  990      35
1956121000 3 136 1216  995      30
1956121006 3 135 1209 1000      25
1956121012 1 133 1201 1005      15
66666 0000   24 0037 0000 0 6 (nameless)                         20110729
1956122606 0  99 1306 1005       0
1956122612 0 101 1304 1005       0
1956122618 0 105 1302 1005       0
1956122700 0 107 1297 1005       0
1956122706 0 111 1292 1005       0
1956122712 0 115 1284 1005       0
1956122718 0 118 1276 1005       0
1956122800 0 120 1271 1000       0
1956122806 0 122 1267 1000       0
1956122812 0 124 1264 1000       0
1956122818 0 125 1259 1000       0
1956122900 0 129 1257 1000       0
1956122906 1 135 1258 1000      12
1956122912 1 139 1260 1000      12
1956122918 1 141 1264 1000      12
1956123000 1 140 1268 1000      12
1956123006 1 135 1266 1000      12
1956123012 1 130 1260 1000      12
1956123018 1 128 1252 1000      12
1956123100 0 127 1244 1003       0
1956123106 0 129 1239 1003       0
1956123112 0 132 1233 1003       0
1956123118 0 136 1226 1005       0
1957010100 0 148 1218 1007       0
