66666 0000   13 0001 0000 0 6 (nameless)                         20110729
1966040312 1  62 1662 1003      12
1966040318 1  65 1661 1003      12
1966040400 1  72 1658 1003      15
1966040406 1  77 1650 1002      15
1966040412 1  79 1642 1002      15
1966040418 1  79 1625 1001      15
1966040500 1  83 1608 1000      15
1966040506 1  92 1589 1000      15
1966040512 1  99 1575 1001      15
1966040518 1 105 1559 1002      15
1966040600 1 107 1545 1003      15
1966040606 1 108 1530 1003      15
1966040612 1 109 1512 1004      12
66666 0000   39 0002 6601 0 6 Hester                             20110729
1966040606 1  89 1498 1002      15
1966040612 1  85 1490 1001      15
1966040618 2  83 1476 1000      20
1966040700 2  85 1465 1000      20
1966040706 2  94 1446  999      20
1966040712 2  94 1427  998      20
1966040718 2  97 1413  997      20
1966040800 2 100 1397  996      20
1966040806 3 103 1384  995      25
1966040812 3 107 1369  994      25
1966040818 3 108 1354  992      25
1966040900 3 115 1341  991      25
1966040906 3 124 1329  990      30
1966040912 3 134 1314  989      30
1966040918 3 137 1306  989      30
1966041000 4 140 1299  988      35
1966041006 4 146 1293  988      35
1966041012 4 150 1284  988      35
1966041018 4 153 1277  988      35
1966041100 4 156 1271  988      35
1966041106 4 160 1266  988      35
1966041112 4 165 1262  986      35
1966041118 4 170 1258  986      35
1966041200 4 175 1256  982      35
1966041206 4 178 1254  980      40
1966041212 4 181 1253  984      35
1966041218 4 185 1253  990      35
1966041300 3 190 1254  995      30
1966041306 3 194 1254  996      30
1966041312 3 197 1254  997      25
1966041318 3 200 1254  997      25
1966041400 3 203 1254  997      25
1966041406 3 208 1254  997      25
1966041412 2 214 1256  998      20
1966041418 2 220 1265  998      20
1966041500 1 235 1290 1002      15
1966041506 1 245 1313 1004      12
1966041512 0 252 1335 1007       0
1966041518 0 264 1365 1007       0
66666 0000   50 0003 6602 2 6 Irma                               20110729
1966051000 0  56 1390 1008       0
1966051006 0  61 1386 1008       0
1966051012 0  68 1380 1008       0
1966051018 0  75 1375 1008       0
1966051100 0  79 1371 1008       0
1966051106 1  81 1367 1004      15
1966051112 1  83 1361 1002      15
1966051118 1  86 1354 1000      15
1966051200 3  90 1344  998      25
1966051206 3  93 1337  992      30
1966051212 3  94 1332  991      30
1966051218 3  95 1326  991      30
1966051300 3  97 1319  996      30
1966051306 3  98 1310  999      25
1966051312 3  97 1304  998      25
1966051318 3  96 1300  997      25
1966051400 3  96 1295  992      25
1966051406 3 100 1289  987      30
1966051412 3 101 1284  983      30
1966051418 4 103 1279  978      35
1966051500 4 106 1274  975      40
1966051506 4 110 1266  974      40
1966051512 4 112 1259  973      40
1966051518 4 115 1250  973      40
1966051600 4 117 1244  973      40
1966051606 4 118 1239  972      40
1966051612 4 119 1234  972      40
1966051618 4 120 1229  972      40
1966051700 5 122 1224  971      45
1966051706 5 125 1219  972      45
1966051712 5 129 1213  973      45
1966051718 4 133 1208  974      35
1966051800 4 138 1201  975      35
1966051806 4 143 1196  977      35
1966051812 4 146 1194  978      35
1966051818 4 150 1193  979      35
1966051900 4 156 1195  981      35
1966051906 4 161 1198  983      35
1966051912 3 164 1200  985      30
1966051918 3 168 1201  988      30
1966052000 3 174 1201  990      30
1966052006 3 189 1200  990      30
1966052012 3 203 1209  995      25
1966052018 3 210 1225  995      25
1966052100 3 215 1239  995      25
1966052106 3 222 1254  995      25
1966052112 3 229 1269  992      25
1966052118 3 237 1285  992      25
1966052200 2 255 1303  994      20
1966052206 1 290 1340  994      15
66666 0000   55 0004 6603 1 6 Judy                               20110729
1966052200 0 130 1115 1005       9
1966052206 0 132 1123 1004       9   12
1966052212 0 134 1129 1004       9   12
1966052218 0 135 1135 1004       9   12
1966052300 0 137 1140 1001       9   12
1966052306 0 138 1145 1003       9   12
1966052312 0 137 1151 1003       9   12
1966052318 1 136 1155 1002      12
1966052400 1 135 1160 1002      12
1966052406 1 135 1163 1000      15
1966052412 1 136 1165 1000      15
1966052418 1 137 1167  998      15
1966052500 2 138 1169  998      20
1966052506 2 140 1172  998      20
1966052512 2 143 1174  998      20
1966052518 3 145 1175  994      25
1966052600 3 147 1178  992      25
1966052606 3 149 1182  991      30
1966052612 3 153 1186  989      30
1966052618 3 159 1184  987      30
1966052700 4 164 1180  985      35
1966052706 4 168 1176  982      35
1966052712 4 173 1173  980      35
1966052718 4 179 1170  978      35
1966052800 4 185 1167  974      35
1966052806 4 190 1164  971      40
1966052812 5 195 1162  972      45
1966052818 5 200 1160  976      45
1966052900 4 207 1164  980      40
1966052906 4 209 1169  980      40
1966052912 4 212 1174  984      35
1966052918 4 216 1179  986      35
1966053000 4 223 1184  981      35
1966053006 3 227 1193  983      30
1966053012 3 231 1206  988      25
1966053018 3 239 1225  988      25
1966053100 3 251 1244  990      25
1966053106 3 271 1265  992      25
1966053112 3 287 1285  994      25
1966053118 9 297 1303  996      25
1966060100 9 310 1330  996      25
1966060106 9 322 1360  996      25
1966060112 9 332 1400  998      20
1966060118 9 338 1440  998      15
1966060200 9 345 1480  996       0
1966060206 9 349 1515  996       0
1966060212 9 354 1545  996       0
1966060218 9 357 1572  996       0
1966060300 9 361 1600  996       0
1966060306 9 367 1635  996       0
1966060312 9 373 1670  996       0
1966060318 9 380 1700  996       0
1966060400 9 392 1730  996       0
1966060406 9 402 1761  996       0
1966060412 9 411 1793  996       0
66666 0000   40 0005 6604 3 6 Kit                                20110729
1966062000 0  87 1508 1006      10
1966062006 1  89 1497 1004      12
1966062012 1  91 1485 1004      12
1966062018 1  91 1474 1004      12
1966062100 1  91 1464 1004      12
1966062106 1  91 1450 1004      12
1966062112 1  91 1437 1004      12
1966062118 1  91 1422 1004      12
1966062200 1  92 1406 1002      12
1966062206 1  93 1393 1001      15
1966062212 1  95 1384 1000      15
1966062218 1 100 1376  999      15
1966062300 2 106 1368  998      20
1966062306 2 109 1361  996      20
1966062312 2 111 1356  996      20
1966062318 2 118 1349  996      20
1966062400 3 121 1339  995      30
1966062406 4 124 1330  989      35
1966062412 4 129 1325  983      35
1966062418 4 134 1320  978      35
1966062500 4 142 1315  970      40
1966062506 5 155 1310  958      50
1966062512 6 167 1308  940      60
1966062518 6 176 1307  923      75
1966062600 6 190 1307  895      85
1966062606 6 204 1309  886      90
1966062612 6 220 1313  896      90
1966062618 6 235 1320  907      85
1966062700 6 250 1325  925      75
1966062706 6 265 1335  942      60
1966062712 5 280 1347  950      50
1966062718 5 295 1355  958      50
1966062800 5 310 1370  963      45
1966062806 4 330 1390  966      40
1966062812 4 356 1412  971      35
1966062818 4 385 1430  972      35
1966062900 3 410 1454  973      30
1966062906 9 426 1480  974      25
1966062912 9 440 1495  978      25
1966062918 9 450 1505  980      25
66666 0000   25 0006 6605 0 6 Lola                               20110729
1966070806 0 110 1270 1005       0
1966070812 0 110 1285 1005       0
1966070818 0 112 1301 1005       0
1966070900 0 120 1309 1005       0
1966070906 1 125 1306 1005      12
1966070912 1 128 1300 1005      12
1966070918 1 131 1294 1005      12
1966071000 1 132 1286 1005      12
1966071006 1 134 1276 1005      12
1966071012 1 137 1264 1005      12
1966071018 1 144 1252 1002      15
1966071100 1 150 1240 1002      15
1966071106 1 159 1229 1002      15
1966071112 1 165 1214 1000      15
1966071118 1 171 1195 1000      15
1966071200 1 180 1185 1000      15
1966071206 1 190 1177 1000      15
1966071212 1 199 1170  998      15
1966071218 2 205 1162  996      20
1966071300 3 210 1155  993      25
1966071306 3 215 1148  990      25
1966071312 3 221 1141  986      30
1966071318 2 228 1132  990      20   30
1966071400 1 235 1123  996      15
1966071406 0 242 1111 1001      10
66666 0000   17 0007 6606 0 6 Mamie                              20110729
1966071406 0 160 1350 1006       0
1966071412 0 160 1330 1006       0
1966071418 0 163 1310 1006       0
1966071500 0 170 1293 1004       0
1966071506 1 176 1275 1003      15
1966071512 1 180 1255 1002      15
1966071518 2 182 1240 1002      20
1966071600 2 188 1225 1001      20
1966071606 2 198 1210  999      20
1966071612 3 204 1194  995      25
1966071618 3 208 1179  990      30
1966071700 4 210 1165  987      35
1966071706 3 212 1147  990      30
1966071712 2 217 1131  995      20
1966071718 1 222 1114 1000      15   20
1966071800 0 225 1097 1004       9
1966071806 0 235 1091 1006       9
66666 0000   14 0008 6607 0 6 Nina                               20110729
1966071618 0 196 1330 1006       0
1966071700 1 204 1320 1004      12
1966071706 1 207 1310 1003      15
1966071712 2 208 1295 1001      20
1966071718 3 216 1283  999      25
1966071800 3 222 1274  995      30
1966071806 4 227 1263  993      35
1966071812 3 228 1252  995      30
1966071818 3 228 1240  995      30
1966071900 3 235 1234  998      25
1966071906 3 241 1232 1000      25
1966071912 2 249 1229 1002      20
1966071918 2 258 1226 1002      20
1966072000 1 268 1224 1002      15
66666 0000   41 0009 0000 0 6 (nameless)                         20110729
1966072000 0 210 1560 1012       0
1966072006 0 209 1549 1012       0
1966072012 0 212 1538 1010       0
1966072018 0 216 1530 1008       0
1966072100 0 220 1522 1008       0
1966072106 0 223 1515 1008       0
1966072112 0 225 1508 1008       0
1966072118 0 226 1502 1008       0
1966072200 0 228 1495 1008       0
1966072206 0 230 1489 1008       0
1966072212 0 231 1482 1008       0
1966072218 0 232 1476 1008       0
1966072300 0 234 1470 1008       0
1966072306 0 237 1464 1008       0
1966072312 0 241 1459 1008       0
1966072318 0 245 1454 1008       0
1966072400 0 249 1449 1008       0
1966072406 0 253 1445 1008       0
1966072412 0 257 1441 1007       0
1966072418 0 262 1437 1007       0
1966072500 0 265 1432 1007       0
1966072506 1 268 1426 1005      15
1966072512 1 270 1417 1005      15
1966072518 1 270 1406 1005      15
1966072600 1 266 1395 1004      15
1966072606 1 260 1385 1002      15
1966072612 1 254 1368 1000      15
1966072618 1 253 1353 1002      15
1966072700 1 252 1340 1002      15
1966072706 1 251 1325 1003      15
1966072712 1 250 1311 1004      15
1966072718 1 248 1294 1004      15
1966072800 1 245 1280 1004      15
1966072806 1 242 1270 1002      15
1966072812 1 236 1257 1002      15
1966072818 1 230 1244 1002      15
1966072900 1 227 1230 1002      15
1966072906 0 235 1221 1002      10
1966072912 0 245 1213 1003      10
1966072918 0 253 1207 1004      10
1966073000 0 263 1203 1005      10
66666 0000   15 0010 0000 0 6 (nameless)                         20110729
1966072006 0  80 1330 1006       0
1966072012 0  92 1315 1006       0
1966072018 0 100 1300 1006       0
1966072100 0 104 1284 1006       0
1966072106 0 111 1271 1004       0
1966072112 0 120 1267 1004       0
1966072118 0 128 1269 1004       0
1966072200 1 136 1270 1004      12
1966072206 1 146 1268 1002      12
1966072212 1 155 1263 1002      12
1966072218 1 163 1257 1002      12
1966072300 1 170 1250 1002      12
1966072306 1 180 1240 1002      12
1966072312 0 185 1231 1004       0
1966072318 0 191 1221 1004       0
66666 0000   21 0011 6608 0 6 Ora                                20110729
1966072212 0 160 1150 1002       0
1966072218 1 154 1146 1000      12
1966072300 1 145 1144  998      15
1966072306 2 145 1153  995      20
1966072312 2 152 1153  994      20
1966072318 3 149 1146  993      25
1966072400 3 149 1138  991      25
1966072406 3 160 1140  988      30
1966072412 4 167 1135  984      35
1966072418 4 173 1128  981      35
1966072500 4 179 1122  980      35
1966072506 4 185 1117  978      40
1966072512 4 193 1113  977      40
1966072518 5 200 1110  970      45
1966072600 5 207 1104  970      45
1966072606 4 213 1097  974      35
1966072612 3 218 1089  978      30
1966072618 2 225 1080  983      20
1966072700 1 229 1071  988      12   20
1966072706 0 232 1061  990      10
1966072712 0 233 1054  995      10
66666 0000   18 0012 6609 1 6 Phyllis                            20110729
1966073000 0 120 1150 1002       0
1966073006 0 121 1144 1002       0
1966073012 0 125 1138 1000       0
1966073018 0 131 1136 1000       0
1966073100 0 136 1135  999      10   12
1966073106 0 150 1134  996      10   12
1966073112 0 155 1130  996      10   12
1966073118 1 158 1122  996      15
1966080100 1 160 1112  996      15
1966080106 2 168 1104  998      20
1966080112 2 177 1101  998      20
1966080118 1 188 1092  998      15
1966080200 2 189 1080  998      20
1966080206 2 191 1070 1000      20
1966080212 2 196 1064 1000      20
1966080218 1 201 1059 1000      15
1966080300 1 205 1054 1001      15
1966080306 0 207 1043 1002      10
66666 0000   41 0013 0000 1 6 Rita                               20110729
1966080200 0 150 1470 1007       0
1966080206 0 153 1462 1005       0
1966080212 0 158 1455 1005       0
1966080218 0 164 1449 1002       0
1966080300 1 172 1442 1000      12
1966080306 1 178 1439 1000      15
1966080312 1 187 1435  998      15
1966080318 1 195 1433  996      15
1966080400 2 205 1438  993      20
1966080406 3 214 1440  990      25
1966080412 3 222 1438  988      25
1966080418 3 229 1436  987      25
1966080500 4 238 1436  981      35
1966080506 4 248 1436  976      40
1966080512 4 260 1439  977      35
1966080518 4 270 1443  977      35
1966080600 4 278 1448  977      35
1966080606 4 290 1452  977      35
1966080612 4 302 1461  978      35
1966080618 3 306 1456  980      30
1966080700 3 312 1455  980      30
1966080706 3 316 1460  980      30
1966080712 3 323 1464  981      30
1966080718 3 329 1469  983      25
1966080800 3 334 1473  985      25
1966080806 3 339 1478  986      25
1966080812 3 344 1484  987      25
1966080818 3 349 1491  987      25
1966080900 3 354 1498  988      25
1966080906 3 360 1506  990      25
1966080912 3 368 1520  990      25
1966080918 3 374 1538  990      25
1966081000 3 379 1555  990      25
1966081006 3 381 1570  990      25
1966081012 3 385 1585  990      25
1966081018 9 386 1600  992      25
1966081100 9 390 1630  998      20
1966081106 9 392 1660 1000      15
1966081112 9 400 1700 1000      15
1966081118 9 409 1740 1000      15
1966081200 9 428 1789 1002      15
66666 0000   14 0014 0000 0 6 (nameless)                         20110729
1966080218 0 200 1630 1008       0
1966080300 0 230 1634 1006       0
1966080306 1 256 1650 1004      12
1966080312 1 280 1670 1004      12
1966080318 1 295 1680 1004      12
1966080400 1 310 1680 1004      12
1966080406 1 330 1670 1000      15
1966080412 2 340 1650  998      20
1966080418 3 345 1630  996      25
1966080500 3 355 1620  998      25
1966080506 2 370 1615  998      20
1966080512 2 385 1615 1000      20
1966080518 1 400 1620 1002      15
1966080600 1 420 1630 1002      12
66666 0000   30 0015 6610 0 6 Susan                              20110729
1966081100 0 162 1180 1003       0
1966081106 0 166 1174 1003       0
1966081112 1 170 1170 1002      12
1966081118 1 172 1165 1002      12
1966081200 1 171 1160 1001      15
1966081206 2 168 1157 1001      20
1966081212 2 165 1156  999      20
1966081218 2 166 1160  999      20
1966081300 4 170 1161  992      35
1966081306 4 174 1164  991      35
1966081312 4 175 1170  989      35
1966081318 4 178 1174  988      35
1966081400 4 182 1174  987      40
1966081406 4 188 1177  987      40
1966081412 4 190 1183  986      35
1966081418 4 192 1191  985      35
1966081500 3 195 1195  984      25
1966081506 3 202 1199  986      25
1966081512 3 210 1210  988      25
1966081518 3 216 1226  990      25
1966081600 2 228 1243  990      20
1966081606 2 242 1252  990      20
1966081612 1 256 1254  992      15
1966081618 1 265 1253  994      15
1966081700 1 273 1251  994      12
1966081706 1 281 1249  994      12
1966081712 0 291 1248  996       0
1966081718 0 300 1253  996       0
1966081800 0 304 1264  996       0
1966081806 0 306 1280  996       0
66666 0000   34 0016 6611 0 6 Tess                               20110729
1966081106 0 248 1340 1000       0
1966081112 0 250 1330 1000       0
1966081118 0 252 1320 1000       0
1966081200 1 256 1306 1000      12
1966081206 1 261 1295 1000      12
1966081212 1 264 1289 1000      12
1966081218 1 265 1285  996      15
1966081300 1 266 1281  996      15
1966081306 1 267 1277  993      15
1966081312 1 268 1273  993      15
1966081318 2 268 1269  990      20
1966081400 2 265 1266  989      20
1966081406 2 265 1270  989      20
1966081412 3 268 1267  985      30
1966081418 3 268 1261  981      30
1966081500 4 266 1254  977      40
1966081506 5 266 1250  975      45
1966081512 5 267 1246  974      45
1966081518 5 267 1237  973      45
1966081600 5 267 1230  973      45
1966081606 4 267 1221  975      40
1966081612 4 267 1210  975      35
1966081618 3 265 1201  975      30
1966081700 2 259 1193  985      20
1966081706 2 255 1189  990      20   20
1966081712 0 253 1186  995      10
1966081718 0 252 1182  995      10
1966081800 0 253 1177  995       9
1966081806 0 256 1174  995       9
1966081812 0 261 1172  995       9
1966081818 0 266 1175  995       9
1966081900 0 268 1182  995       9
1966081906 0 266 1187  995       9
1966081912 0 260 1188  995       9
66666 0000   19 0017 0000 0 6 Viola                              20110729
1966081800 0 181 1488 1008       0
1966081806 0 184 1484 1006       0
1966081812 1 189 1480 1004      12
1966081818 2 193 1477 1002      20
1966081900 3 197 1474  994      25
1966081906 3 203 1473  987      30
1966081912 3 210 1473  987      30
1966081918 3 219 1475  987      30
1966082000 4 226 1480  988      35
1966082006 4 240 1483  988      35
1966082012 4 256 1481  988      35
1966082018 5 269 1476  983      50
1966082100 6 284 1468  978      55
1966082106 5 300 1455  980      50
1966082112 4 316 1436  985      40
1966082118 4 327 1415  990      35
1966082200 3 337 1394  991      30
1966082206 2 353 1368  998      20
1966082212 1 370 1355 1000      15
66666 0000   46 0018 6612 0 6 Winnie                             20110729
1966081806 1 265 1319  998      12
1966081812 1 269 1317  998      12
1966081818 1 275 1315  997      12
1966081900 1 282 1310  997      12
1966081906 1 285 1302  997      12
1966081912 1 280 1290  997      12
1966081918 1 271 1291  996      15
1966082000 1 267 1300  996      15
1966082006 1 268 1307  992      15
1966082012 1 270 1310  992      15
1966082018 1 273 1310  988      15
1966082100 3 278 1306  985      25
1966082106 3 280 1299  984      25
1966082112 3 276 1301  983      25
1966082118 3 277 1310  983      25
1966082200 4 283 1320  975      35
1966082206 4 294 1324  973      35
1966082212 4 302 1325  973      35
1966082218 3 312 1320  975      30
1966082300 2 319 1305  985      20
1966082306 2 325 1299  987      20
1966082312 2 330 1291  990      20
1966082318 1 336 1284  990      15
1966082400 1 342 1276  992      15
1966082406 1 348 1266  992      15
1966082412 1 353 1258  994      15
1966082418 1 358 1252  994      15
1966082500 1 364 1245  994      15
1966082506 1 370 1239  994      15
1966082512 1 376 1235  998      15
1966082518 1 386 1231  998      15
1966082600 1 394 1229 1000      15
1966082606 1 410 1224 1002      12
1966082612 0 429 1222 1002      10
1966082618 9 450 1235 1002      12
1966082700 9 460 1252 1002      15
1966082706 9 465 1264 1002      15
1966082712 9 468 1276 1002      12
1966082718 9 470 1288 1002      12
1966082800 9 472 1310 1002       0
1966082806 9 471 1344 1002       0
1966082812 9 465 1370 1004       0
1966082818 9 460 1400 1004       0
1966082900 9 460 1426 1004       0
1966082906 9 460 1445 1006       0
1966082912 9 460 1450 1008       0
66666 0000   54 0019 6613 1 6 Betty                              20110729
1966082112 0 180 1690 1008       0
1966082118 0 183 1670 1006       0
1966082200 0 190 1648 1006       0
1966082206 0 198 1625 1006       0
1966082212 0 203 1596 1006       0
1966082218 0 210 1570 1006       0
1966082300 0 215 1550 1008       0
1966082306 0 217 1537 1004       0
1966082312 0 218 1523 1004       0
1966082318 0 219 1511 1004       0
1966082400 0 221 1498 1006       0
1966082406 0 230 1485 1006       0
1966082412 0 240 1471 1006       0
1966082418 0 250 1460 1006       0
1966082500 0 258 1448 1006       0
1966082506 0 270 1433 1006       0
1966082512 0 280 1426 1008       0
1966082518 0 288 1407 1008       0
1966082600 0 290 1390 1008       0
1966082606 0 287 1375 1008       0
1966082612 0 283 1367 1008       0
1966082618 0 280 1355 1008       0
1966082700 1 280 1340 1008      15
1966082706 1 280 1330 1008      15
1966082712 1 282 1318 1008      15
1966082718 1 285 1306 1006      15
1966082800 1 290 1295 1006      15
1966082806 1 293 1283 1006      15
1966082812 1 297 1277 1000      15
1966082818 2 303 1270  996      20
1966082900 2 311 1267  994      20
1966082906 3 317 1263  992      25
1966082912 3 323 1261  988      25
1966082918 3 330 1261  986      25
1966083000 3 337 1262  988      25
1966083006 3 343 1265  992      25
1966083012 2 348 1269  994      20
1966083018 1 354 1275  998      15
1966083100 1 360 1283 1000      15
1966083106 1 369 1296 1002      15
1966083112 1 380 1314 1002      12
1966083118 1 388 1330 1004      12
1966090100 9 396 1353 1007      12
1966090106 9 400 1385 1004      12
1966090112 9 406 1410 1000      15
1966090118 9 419 1440 1002      12
1966090200 9 431 1464 1004      12
1966090206 9 440 1490 1004      12
1966090212 9 451 1512 1004      12
1966090218 9 470 1540 1004      12
1966090300 9 490 1560 1004      12
1966090306 9 502 1588 1006      12
1966090312 9 526 1600 1006      12
1966090318 9 543 1628 1006      12
66666 0000   48 0020 6614 0 6 Alice                              20110729
1966082318 0 135 1435 1004       0
1966082400 0 144 1442 1004       0
1966082406 0 151 1445 1004       0
1966082412 0 161 1447 1004       0
1966082418 1 172 1446 1002      12
1966082500 2 182 1445 1000      20
1966082506 3 197 1445  995      25
1966082512 3 218 1445  988      25
1966082518 3 235 1445  987      25
1966082600 3 253 1444  986      25
1966082606 3 268 1442  986      25
1966082612 3 278 1442  986      25
1966082618 3 283 1445  986      25
1966082700 3 284 1451  986      25
1966082706 3 283 1456  982      25
1966082712 3 281 1459  982      25
1966082718 3 279 1460  981      25
1966082800 3 277 1459  981      30
1966082806 3 273 1457  979      30
1966082812 3 272 1452  974      30
1966082818 3 269 1447  969      30
1966082900 3 266 1439  967      30
1966082906 4 264 1429  969      35
1966082912 4 263 1419  971      35
1966082918 4 260 1409  973      35
1966083000 4 257 1398  973      35
1966083006 4 255 1386  969      40
1966083012 5 253 1375  963      45
1966083018 5 252 1365  955      50
1966083100 6 252 1355  944      55
1966083106 6 252 1343  938      60
1966083112 6 253 1331  937      60
1966083118 6 253 1321  937      60
1966090100 6 253 1310  941      55
1966090106 6 256 1298  941      55
1966090112 6 258 1287  941      55
1966090118 6 260 1275  941      55
1966090200 6 264 1263  941      55
1966090206 6 266 1251  941      55
1966090212 6 264 1240  946      55
1966090218 5 263 1227  951      50
1966090300 5 265 1214  960      50
1966090306 5 265 1198  965      45
1966090312 1 264 1185  990      12   20
1966090318 0 263 1173  998      10
1966090400 0 260 1163 1000       9
1966090406 0 256 1159 1000       9
1966090412 0 253 1157 1001       9
66666 0000   48 0021 6615 0 6 Cora                               20110729
1966082818 0 175 1470 1008       0
1966082900 0 165 1475 1008       0
1966082906 0 155 1472 1006       0
1966082912 0 144 1465 1006       0
1966082918 0 135 1455 1004       0
1966083000 0 129 1444 1004       0
1966083006 1 126 1434 1004      15
1966083012 1 125 1427 1004      15
1966083018 1 127 1420 1002      15
1966083100 2 133 1410  996      20
1966083106 3 139 1401  992      25
1966083112 3 146 1392  991      25
1966083118 3 154 1381  990      25
1966090100 4 164 1372  965      35
1966090106 5 175 1363  953      45
1966090112 5 185 1356  945      50
1966090118 5 196 1350  934      50
1966090200 6 205 1343  926      55
1966090206 6 212 1334  929      55
1966090212 6 219 1326  937      55
1966090218 6 225 1317  945      55
1966090300 6 230 1309  940      55
1966090306 6 234 1301  932      55
1966090312 6 237 1293  929      60
1966090318 6 238 1284  926      60
1966090400 6 238 1276  922      65
1966090406 6 238 1270  919      65
1966090412 6 240 1262  919      65
1966090418 6 244 1256  918      65
1966090500 6 247 1252  918      65
1966090506 6 249 1249  922      60
1966090512 6 251 1245  928      60
1966090518 5 254 1239  935      50
1966090600 5 256 1232  936      50
1966090606 5 260 1225  936      50
1966090612 5 262 1218  936      50
1966090618 5 265 1211  945      50
1966090700 4 270 1200  978      35
1966090706 0 279 1194  988       9   20
1966090712 0 296 1196  994       9   20
1966090718 0 308 1200  996      10   20
1966090800 0 317 1210  997      10   20
1966090806 2 333 1225  997      20
1966090812 2 352 1235  997      20
1966090818 2 365 1245  997      20
1966090900 2 370 1253  997      20
1966090906 1 369 1265  997      15
1966090912 0 368 1275 1000       0
66666 0000    9 0022 0000 0 6 (nameless)                         20110729
1966083100 0 120 1120 1005       0
1966083106 1 115 1125 1002      15
1966083112 1 120 1135 1002      15
1966083118 1 132 1142 1002      15
1966090100 1 140 1132 1002      15
1966090106 1 143 1123 1002      12
1966090112 0 153 1113 1002       0
1966090118 0 160 1107 1005       0
1966090200 0 167 1100 1005       0
66666 0000   34 0023 0000 0 6 (nameless)                         20110729
1966083118 0 180 1650 1010       0
1966090100 0 192 1647 1010       0
1966090106 0 206 1644 1008       0
1966090112 0 219 1640 1006       0
1966090118 0 228 1638 1006       0
1966090200 0 236 1635 1006       0
1966090206 1 240 1627 1004      12
1966090212 1 242 1618 1004      12
1966090218 1 244 1609 1004      12
1966090300 1 245 1601 1004      12
1966090306 1 248 1592 1002      12
1966090312 1 251 1585 1002      12
1966090318 1 257 1576 1000      12
1966090400 1 263 1569 1000      12
1966090406 1 268 1566  997      15
1966090412 1 270 1564  997      15
1966090418 1 274 1562 1000      15
1966090500 1 276 1560 1002      15
1966090506 1 280 1556 1002      15
1966090512 1 284 1549 1002      15
1966090518 1 288 1540 1000      15
1966090600 1 292 1534 1000      15
1966090606 1 297 1529 1000      15
1966090612 2 301 1523 1000      20
1966090618 2 305 1517 1000      20
1966090700 2 308 1509 1000      20
1966090706 1 308 1501 1002      15
1966090712 1 300 1500 1002      15
1966090718 1 294 1507 1002      15
1966090800 1 290 1515 1002      15
1966090806 1 290 1518 1004      15
1966090812 1 289 1520 1004      15
1966090818 1 288 1523 1004      15
1966090900 1 287 1525 1006      15
66666 0000   29 0024 6616 1 6 Doris                              20110729
1966090500 1 170 1395 1002      12
1966090506 1 176 1404 1002      12
1966090512 1 182 1412 1000      15
1966090518 1 190 1420 1000      15
1966090600 1 194 1412 1000      15
1966090606 1 193 1404  996      15
1966090612 2 192 1394  994      20
1966090618 2 203 1392  994      20
1966090700 2 217 1391  994      20
1966090706 3 233 1390  992      25
1966090712 3 249 1378  989      25
1966090718 3 256 1364  986      25
1966090800 3 263 1344  986      25
1966090806 3 276 1330  986      25
1966090812 3 290 1319  983      30
1966090818 3 303 1316  980      30
1966090900 3 318 1319  980      25
1966090906 2 334 1326  986      20
1966090912 2 350 1335  992      20
1966090918 2 370 1350  992      20
1966091000 2 395 1375  992      20
1966091006 1 412 1420  994      15
1966091012 9 435 1465  994      15
1966091018 9 458 1514  994       0
1966091100 9 470 1554  994       0
1966091106 9 480 1610  994       0
1966091112 9 478 1650  994       0
1966091118 9 472 1681  996       0
1966091200 9 470 1720  996       0
66666 0000   44 0025 6617 0 6 Elsie                              20110729
1966090818 0 156 1110 1002       0
1966090900 0 160 1114 1002       0
1966090906 0 165 1118 1002       0
1966090912 0 167 1125 1004       0
1966090918 0 180 1120 1004       0
1966091000 0 189 1123 1006       0
1966091006 0 188 1145 1005       0
1966091012 0 187 1165 1005       0
1966091018 1 185 1174 1005      12
1966091100 1 185 1180 1002      15
1966091106 1 185 1185 1000      15
1966091112 1 184 1190 1000      15
1966091118 2 178 1189  994      20
1966091200 3 176 1183  988      25
1966091206 3 176 1181  980      30
1966091212 3 177 1180  978      30
1966091218 3 179 1179  978      30
1966091300 4 181 1177  978      35
1966091306 4 185 1175  978      40
1966091312 4 187 1174  976      40
1966091318 4 192 1174  973      40
1966091400 4 198 1175  970      40
1966091406 5 202 1176  967      45
1966091412 5 206 1177  962      45
1966091418 5 210 1178  954      45
1966091500 5 214 1178  947      50
1966091506 6 216 1181  943      55
1966091512 5 218 1188  951      50
1966091518 5 221 1193  965      45
1966091600 4 223 1202  976      35
1966091606 4 227 1217  978      35
1966091612 4 235 1226  980      35
1966091618 4 241 1234  983      35
1966091700 4 251 1244  987      35
1966091706 4 263 1254  989      35
1966091712 4 267 1267  993      35
1966091718 3 276 1278  996      25
1966091800 2 288 1290  998      20
1966091806 2 303 1310 1000      20
1966091812 1 315 1330 1003      15
1966091818 9 335 1350 1004       0
1966091900 9 344 1372 1007       0
1966091906 9 348 1380 1008       0
1966091912 9 350 1390 1010       0
66666 0000   48 0026 0000 0 6 Flossie                            20110729
1966090906 0 160 1510 1008       0
1966090912 0 159 1495 1008       0
1966090918 0 159 1480 1008       0
1966091000 0 159 1470 1008       0
1966091006 0 160 1460 1006       0
1966091012 0 161 1450 1005       0
1966091018 0 164 1443 1004       0
1966091100 0 169 1435 1002       0
1966091106 0 175 1425 1002       0
1966091112 0 183 1422 1002       0
1966091118 1 190 1419 1002      15
1966091200 1 200 1415 1002      15
1966091206 1 210 1410 1002      15
1966091212 1 220 1405 1001      15
1966091218 1 226 1400 1000      15
1966091300 2 223 1390  998      20
1966091306 2 220 1384  996      20
1966091312 2 216 1384  994      20
1966091318 2 215 1390  994      20
1966091400 2 215 1400  994      20
1966091406 2 216 1410  994      20
1966091412 2 218 1420  992      20
1966091418 2 220 1430  992      20
1966091500 3 225 1437  994      25
1966091506 3 232 1442  986      25
1966091512 3 238 1447  982      25
1966091518 3 248 1455  977      25
1966091600 3 258 1459  973      30
1966091606 4 269 1461  970      35
1966091612 4 280 1465  967      35
1966091618 4 289 1469  964      40
1966091700 4 299 1473  968      40
1966091706 4 311 1481  980      35
1966091712 3 322 1494  988      30
1966091718 3 332 1505  991      30
1966091800 3 340 1518  992      25
1966091806 9 342 1533  998      20
1966091812 9 344 1558 1002      15
1966091818 9 340 1590 1006       0
1966091900 9 340 1610 1006       0
1966091906 9 340 1630 1006       0
1966091912 9 340 1649 1010       0
1966091918 9 340 1665 1010       0
1966092000 9 340 1681 1012       0
1966092006 9 340 1698 1012       0
1966092012 9 342 1716 1014       0
1966092018 9 346 1735 1014       0
1966092100 9 350 1756 1016       0
66666 0000   18 0027 0000 0 6 (nameless)                         20110729
1966091000 1 215 1330 1006      12
1966091006 1 210 1335 1003      15
1966091012 1 202 1334 1003      15
1966091018 1 204 1325 1002      15
1966091100 1 210 1320 1002      15
1966091106 1 219 1315 1002      15
1966091112 1 225 1310 1000      15
1966091118 1 229 1301 1000      15
1966091200 1 230 1290 1000      15
1966091206 1 222 1285 1000      15
1966091212 1 220 1270 1000      15
1966091218 1 225 1250 1000      12
1966091300 0 227 1225 1002       0
1966091306 0 225 1213 1002       0
1966091312 0 220 1220 1002       0
1966091318 0 217 1230 1002       0
1966091400 0 216 1239 1004       0
1966091406 0 215 1250 1006       0
66666 0000   28 0028 0000 1 6 Grace                              20110729
1966091018 0 166 1600 1008       0
1966091100 0 177 1574 1006       0
1966091106 0 179 1562 1005       0
1966091112 0 184 1548 1004       0
1966091118 0 188 1534 1004       0
1966091200 0 192 1521 1004       0
1966091206 0 197 1518 1004       0
1966091212 0 202 1514 1004       0
1966091218 0 208 1511 1004       0
1966091300 0 215 1510 1004       0
1966091306 1 220 1509 1000      15
1966091312 1 226 1508  998      15
1966091318 1 234 1508  994      15
1966091400 2 241 1507  990      20
1966091406 3 250 1506  988      30
1966091412 3 258 1505  985      30
1966091418 3 269 1506  982      30
1966091500 3 282 1519  978      30
1966091506 3 290 1524  976      30
1966091512 3 303 1530  975      30
1966091518 3 321 1550  973      30
1966091600 4 340 1569  972      40
1966091606 4 356 1597  972      40
1966091612 4 370 1628  972      40
1966091618 9 382 1660  975      30
1966091700 9 400 1705  980      30
1966091706 9 410 1750  985      25
1966091712 9 410 1800  985      25
66666 0000   51 0029 6618 0 6 Helen                              20110729
1966091600 0 148 1415 1005       0
1966091606 0 145 1410 1002       0
1966091612 1 143 1405 1002      15
1966091618 1 142 1400 1000      15
1966091700 1 142 1393 1000      15
1966091706 1 144 1383 1000      15
1966091712 1 149 1373 1000      15
1966091718 1 154 1360 1000      15
1966091800 1 161 1350 1000      15
1966091806 1 167 1343  998      15
1966091812 1 175 1336  998      15
1966091818 2 184 1330  994      20
1966091900 2 192 1322  994      20
1966091906 2 197 1313  994      20
1966091912 2 194 1305  994      20
1966091918 2 193 1298  994      20
1966092000 2 193 1291  994      20
1966092006 3 194 1286  993      25
1966092012 3 195 1280  993      25
1966092018 3 196 1274  992      25
1966092100 3 196 1267  991      25
1966092106 3 199 1263  991      25
1966092112 3 206 1261  991      25
1966092118 3 215 1263  990      25
1966092200 3 221 1268  989      25
1966092206 3 227 1270  987      25
1966092212 3 236 1274  983      25
1966092218 3 244 1277  979      30
1966092300 4 251 1279  977      40
1966092306 3 258 1283  979      30
1966092312 3 269 1290  981      25
1966092318 3 284 1293  981      25
1966092400 3 295 1295  982      25
1966092406 3 300 1300  984      25
1966092412 3 304 1308  985      25
1966092418 3 317 1320  985      25
1966092500 3 329 1331  988      25
1966092506 2 350 1355  992      20
1966092512 1 380 1371  996      15
1966092518 9 390 1380  996      15
1966092600 9 400 1385  996      20
1966092606 9 420 1390  996      20
1966092612 9 433 1390  996      20
1966092618 9 445 1390  994      20
1966092700 9 455 1400  990      25
1966092706 9 458 1408  990      20
1966092712 9 460 1420  992      15
1966092718 9 463 1435  992       0
1966092800 9 463 1450  998       0
1966092806 9 463 1464 1002       0
1966092812 9 463 1476 1004       0
66666 0000   34 0030 0000 0 6 Ida                                20110729
1966091800 0 133 1583 1008       0
1966091806 0 133 1576 1008       0
1966091812 0 133 1572 1008       0
1966091818 0 134 1566 1006       0
1966091900 0 135 1562 1006       0
1966091906 0 137 1556 1006       0
1966091912 0 138 1552 1006       0
1966091918 0 140 1546 1006       0
1966092000 0 142 1542 1006       0
1966092006 0 143 1536 1006       0
1966092012 0 145 1533 1004       0
1966092018 0 148 1527 1004       0
1966092100 0 150 1524 1004       0
1966092106 0 154 1519 1002       0
1966092112 0 158 1513 1002       0
1966092118 0 163 1506 1000       0
1966092200 1 169 1499 1000      15
1966092206 1 175 1490  998      15
1966092212 2 183 1474  984      20
1966092218 3 190 1456  978      25
1966092300 3 198 1437  975      30
1966092306 3 211 1420  973      30
1966092312 3 226 1405  970      30
1966092318 4 243 1392  967      35
1966092400 4 264 1384  961      40
1966092406 4 295 1378  961      40
1966092412 3 328 1378  975      30
1966092418 3 363 1390  985      25
1966092500 9 400 1426  998      20
1966092506 9 407 1460 1000      15
1966092512 9 410 1490 1002      15
1966092518 9 410 1515 1002      15
1966092600 9 410 1540 1002      15
1966092606 9 410 1560 1006       0
66666 0000   46 0031 0000 1 6 June                               20110729
1966091818 0 110 1600 1006       0
1966091900 0 108 1590 1006       0
1966091906 0 105 1580 1006       0
1966091912 0 102 1567 1006       0
1966091918 0 100 1554 1006       0
1966092000 0 100 1540 1006       0
1966092006 0 101 1528 1004       0
1966092012 0 102 1518 1004       0
1966092018 0 104 1505 1004       0
1966092100 0 107 1492 1004       0
1966092106 0 109 1480 1004       0
1966092112 0 110 1470 1004       0
1966092118 0 111 1458 1002       0
1966092200 1 112 1447 1000      15
1966092206 2 112 1440  998      20
1966092212 2 114 1434  997      20
1966092218 3 115 1428  995      25
1966092300 4 118 1426  991      35
1966092306 4 125 1425  989      40
1966092312 4 138 1423  992      35
1966092318 4 151 1421  997      35
1966092400 3 162 1417  999      30
1966092406 3 172 1409  997      25
1966092412 3 182 1399  993      25
1966092418 3 191 1386  990      25
1966092500 3 193 1376  987      30
1966092506 3 194 1372  985      30
1966092512 3 190 1372  984      30
1966092518 3 194 1377  983      30
1966092600 3 198 1382  983      30
1966092606 3 204 1389  983      30
1966092612 3 213 1397  984      30
1966092618 3 221 1405  982      30
1966092700 3 233 1411  980      30
1966092706 4 248 1420  978      40
1966092712 4 262 1431  977      40
1966092718 4 279 1440  976      40
1966092800 4 298 1452  975      40
1966092806 5 320 1472  970      50
1966092812 6 342 1501  969      55
1966092818 5 367 1528  974      50
1966092900 5 390 1555  977      45
1966092906 3 425 1595  980      30
1966092912 9 471 1642  982      25
1966092918 9 480 1700  982      25
1966093000 9 490 1760  982      25
66666 0000   21 0032 0000 1 6 (nameless)                         20110729
1966092000 0 190 1490 1010       0
1966092006 0 199 1476 1008       0
1966092012 0 210 1463 1008       0
1966092018 0 220 1451 1008       0
1966092100 0 231 1439 1007       0
1966092106 0 243 1428 1006       0
1966092112 0 258 1418 1006       0
1966092118 1 271 1409 1006      15
1966092200 1 286 1407 1004      15
1966092206 1 298 1410  998      15
1966092212 2 309 1415  996      20
1966092218 3 321 1424  994      25
1966092300 3 335 1435  992      25
1966092306 3 353 1450  992      30
1966092312 9 369 1471  990      30
1966092318 9 385 1515  996      25
1966092400 9 390 1560  998      20
1966092406 9 390 1600 1002      15
1966092412 9 399 1650 1002       0
1966092418 9 409 1700 1002       0
1966092500 9 415 1775  996       0
66666 0000   15 0033 0000 0 6 (nameless)                         20110729
1966092900 0 230 1386 1010       0
1966092906 0 231 1381 1008       0
1966092912 0 231 1374 1008       0
1966092918 0 231 1369 1008       0
1966093000 0 231 1360 1008       0
1966093006 0 234 1350 1008       0
1966093012 0 238 1343 1008       0
1966093018 0 244 1337 1008       0
1966100100 0 250 1332 1008       0
1966100106 0 257 1326 1008       0
1966100112 1 268 1325 1008      15
1966100118 2 282 1335 1006      20
1966100200 3 296 1346 1004      25
1966100206 1 304 1351 1008      12
1966100212 1 310 1356 1009      12
66666 0000   55 0034 0000 1 6 Kathy                              20110729
1966100618 0 131 1540 1008       0
1966100700 0 133 1534 1008       0
1966100706 0 140 1530 1008       0
1966100712 0 149 1526 1008       0
1966100718 0 160 1522 1006       0
1966100800 0 172 1513 1006       0
1966100806 1 180 1507 1004      15
1966100812 1 187 1506 1000      15
1966100818 2 193 1507  996      20
1966100900 3 197 1508  989      25
1966100906 3 200 1509  983      25
1966100912 3 198 1514  978      30
1966100918 4 196 1515  973      35
1966101000 4 193 1516  970      40
1966101006 4 192 1518  969      40
1966101012 4 191 1518  968      40
1966101018 4 189 1516  967      40
1966101100 4 191 1513  967      40
1966101106 4 193 1512  969      35
1966101112 4 195 1509  972      35
1966101118 4 197 1506  976      35
1966101200 4 201 1504  976      35
1966101206 4 204 1503  976      35
1966101212 4 207 1503  977      35
1966101218 4 211 1505  975      40
1966101300 4 215 1509  969      40
1966101306 4 220 1513  963      40
1966101312 4 226 1520  958      40
1966101318 5 232 1528  953      45
1966101400 5 242 1535  949      50
1966101406 5 252 1549  952      45
1966101412 4 259 1561  957      40
1966101418 4 269 1570  961      40
1966101500 4 276 1579  963      35
1966101506 4 283 1590  964      35
1966101512 4 290 1599  965      35
1966101518 4 292 1608  962      35
1966101600 4 293 1620  957      40
1966101606 4 297 1632  955      40
1966101612 4 302 1642  955      40
1966101618 4 305 1652  955      40
1966101700 4 308 1662  955      40
1966101706 4 312 1674  960      40
1966101712 4 316 1688  968      35
1966101718 4 324 1700  969      35
1966101800 4 333 1707  965      35
1966101806 4 345 1714  963      35
1966101812 4 352 1721  963      35
1966101818 4 364 1728  962      35
1966101900 4 376 1737  961      35
1966101906 4 390 1748  960      35
1966101912 4 405 1760  960      35
1966101918 4 419 1772  959      35
1966102000 4 435 1786  958      35
1966102006 4 450 1800  958      35
66666 0000   12 0035 0000 1 6 (nameless)                         20110729
1966102012 0  90 1150 1007       0
1966102018 1  93 1143 1006      12
1966102100 1  96 1136 1006      12
1966102106 1 104 1130 1003      12
1966102112 1 111 1124 1005      12
1966102118 1 116 1115 1005      12
1966102200 1 120 1106 1005      12
1966102206 1 124 1096 1005      12
1966102212 1 128 1086 1005      12
1966102218 0 131 1076 1006       9
1966102300 0 135 1065 1006       9
1966102306 0 138 1055 1006       9
66666 0000   37 0036 6619 0 6 Lorna                              20110729
1966102600 0  95 1373 1002       0
1966102606 0 100 1375 1002       0
1966102612 0 105 1377 1002       0
1966102618 0 111 1378 1002       0
1966102700 0 114 1378 1002       0
1966102706 0 117 1377 1002       0
1966102712 0 121 1376 1002       0
1966102718 0 125 1374 1000       0
1966102800 1 130 1371 1000      15
1966102806 1 138 1366 1000      15
1966102812 1 146 1357 1000      15
1966102818 1 152 1347 1000      15
1966102900 1 157 1334 1000      15
1966102906 2 158 1321  999      20
1966102912 3 157 1306  997      25
1966102918 3 155 1290  995      30
1966103000 4 158 1275  993      35
1966103006 4 164 1266  992      35
1966103012 4 165 1254  991      35
1966103018 4 166 1244  991      35
1966103100 4 170 1234  992      35
1966103106 4 174 1225  992      35
1966103112 3 177 1218  994      30
1966103118 3 180 1212  996      25
1966110100 3 184 1208  997      25
1966110106 3 187 1208  998      25
1966110112 3 188 1210 1001      25
1966110118 3 187 1212 1003      25
1966110200 3 185 1214 1003      25
1966110206 2 184 1216 1005      20
1966110212 1 182 1219 1006      15
1966110218 1 181 1224 1006      15
1966110300 1 181 1228 1007      15
1966110306 0 180 1234 1007       0
1966110312 0 180 1240 1008       0
1966110318 0 180 1250 1008       0
1966110400 0 180 1260 1010       0
66666 0000   22 0037 0000 0 6 (nameless)                         20110729
1966102818 0 100 1611 1005       0
1966102900 0 101 1600 1005       0
1966102906 0 103 1591 1004       0
1966102912 0 104 1582 1004       0
1966102918 0 105 1571 1002       0
1966103000 0 105 1562 1002       0
1966103006 0 105 1552 1002       0
1966103012 0 105 1542 1002       0
1966103018 0 105 1532 1002       0
1966103100 0 105 1522 1002       0
1966103106 0 106 1514 1001       0
1966103112 1 107 1506 1001      15
1966103118 2 108 1498  995      20
1966110100 2 117 1498  998      20
1966110106 2 128 1504  998      20
1966110112 2 139 1513  998      20
1966110118 1 151 1521  998      15
1966110200 1 164 1527  998      15
1966110206 1 175 1533  998      15
1966110212 1 187 1539  998      15
1966110218 0 197 1544 1000       0
1966110300 0 210 1550 1000       0
66666 0000   25 0038 0000 1 6 Marie                              20110729
1966102918 1 143 1679 1000      15
1966103000 2 148 1671  997      20
1966103006 3 151 1657  992      25
1966103012 3 153 1643  989      25
1966103018 3 156 1627  985      30
1966103100 4 162 1611  982      35
1966103106 4 168 1598  980      35
1966103112 4 176 1588  977      35
1966103118 4 186 1578  975      35
1966110100 4 197 1566  970      40
1966110106 4 205 1552  966      40
1966110112 4 212 1535  964      40
1966110118 4 217 1520  961      40
1966110200 5 226 1510  954      45
1966110206 5 235 1508  950      45
1966110212 5 245 1510  951      45
1966110218 5 257 1518  952      45
1966110300 5 265 1530  950      45
1966110306 5 277 1558  947      50
1966110312 5 293 1593  951      45
1966110318 4 313 1630  959      40
1966110400 4 340 1670  968      40
1966110406 9 367 1715  977      35
1966110412 9 403 1760  980      30
1966110418 9 440 1800  986      25
66666 0000   13 0039 0000 0 6 (nameless)                         20110729
1966110900 0 176 1196 1008       0
1966110906 0 174 1192 1008       0
1966110912 0 167 1188 1007       0
1966110918 0 160 1182 1008       0
1966111000 0 156 1169 1008       0
1966111006 0 153 1155 1006       0
1966111012 1 153 1140 1004      12
1966111018 0 146 1129 1004      10
1966111100 0 135 1122 1004      10
1966111106 0 125 1116 1004      10
1966111112 0 112 1111 1005       0
1966111118 0  98 1104 1006       0
1966111200 0  88 1089 1006       0
66666 0000   37 0040 6620 0 6 Nancy                              20110729
1966111700 0  90 1380 1008       0
1966111706 0  96 1371 1004       0
1966111712 0 100 1360 1004       0
1966111718 0 105 1350 1004       0
1966111800 0 108 1339 1004       0
1966111806 0 112 1325 1000       0
1966111812 1 116 1310 1000      15
1966111818 2 119 1292 1000      20
1966111900 3 124 1276  990      25
1966111906 3 127 1261  984      30
1966111912 3 133 1249  977      30
1966111918 3 137 1240  978      30
1966112000 3 141 1230  980      30
1966112006 3 145 1222  981      30
1966112012 3 150 1216  983      30
1966112018 3 155 1209  984      30
1966112100 3 157 1203  986      30
1966112106 3 156 1199  988      30
1966112112 3 150 1194  989      30
1966112118 3 145 1190  991      25
1966112200 3 142 1185  992      25
1966112206 3 140 1181  993      25
1966112212 3 138 1175  993      25
1966112218 3 136 1169  994      25
1966112300 3 136 1163  994      25
1966112306 3 136 1157  991      30
1966112312 3 136 1151  992      30
1966112318 3 137 1145  996      25
1966112400 3 138 1140  996      25
1966112406 2 139 1138  996      20
1966112412 1 141 1136  997      15
1966112418 1 141 1132  999      15
1966112500 1 139 1129 1002      15
1966112506 1 137 1124 1003      15
1966112512 1 136 1119 1004      15
1966112518 1 135 1113 1004      15
1966112600 0 133 1106 1008       0
66666 0000   19 0041 0000 0 6 Olga                               20110729
1966112100 0  80 1400 1008       0
1966112106 0  90 1385 1007       0
1966112112 0  96 1370 1007       0
1966112118 0 102 1355 1006       0
1966112200 0 108 1338 1006       0
1966112206 1 115 1324 1005      15
1966112212 1 126 1312 1003      15
1966112218 1 136 1300 1001      15
1966112300 1 147 1286  999      15
1966112306 2 155 1274  994      20
1966112312 2 161 1262  995      20
1966112318 3 166 1250  998      25
1966112400 3 172 1236 1001      25
1966112406 3 185 1226 1001      25
1966112412 2 191 1210 1002      20
1966112418 2 189 1201 1002      20
1966112500 1 191 1197 1003      15
1966112506 0 193 1190 1005       0
1966112512 0 185 1185 1008       0
66666 0000   19 0042 0000 0 6 (nameless)                         20110729
1966112700 0 125 1300 1008       0
1966112706 1 126 1280 1007      12
1966112712 1 130 1260 1007      12
1966112718 1 136 1243 1007      12
1966112800 1 147 1230 1007      12
1966112806 1 160 1222 1004      12
1966112812 1 168 1211 1004      12
1966112818 1 164 1202 1004      12
1966112900 1 161 1193 1004      12
1966112906 1 156 1186 1004      15
1966112912 1 151 1181 1004      15
1966112918 1 145 1180 1004      15
1966113000 1 135 1181 1005      15
1966113006 1 127 1182 1005      15
1966113012 1 120 1182 1005      15
1966113018 0 115 1179 1006       0
1966120100 0 108 1173 1007       0
1966120106 0 101 1166 1007       0
1966120112 0  94 1157 1008       0
66666 0000   19 0043 0000 0 6 (nameless)                         20110729
1966121500 0  90 1490 1006       0
1966121506 0  90 1467 1006       0
1966121512 0  90 1445 1006       0
1966121518 0  90 1426 1004       0
1966121600 0  90 1412 1004       0
1966121606 0  91 1398 1004       0
1966121612 0  92 1388 1004       0
1966121618 0  93 1376 1004       0
1966121700 0  92 1361 1002       0
1966121706 0  90 1346 1002       0
1966121712 0  87 1333 1002       0
1966121718 0  84 1320 1002       0
1966121800 0  79 1306 1002       0
1966121806 1  74 1294  999      15
1966121812 1  70 1280  999      15
1966121818 1  74 1265 1000      15
1966121900 1  87 1259 1004      15
1966121906 1 100 1250 1006      15
1966121912 0 102 1234 1006       0
66666 0000   29 0044 0000 0 6 Pamela                             20110729
1966122406 0  70 1390 1004       0
1966122412 0  75 1375 1004       0
1966122418 0  80 1360 1004       0
1966122500 0  88 1342 1004       0
1966122506 1  94 1323 1002      15
1966122512 2 100 1305 1002      20
1966122518 3 105 1290  992      25
1966122600 4 110 1278  980      35
1966122606 5 115 1269  970      45
1966122612 5 118 1258  968      50
1966122618 5 123 1250  969      45
1966122700 4 121 1242  970      40
1966122706 4 122 1231  971      40
1966122712 4 127 1222  982      35
1966122718 3 128 1215  992      30
1966122800 3 126 1207  992      30
1966122806 3 124 1202  997      25
1966122812 3 124 1197 1000      25
1966122818 3 125 1191 1001      25
1966122900 3 125 1183 1002      25
1966122906 3 126 1176 1002      25
1966122912 3 127 1169 1002      25
1966122918 2 128 1160 1003      20
1966123000 2 128 1151 1004      20
1966123006 2 128 1145 1004      20
1966123012 2 126 1139 1006      20
1966123018 1 123 1132 1008      15
1966123100 0 120 1125 1008       0
1966123106 0 115 1115 1008       0
