66666 0000   35 0001 7201 0 6 Kit                                20110729
1972010400 0  99 1420 1006       0
1972010406 1  97 1410 1002      15
1972010412 1  95 1400 1000      15
1972010418 1  96 1387 1000      15
1972010500 1  97 1374 1000      15
1972010506 1  98 1362 1000      15
1972010512 1 100 1350  996      15
1972010518 1 101 1339  996      15
1972010600 2 103 1328  990      20
1972010606 2 107 1320  985      20
1972010612 3 111 1309  980      25
1972010618 3 113 1296  960      30
1972010700 5 115 1283  942      50
1972010706 5 116 1272  933      50
1972010712 5 114 1261  958      50
1972010718 4 109 1254  970      40
1972010800 4 107 1248  980      35
1972010806 4 109 1244  980      35
1972010812 3 108 1237  990      30
1972010818 2 108 1223  995      20
1972010900 1 120 1217  996      15
1972010906 1 132 1228  996      15
1972010912 1 143 1240  998      15
1972010918 1 152 1247 1000      15
1972011000 1 159 1253 1002      15
1972011006 1 162 1260 1002      15
1972011012 1 163 1271 1004      12
1972011018 1 161 1281 1004      12
1972011100 1 159 1291 1004      12
1972011106 1 155 1300 1000      15
1972011112 1 153 1308 1000      15
1972011118 1 150 1314 1000      15
1972011200 1 147 1320 1000      15
1972011206 1 143 1326 1000      15
1972011212 1 138 1331 1000      15
66666 0000   18 0002 0000 0 6 (nameless)                         20110729
1972022806 0  78 1331 1002      10
1972022812 0  82 1320 1002      10
1972022818 0  86 1315 1002      10
1972022900 1  92 1312 1002      12
1972022906 1 102 1321 1002      12
1972022912 1 115 1333 1002      12
1972022918 1 128 1351 1002      12
1972030100 1 138 1364 1002      15
1972030106 1 143 1374 1002      15
1972030112 1 144 1384 1002      15
1972030118 1 141 1391 1002      12
1972030200 1 137 1393 1004      12
1972030206 1 132 1389 1004      12
1972030212 1 137 1387 1006      12
1972030218 1 145 1390 1006      12
1972030300 1 154 1397 1007      12
1972030306 1 162 1412 1007      12
1972030312 1 172 1432 1008      12
66666 0000   30 0003 0000 0 6 (nameless)                         20110729
1972033100 1  42 1595 1000      15
1972033106 1  44 1587 1000      15
1972033112 1  47 1581 1000      15
1972033118 1  49 1575 1000      15
1972040100 1  52 1570 1000      15
1972040106 1  56 1566 1000      15
1972040112 1  61 1562 1002      12
1972040118 1  65 1561 1002      12
1972040200 0  70 1560 1004      10
1972040206 0  73 1566 1004      10
1972040212 0  75 1571 1004      10
1972040218 0  76 1578 1004       0
1972040300 0  77 1583 1004       0
1972040306 0  78 1588 1004       0
1972040312 0  79 1593 1004       0
1972040318 0  80 1598 1006       0
1972040400 0  81 1603 1006       0
1972040406 0  82 1608 1006       0
1972040412 0  83 1612 1006       0
1972040418 0  84 1617 1006       0
1972040500 0  85 1623 1006       0
1972040506 0  86 1627 1006       0
1972040512 0  87 1631 1006       0
1972040518 0  88 1635 1006       0
1972040600 0  90 1640 1008       0
1972040606 0  92 1646 1008       0
1972040612 0  95 1652 1008       0
1972040618 0  98 1656 1008       0
1972040700 0 100 1660 1008       0
1972040706 0 101 1664 1008       0
66666 0000   37 0004 0000 1 6 Lola                               20110729
1972052912 1  81 1610 1000      15
1972052918 1  81 1606 1000      15
1972053000 2  82 1602  996      20
1972053006 2  84 1597  996      20
1972053012 2  87 1594  996      20
1972053018 2  89 1592  993      20
1972053100 3  93 1590  990      25
1972053106 3  97 1587  986      25
1972053112 3  99 1584  983      25
1972053118 3 105 1582  978      30
1972060100 3 113 1575  976      30
1972060106 4 120 1570  971      35
1972060112 4 126 1565  967      35
1972060118 4 134 1565  960      40
1972060200 4 141 1571  958      40
1972060206 5 149 1577  958      45
1972060212 5 157 1582  956      45
1972060218 5 166 1586  956      45
1972060300 4 176 1589  959      40
1972060306 4 189 1593  960      40
1972060312 4 201 1600  963      35
1972060318 4 212 1606  969      35
1972060400 3 225 1611  973      30
1972060406 3 235 1615  975      30
1972060412 3 244 1618  980      25
1972060418 2 257 1622  985      20
1972060500 2 270 1630  985      20
1972060506 2 283 1636  985      20
1972060512 2 296 1641  990      20
1972060518 2 309 1651  990      20
1972060600 2 321 1661  990      20
1972060606 2 333 1673  990      20
1972060612 2 343 1688  990      20
1972060618 2 351 1699  990      20
1972060700 2 360 1710  992      20
1972060706 2 380 1735  994      20
1972060712 2 401 1760  996      20
66666 0000   14 0005 0000 0 6 Mamie                              20110729
1972060100 0 150 1160 1006       0
1972060106 0 143 1152 1004      10
1972060112 0 144 1138 1002      10
1972060118 0 147 1125 1002      10
1972060200 1 149 1113 1002      15
1972060206 2 152 1105  998      20
1972060212 2 155 1098  994      20
1972060218 2 158 1090  989      20
1972060300 2 162 1080  995      20
1972060306 1 162 1073  996      15
1972060312 1 164 1067  998      15
1972060318 1 170 1063  998      12
1972060400 0 180 1066 1000      10
1972060406 0 195 1080 1000      10
66666 0000   23 0006 0000 0 6 Nina                               20110729
1972060112 0  89 1415 1004       0
1972060118 0  89 1424 1004      10
1972060200 1  89 1433 1003      12
1972060206 1  89 1440 1002      12
1972060212 1  89 1449 1002      12
1972060218 1  90 1460 1002      12
1972060300 1  91 1472 1002      12
1972060306 1  91 1484 1000      15
1972060312 1  92 1496 1000      15
1972060318 1  93 1512  998      15
1972060400 2  96 1527  996      20
1972060406 2 103 1540  998      20
1972060412 2 110 1551  998      20
1972060418 1 118 1559 1004      12
1972060500 1 127 1571 1004      12
1972060506 0 139 1578 1004      10
1972060512 0 156 1585 1004      10
1972060518 0 171 1591 1004       0
1972060600 0 188 1596 1004       0
1972060606 0 204 1601 1006       0
1972060612 0 219 1603 1008       0
1972060618 0 234 1609 1008       0
1972060700 0 251 1615 1008       0
66666 0000   13 0007 0000 0 6 (nameless)                         20110729
1972060900 0 162 1230 1004      10
1972060906 0 171 1214 1004      10
1972060912 0 179 1187 1002      10
1972060918 0 182 1158 1002      10
1972061000 1 187 1148 1000      12
1972061006 1 191 1141 1000      12
1972061012 1 198 1142 1000      12
1972061018 1 206 1147 1000      12
1972061100 1 212 1153 1000      12
1972061106 1 218 1159 1000      12
1972061112 1 221 1164 1000      12
1972061118 1 226 1173 1001      12
1972061200 0 233 1182 1002      10
66666 0000   27 0008 7202 0 6 Ora                                20110729
1972062118 0 110 1372 1008       0
1972062200 0 109 1360 1008       0
1972062206 0 108 1349 1008       0
1972062212 0 108 1338 1006      10
1972062218 1 108 1328 1006      12
1972062300 1 108 1318 1004      12
1972062306 1 109 1308 1004      15
1972062312 1 109 1298  998      15
1972062318 3 110 1286  995      25
1972062400 4 113 1274  984      40
1972062406 4 119 1262  981      40
1972062412 4 125 1250  984      35
1972062418 4 132 1236  985      35
1972062500 4 141 1220  985      35
1972062506 4 148 1204  985      35
1972062512 4 158 1187  985      35
1972062518 4 168 1168  987      35
1972062600 4 178 1153  987      35
1972062606 4 185 1140  987      35
1972062612 4 192 1130  989      35
1972062618 4 201 1119  990      35
1972062700 3 209 1113  990      30
1972062706 1 219 1110  997      15
1972062712 1 223 1099  998      12
1972062718 0 225 1092 1000      10
1972062800 0 226 1084 1000      10
1972062806 0 223 1075 1000      10
66666 0000  101 0009 7203 3 6 Rita                               20110729
1972070500 0  95 1505 1008       0
1972070506 0  96 1500 1008       0
1972070512 0  98 1495 1008       0
1972070518 0  99 1491 1008       0
1972070600 0 100 1486 1006      10
1972070606 0 100 1480 1006      10
1972070612 1 100 1472 1006      12
1972070618 1 101 1463 1006      12
1972070700 1 102 1455 1002      12
1972070706 1 103 1446  998      15
1972070712 3 104 1437  993      25
1972070718 3 108 1428  988      25
1972070800 3 112 1420  983      30
1972070806 4 117 1414  978      35
1972070812 4 121 1411  970      40
1972070818 6 126 1406  958      55
1972070900 6 132 1399  951      65
1972070906 6 141 1392  945      65
1972070912 6 148 1387  935      65
1972070918 6 154 1378  924      65
1972071000 6 160 1372  924      65
1972071006 6 168 1363  920      65
1972071012 6 173 1354  917      65
1972071018 6 174 1346  912      65
1972071100 6 176 1342  911      65
1972071106 6 178 1337  920      65
1972071112 6 180 1332  930      60
1972071118 6 182 1330  938      55
1972071200 5 183 1328  941      50
1972071206 5 183 1326  945      45
1972071212 4 181 1325  948      40
1972071218 4 180 1325  948      40
1972071300 4 179 1326  952      35
1972071306 4 182 1331  955      35
1972071312 4 187 1337  960      35
1972071318 4 192 1343  963      35
1972071400 4 198 1349  965      35
1972071406 4 204 1353  965      35
1972071412 4 208 1357  965      35
1972071418 4 210 1358  965      35
1972071500 4 211 1356  965      35
1972071506 4 211 1351  965      35
1972071512 4 209 1348  965      35
1972071518 4 208 1351  965      35
1972071600 4 212 1351  965      35
1972071606 4 216 1349  965      35
1972071612 4 218 1348  965      35
1972071618 4 222 1345  965      35
1972071700 4 227 1342  965      35
1972071706 4 230 1338  965      35
1972071712 4 233 1338  965      35
1972071718 4 235 1339  964      35
1972071800 4 238 1339  962      35
1972071806 4 242 1341  962      35
1972071812 4 249 1342  961      35
1972071818 4 256 1344  961      35
1972071900 4 263 1343  960      35
1972071906 4 268 1340  960      35
1972071912 4 273 1332  962      35
1972071918 4 277 1326  964      35
1972072000 4 281 1318  964      35
1972072006 4 283 1306  965      35
1972072012 4 287 1295  966      35
1972072018 4 288 1289  967      35
1972072100 4 289 1281  969      35
1972072106 4 288 1274  970      35
1972072112 4 285 1269  967      35
1972072118 4 282 1266  966      35
1972072200 4 279 1260  964      35
1972072206 4 275 1255  960      35
1972072212 4 267 1252  958      35
1972072218 4 261 1251  960      35
1972072300 4 256 1252  960      35
1972072306 4 252 1254  960      35
1972072312 4 251 1259  960      35
1972072318 4 252 1265  959      35
1972072400 4 256 1269  958      35
1972072406 4 261 1272  955      35
1972072412 4 268 1276  954      35
1972072418 4 275 1278  955      35
1972072500 4 282 1280  957      35
1972072506 4 292 1277  957      35
1972072512 4 306 1268  960      35
1972072518 3 320 1260  965      30
1972072600 3 338 1254  970      30
1972072606 3 368 1231  970      30
1972072612 3 381 1206  975      30
1972072618 3 388 1192  975      25   20
1972072700 1 389 1175  980      15
1972072706 1 399 1166  990      15
1972072712 0 407 1142  998      10
1972072718 0 419 1121  998       9
1972072800 0 425 1103 1000       9
1972072806 9 433 1097  998       9
1972072812 9 440 1101  996       9
1972072818 9 447 1110  998       9
1972072900 9 455 1117  998       9
1972072906 9 463 1128  998       9
1972072912 9 467 1141 1000       9
1972072918 9 472 1158 1000       9
1972073000 9 480 1176 1000       9
66666 0000   49 0010 7204 0 6 Susan                              20110729
1972070500 0 142 1282 1005      10
1972070506 1 144 1274 1003      12
1972070512 1 147 1267 1002      15
1972070518 1 152 1259 1002      15
1972070600 1 159 1252 1002      15
1972070606 1 165 1244 1002      15
1972070612 1 168 1238 1002      15
1972070618 1 170 1228 1002      15
1972070700 1 171 1220 1002      15
1972070706 1 173 1205 1000      15
1972070712 1 174 1194 1000      15
1972070718 1 178 1185 1000      15
1972070800 2 184 1180  998      20
1972070806 2 187 1179  995      20
1972070812 3 191 1177  985      25
1972070818 3 192 1172  985      25
1972070900 3 194 1168  985      25
1972070906 3 196 1164  985      25
1972070912 3 198 1163  985      25
1972070918 3 199 1162  985      30
1972071000 3 200 1161  985      30
1972071006 4 201 1161  980      40
1972071012 5 202 1160  980      45
1972071018 4 206 1158  980      40
1972071100 4 210 1160  980      35
1972071106 3 215 1164  985      30
1972071112 3 218 1169  985      30
1972071118 3 220 1171  985      30
1972071200 3 223 1172  985      30
1972071206 3 225 1171  985      30
1972071212 3 226 1168  985      30
1972071218 3 227 1165  985      30
1972071300 3 224 1162  985      25
1972071306 3 222 1163  985      25
1972071312 3 221 1165  985      25
1972071318 3 220 1168  985      25
1972071400 2 220 1172  985      20
1972071406 2 222 1176  987      20
1972071412 2 229 1184  987      20
1972071418 1 238 1189  987      15
1972071500 1 249 1191  990      15
1972071506 0 270 1171  992      10   15
1972071512 0 281 1165  996      10
1972071518 0 290 1159  998       9
1972071600 0 295 1155  998       9
1972071606 0 300 1150  998       9
1972071612 0 305 1145  999       9
1972071618 0 313 1135  999       9
1972071700 0 322 1130 1000       9
66666 0000   16 0011 0000 0 6 (nameless)                         20110729
1972070500 0 144 1115 1005       0
1972070506 0 144 1115 1004       0
1972070512 0 144 1115 1004       0
1972070518 0 144 1115 1003      10
1972070600 1 144 1115 1003      12
1972070606 1 142 1110 1003      12
1972070612 1 140 1115 1002      12
1972070618 1 144 1117 1002      12
1972070700 1 149 1115 1000      15
1972070706 1 151 1110 1000      15
1972070712 1 153 1105 1000      15
1972070718 1 157 1100 1002      12   15
1972070800 1 161 1094 1002      12   15
1972070806 1 168 1088 1002      12   15
1972070812 0 178 1080 1002      10
1972070818 0 191 1070 1002      10
66666 0000   39 0012 7205 0 6 Phyllis                            20110729
1972070612 1  87 1574 1004      15
1972070618 2  88 1570 1004      20
1972070700 3  89 1565 1004      25
1972070706 3  92 1560 1002      25
1972070712 3  94 1556 1000      25
1972070718 3  98 1553  997      25
1972070800 3 103 1550  995      25
1972070806 3 108 1548  995      25
1972070812 3 112 1548  993      25
1972070818 3 118 1551  990      25
1972070900 3 123 1547  990      25
1972070906 3 129 1545  990      25
1972070912 3 131 1544  985      30
1972070918 4 132 1543  978      40
1972071000 5 132 1542  971      50
1972071006 6 133 1541  960      65
1972071012 6 136 1540  947      65
1972071018 6 138 1540  944      65
1972071100 6 142 1541  948      65
1972071106 6 151 1540  957      60
1972071112 6 158 1538  960      55
1972071118 6 166 1535  960      55
1972071200 5 178 1523  962      50
1972071206 5 192 1517  964      50
1972071212 5 208 1496  966      45
1972071218 5 217 1478  963      45
1972071300 4 225 1465  958      40
1972071306 4 238 1447  952      40
1972071312 4 247 1433  953      40
1972071318 4 258 1419  958      40
1972071400 4 273 1407  967      40
1972071406 4 286 1394  976      35
1972071412 4 295 1386  982      35
1972071418 4 303 1381  984      35
1972071500 4 315 1375  984      35
1972071506 3 330 1368  988      30
1972071512 3 348 1366  990      25
1972071518 9 377 1373  995      15
1972071600 9 388 1373  997      15
66666 0000   59 0013 7206 0 6 Tess                               20110729
1972071012 1 141 1672 1000      15
1972071018 1 142 1668 1000      15
1972071100 2 143 1666  996      20
1972071106 3 143 1663  996      25
1972071112 3 144 1661  990      25
1972071118 3 145 1658  990      25
1972071200 3 145 1655  985      25
1972071206 3 145 1652  985      25
1972071212 3 143 1645  985      25
1972071218 3 141 1639  980      30
1972071300 4 138 1631  979      35
1972071306 4 133 1623  977      35
1972071312 4 130 1612  975      35
1972071318 4 125 1608  967      40
1972071400 5 125 1601  962      45
1972071406 5 127 1592  956      50
1972071412 6 128 1584  950      60
1972071418 6 132 1574  947      65
1972071500 6 138 1563  947      65
1972071506 6 148 1558  943      65
1972071512 6 154 1554  940      70
1972071518 6 163 1549  940      70
1972071600 6 173 1542  940      70
1972071606 6 184 1537  941      70
1972071612 6 194 1529  946      70
1972071618 6 202 1519  946      65
1972071700 6 208 1516  946      65
1972071706 6 214 1512  946      65
1972071712 6 219 1509  946      65
1972071718 6 222 1506  951      60
1972071800 6 228 1502  954      55
1972071806 6 232 1500  958      55
1972071812 5 238 1497  962      50
1972071818 5 242 1493  962      50
1972071900 5 248 1490  962      45
1972071906 4 255 1487  962      40
1972071912 4 261 1481  962      40
1972071918 4 266 1478  962      40
1972072000 4 272 1474  962      40
1972072006 4 278 1470  962      40
1972072012 4 280 1464  964      40
1972072018 4 282 1459  965      40
1972072100 4 284 1452  966      40
1972072106 4 288 1442  966      40
1972072112 4 290 1428  966      40
1972072118 4 290 1411  967      35
1972072200 4 292 1397  967      35
1972072206 4 294 1387  970      35
1972072212 4 298 1372  970      35
1972072218 4 302 1359  970      35
1972072300 4 309 1344  970      35
1972072306 3 318 1328  972      30
1972072312 3 330 1316  973      25
1972072318 2 346 1305  975      20
1972072400 1 363 1296  985      15
1972072406 1 378 1296  985      15
1972072412 1 390 1300  990      15
1972072418 0 400 1303  995      10
1972072500 0 407 1313 1000      10
66666 0000   31 0014 0000 0 6 Viola                              20110729
1972072100 0 120 1640 1004       0
1972072106 0 123 1631 1004       0
1972072112 0 130 1620 1004       0
1972072118 0 136 1610 1004       0
1972072200 0 142 1599 1004       0
1972072206 0 150 1592 1004       0
1972072212 0 160 1583 1004       0
1972072218 0 170 1582 1004       0
1972072300 0 179 1583 1004       0
1972072306 0 188 1586 1004       0
1972072312 0 195 1591 1004       0
1972072318 0 202 1598 1004       0
1972072400 0 210 1604 1004      10
1972072406 1 217 1610 1000      12
1972072412 1 224 1617  998      15
1972072418 2 233 1625  990      20
1972072500 3 242 1636  985      25
1972072506 3 251 1646  985      30
1972072512 4 275 1665  980      35
1972072518 4 296 1683  980      35
1972072600 4 316 1697  980      35
1972072606 4 336 1699  980      35
1972072612 3 356 1698  985      30
1972072618 3 373 1690  988      25
1972072700 2 389 1680  990      20
1972072706 2 402 1667  995      20
1972072712 2 420 1650  996      20
1972072718 1 430 1638 1000      15
1972072800 9 440 1630 1004      15
1972072806 9 443 1621 1010      10
1972072812 9 450 1616 1012      10
66666 0000   33 0015 0000 2 6 (nameless)                         20110729
1972072200 1 197 1478 1002      15
1972072206 1 202 1473 1002      15
1972072212 1 210 1466 1002      12
1972072218 1 216 1460 1002      12
1972072300 1 222 1452 1001      12
1972072306 0 228 1445 1002      10
1972072312 0 233 1442 1002      10
1972072318 0 238 1438 1002      10
1972072400 0 243 1434 1002      10
1972072406 1 249 1432 1002      15
1972072412 1 257 1430 1002      15
1972072418 1 263 1436 1002      15
1972072500 1 264 1445 1002      15
1972072506 1 250 1441 1000      15
1972072512 1 241 1431 1000      15
1972072518 1 231 1423 1000      15
1972072600 1 220 1421 1000      15
1972072606 1 213 1422  999      15
1972072612 1 208 1428  998      15
1972072618 1 208 1436  998      15
1972072700 1 209 1442  996      15
1972072706 2 210 1443  994      20
1972072712 2 212 1443  990      20
1972072718 2 214 1442  994      20
1972072800 1 215 1440  996      15
1972072806 1 215 1437  998      15
1972072812 1 215 1434 1000      12
1972072818 1 214 1431 1002      12
1972072900 1 213 1427 1002      12
1972072906 1 211 1419 1002      12
1972072912 1 210 1410 1002      12
1972072918 0 209 1399 1005      10
1972073000 0 209 1388 1007      10
66666 0000   33 0016 7207 0 6 Winnie                             20110729
1972072712 1 208 1318  998      12
1972072718 1 206 1311  998      12
1972072800 1 203 1305  998      15
1972072806 1 199 1302  998      15
1972072812 1 196 1300  998      15
1972072818 1 193 1297 1000      12
1972072900 1 189 1298 1000      12
1972072906 1 187 1301  998      15
1972072912 1 185 1307  998      15
1972072918 1 187 1313  998      15
1972073000 1 190 1318  998      15
1972073006 1 196 1315  998      15
1972073012 1 199 1312  996      15
1972073018 1 204 1307  996      15
1972073100 1 210 1300  996      15
1972073106 1 220 1290  996      15
1972073112 1 232 1278  990      15
1972073118 2 243 1262  988      20
1972080100 3 253 1244  988      25
1972080106 3 260 1230  988      25
1972080112 3 266 1218  988      25
1972080118 3 274 1205  990      30
1972080200 1 279 1199  996      15   20
1972080206 0 283 1193  998      10   15
1972080212 0 287 1176  998       9
1972080218 0 293 1170  998       9
1972080300 0 295 1169  998       9
1972080306 0 297 1169  998       9
1972080312 0 300 1169  998       9
1972080318 0 303 1171  998       9
1972080400 0 311 1175  998       9
1972080406 0 319 1176  998       9
1972080412 0 323 1171  998       9
66666 0000   49 0017 7208 1 6 Alice                              20110729
1972073100 1 111 1600 1000      15
1972073106 1 121 1599 1000      15
1972073112 1 131 1598  998      15
1972073118 1 141 1594  998      15
1972080100 2 149 1590  996      20
1972080106 3 155 1587  992      25
1972080112 3 161 1582  991      25
1972080118 3 167 1578  989      25
1972080200 3 173 1572  983      30
1972080206 3 180 1567  978      30
1972080212 4 188 1562  975      35
1972080218 4 195 1559  972      35
1972080300 4 202 1555  969      35
1972080306 4 210 1550  966      35
1972080312 4 218 1543  965      35
1972080318 4 228 1533  965      35
1972080400 4 238 1523  965      35
1972080406 4 245 1514  965      40
1972080412 4 252 1503  967      35
1972080418 4 261 1492  968      35
1972080500 4 269 1483  970      35
1972080506 4 277 1473  971      35
1972080512 4 282 1464  971      35
1972080518 3 290 1454  972      30
1972080600 3 300 1442  974      30
1972080606 3 309 1429  975      30
1972080612 3 318 1418  977      25
1972080618 3 329 1408  979      25
1972080700 3 340 1407  982      25
1972080706 3 353 1411  985      25
1972080712 3 371 1421  986      25
1972080718 2 388 1437  990      20
1972080800 2 406 1460  990      20
1972080806 2 414 1479  993      20
1972080812 2 420 1500  996      20
1972080818 2 425 1519  996      20
1972080900 2 428 1540  996      20
1972080906 2 430 1569  996      20
1972080912 2 430 1600  996      20
1972080918 1 422 1627  996      15
1972081000 1 413 1650  996      15
1972081006 1 406 1668  996      15
1972081012 1 400 1686  996      15
1972081018 1 397 1702  996      15
1972081100 9 397 1720  996      20
1972081106 9 400 1738  996      20
1972081112 9 410 1750  996      20
1972081118 9 420 1760  996      20
1972081200 9 432 1762  996      20
66666 0000   47 0018 7209 0 6 Betty                              20110729
1972080812 1 116 1503 1006      15
1972080818 1 117 1499 1005      15
1972080900 1 118 1495 1003      15
1972080906 1 123 1491 1000      15
1972080912 2 130 1485  998      20
1972080918 2 137 1481  993      20
1972081000 3 146 1473  990      25
1972081006 3 154 1465  985      25
1972081012 3 163 1456  985      25
1972081018 3 168 1445  985      25
1972081100 3 172 1435  985      25
1972081106 3 177 1425  985      25
1972081112 3 183 1417  985      25
1972081118 3 186 1408  982      25
1972081200 4 186 1398  970      35
1972081206 4 187 1387  960      40
1972081212 4 188 1375  956      40
1972081218 4 189 1362  950      40
1972081300 5 189 1353  946      45
1972081306 5 190 1344  935      45
1972081312 5 190 1336  927      45
1972081318 5 193 1327  920      50
1972081400 5 196 1319  918      50
1972081406 5 200 1310  916      50
1972081412 5 203 1300  921      50
1972081418 5 209 1290  924      50
1972081500 6 211 1279  922      60
1972081506 6 215 1269  916      60
1972081512 6 221 1265  910      60
1972081518 6 231 1260  920      60
1972081600 6 238 1251  926      55
1972081606 6 248 1242  930      55
1972081612 5 252 1231  937      50
1972081618 5 259 1221  937      50
1972081700 5 266 1215  945      50
1972081706 5 272 1209  955      45
1972081712 4 277 1198  972      35
1972081718 1 278 1189  985      15   35
1972081800 0 281 1180  990      10   35
1972081806 0 281 1173  990      10   35
1972081812 0 281 1164  990      10   20
1972081818 0 280 1158  995       9   20
1972081900 0 279 1148  995       9   20
1972081906 0 278 1148  998       9   20
1972081912 0 274 1151 1002      10   15
1972081918 0 270 1153 1004      10   15
1972082000 0 265 1155 1006      10   15
66666 0000   34 0019 7210 0 6 Cora                               20110729
1972082100 1 168 1280 1007      12
1972082106 1 171 1272 1006      12
1972082112 1 173 1264 1006      12
1972082118 1 177 1258 1006      12
1972082200 1 180 1250 1006      12
1972082206 1 184 1243 1006      12
1972082212 1 188 1236 1006      12
1972082218 1 193 1230 1006      12
1972082300 1 199 1224 1003      12
1972082306 1 201 1218 1003      15
1972082312 1 202 1209 1003      15
1972082318 1 204 1200 1003      15
1972082400 1 203 1192 1003      15
1972082406 1 202 1184 1003      15
1972082412 1 199 1176 1003      15
1972082418 1 197 1168 1003      15
1972082500 1 194 1164 1003      15
1972082506 1 192 1161 1002      15
1972082512 1 190 1156 1000      15
1972082518 2 189 1153  992      20
1972082600 2 188 1150  987      20
1972082606 3 188 1146  984      30
1972082612 3 188 1143  980      30
1972082618 3 187 1140  978      30
1972082700 3 188 1135  976      30
1972082706 3 189 1130  972      30
1972082712 3 190 1124  970      30
1972082718 3 194 1118  970      30
1972082800 3 198 1109  970      30
1972082806 3 201 1097  975      30
1972082812 3 206 1087  975      30
1972082818 3 210 1075  975      30
1972082900 1 214 1064  980      15
1972082906 0 220 1042  990      10
66666 0000   16 0020 0000 2 6 Doris                              20110729
1972082512 0 270 1620 1008      10
1972082518 1 278 1612 1006      15
1972082600 2 287 1608  998      20
1972082606 2 295 1604  996      20
1972082612 2 300 1603  994      20
1972082618 2 307 1603  990      20
1972082700 2 313 1604  987      20
1972082706 3 319 1605  986      25
1972082712 3 329 1605  987      25
1972082718 2 339 1606  987      20
1972082800 2 349 1609  988      20
1972082806 2 359 1612  989      20
1972082812 2 369 1619  990      20
1972082818 2 380 1623  990      20
1972082900 2 396 1628  990      20
1972082906 2 418 1632  995      20
66666 0000   29 0021 7211 1 6 Elsie                              20110729
1972083100 0 124 1193 1006      10
1972083106 0 128 1183 1002      10
1972083112 1 135 1173  995      15
1972083118 2 142 1162  990      20
1972090100 3 150 1150  983      30
1972090106 4 154 1138  983      40
1972090112 4 158 1130  983      40
1972090118 4 161 1122  983      40
1972090200 4 162 1116  983      40
1972090206 4 160 1113  983      40
1972090212 4 158 1110  983      40
1972090218 4 157 1104  978      40
1972090300 5 156 1102  976      45
1972090306 5 156 1099  974      45
1972090312 4 153 1096  978      35
1972090318 4 152 1094  980      35
1972090400 3 152 1087  985      25
1972090406 2 152 1081  990      20
1972090412 1 150 1071  995      15
1972090418 0 150 1062 1000      10
1972090500 0 150 1051 1000      10
1972090506 0 148 1042 1000      10
1972090512 0 147 1032 1001      10
1972090518 0 145 1028 1001       9
1972090600 0 144 1021 1001       9
1972090606 0 147 1015 1001       9
1972090612 0 148 1005 1001       9
1972090618 0 146  996 1003       9
1972090700 0 140  990 1003       9
66666 0000   35 0022 0000 0 6 (nameless)                         20110729
1972090112 0 211 1568 1006       0
1972090118 0 212 1559 1006       0
1972090200 0 212 1551 1004      10
1972090206 1 213 1542 1004      12
1972090212 1 213 1532 1004      12
1972090218 1 213 1522 1004      12
1972090300 1 213 1512 1004      12
1972090306 1 214 1502 1003      15
1972090312 1 215 1490 1003      15
1972090318 1 217 1479 1003      15
1972090400 1 220 1469 1003      15
1972090406 1 224 1447 1004      12
1972090412 1 232 1425 1004      12
1972090418 1 240 1400 1004      12
1972090500 1 251 1377 1006      12
1972090506 1 256 1364 1006      15
1972090512 1 263 1351 1006      15
1972090518 1 268 1339 1006      15
1972090600 1 275 1325 1006      15
1972090606 1 281 1309 1006      12
1972090612 1 287 1293 1006      12
1972090618 1 291 1289 1006      12
1972090700 1 295 1285 1006      12
1972090706 1 301 1283 1003      12
1972090712 1 309 1284 1003      12
1972090718 9 315 1290 1003      15
1972090800 9 322 1296 1003      15
1972090806 9 329 1310 1003      15
1972090812 9 333 1318 1004      15
1972090818 9 339 1330 1004      15
1972090900 9 344 1340 1004      15
1972090906 9 344 1355 1004      15
1972090912 9 342 1367 1006      12
1972090918 9 343 1388 1006      12
1972091000 9 358 1411 1006      12
66666 0000   45 0023 7212 1 6 Flossie                            20110729
1972090712 0 120 1360 1004       0
1972090718 0 125 1347 1004       0
1972090800 0 128 1332 1004      10
1972090806 0 130 1316 1004      10
1972090812 0 130 1300 1004      10
1972090818 0 131 1285 1004      10
1972090900 0 133 1270 1004      10
1972090906 0 136 1258 1004      10
1972090912 0 139 1246 1004      10
1972090918 0 143 1235 1004      10
1972091000 0 147 1224 1004      10
1972091006 0 151 1214 1004      10
1972091012 1 152 1208 1004      12
1972091018 1 152 1201 1004      12
1972091100 1 150 1195 1004      12
1972091106 1 149 1186 1003      15
1972091112 1 149 1177 1003      15
1972091118 1 149 1170 1003      15
1972091200 1 149 1164 1003      15
1972091206 1 150 1157 1001      15
1972091212 2 150 1153  997      20
1972091218 2 153 1148  994      20
1972091300 2 154 1144  992      20
1972091306 2 156 1138  990      20
1972091312 3 156 1134  989      25
1972091318 3 154 1129  987      25
1972091400 3 153 1125  983      30
1972091406 3 152 1121  980      30
1972091412 4 151 1116  975      35
1972091418 4 150 1111  975      35
1972091500 4 149 1107  975      35
1972091506 3 148 1103  978      30
1972091512 3 148 1097  980      30
1972091518 3 148 1092  985      25
1972091600 2 147 1088  990      20
1972091606 1 147 1084 1000      15
1972091612 0 147 1080 1002      10
1972091618 0 146 1074 1002      10
1972091700 0 145 1068 1002       9
1972091706 0 144 1062 1002       9
1972091712 0 143 1056 1002       9
1972091718 0 142 1051 1002       9
1972091800 0 141 1042 1002       9
1972091806 0 141 1028 1002       9
1972091812 0 141 1015 1002       9
66666 0000   16 0024 7213 0 6 Grace                              20110729
1972091018 0 150 1300 1006      10
1972091100 0 152 1292 1006      10
1972091106 0 156 1282 1006      10
1972091112 0 155 1272 1004      10
1972091118 1 155 1267 1000      12
1972091200 1 155 1262  995      15
1972091206 2 154 1258  989      20
1972091212 3 153 1254  990      25
1972091218 3 151 1250  991      25
1972091300 3 149 1249  992      25
1972091306 3 148 1247  994      25
1972091312 2 147 1244  996      20
1972091318 2 144 1246  996      20
1972091400 2 142 1253  998      20
1972091406 1 141 1262 1000      15
1972091412 0 139 1272 1004      10
66666 0000   29 0025 7214 3 6 Helen                              20110729
1972091100 0 130 1452 1006      10
1972091106 0 131 1438 1006      10
1972091112 0 132 1420 1004      10
1972091118 0 132 1404 1004      10
1972091200 0 135 1396 1004      10
1972091206 1 138 1389 1002      12
1972091212 1 140 1381 1002      15
1972091218 2 145 1374 1000      20
1972091300 3 151 1366  995      25
1972091306 4 161 1361  985      35
1972091312 4 168 1355  975      35
1972091318 4 175 1347  975      35
1972091400 4 182 1340  970      40
1972091406 4 192 1332  970      40
1972091412 4 203 1325  965      40
1972091418 5 214 1319  960      45
1972091500 5 225 1314  960      45
1972091506 5 239 1315  960      45
1972091512 5 254 1319  958      50
1972091518 5 272 1325  958      50
1972091600 5 294 1335  958      50
1972091606 5 320 1348  960      45
1972091612 4 344 1361  960      40
1972091618 3 372 1377  975      30
1972091700 3 391 1391  980      30
1972091706 3 415 1397  980      30
1972091712 3 421 1396  978      30
1972091718 9 422 1391  978      30
1972091800 9 424 1388  978      25
66666 0000   19 0026 0000 0 6 (nameless)                         20110729
1972091600 0 157 1310 1006       0
1972091606 1 160 1303 1005      12
1972091612 1 162 1299 1004      15
1972091618 1 164 1291 1004      15
1972091700 1 165 1283 1004      15
1972091706 1 161 1272 1004      15
1972091712 1 161 1258 1004      15
1972091718 1 160 1242 1004      15
1972091800 1 155 1241 1004      15
1972091806 1 151 1243 1002      15
1972091812 1 151 1249 1000      15
1972091818 1 153 1250 1002      15
1972091900 1 158 1249 1004      12
1972091906 0 161 1247 1004      10
1972091912 0 167 1238 1004      10
1972091918 0 168 1229 1005      10
1972092000 0 166 1219 1006      10
1972092006 0 163 1212 1006      10
1972092012 0 160 1204 1006      10
66666 0000   41 0027 7215 1 6 Ida                                20110729
1972091700 1 172 1545 1000      15
1972091706 2 171 1551  993      20
1972091712 3 169 1559  990      25
1972091718 3 166 1565  984      30
1972091800 3 163 1572  981      30
1972091806 4 158 1578  979      35
1972091812 4 155 1581  975      35
1972091818 4 153 1583  970      40
1972091900 4 155 1583  970      40
1972091906 4 158 1572  970      40
1972091912 4 161 1562  970      40
1972091918 4 165 1551  970      40
1972092000 4 167 1539  980      35
1972092006 4 169 1527  985      35
1972092012 4 172 1513  975      35
1972092018 4 176 1495  970      40
1972092100 5 180 1480  965      50
1972092106 5 186 1469  956      50
1972092112 6 193 1457  950      55
1972092118 6 202 1448  945      55
1972092200 6 214 1440  935      60
1972092206 6 223 1432  932      60
1972092212 6 233 1427  932      60
1972092218 6 243 1422  933      60
1972092300 6 257 1417  935      60
1972092306 6 271 1415  935      60
1972092312 6 286 1416  937      55
1972092318 6 303 1419  943      55
1972092400 5 322 1427  948      50
1972092406 5 344 1442  952      45
1972092412 4 364 1460  960      40
1972092418 4 375 1480  965      35
1972092500 4 386 1500  970      35
1972092506 3 395 1522  975      30
1972092512 3 400 1555  980      30
1972092518 9 398 1595  990      25
1972092600 9 380 1630  990      25
1972092606 9 360 1650  992       0
1972092612 9 339 1691  995       0
1972092618 9 320 1730  998       0
1972092700 9 310 1770  998       0
66666 0000   34 0028 7217 1 6 Kathy                              20110729
1972092906 0 130 1630 1004       0
1972092912 0 130 1620 1004       0
1972092918 0 131 1610 1004       0
1972093000 1 135 1600 1002      15
1972093006 1 141 1588 1002      15
1972093012 2 147 1577 1000      20
1972093018 3 153 1565  995      25
1972100100 4 162 1555  990      35
1972100106 4 168 1543  990      35
1972100112 4 177 1532  988      35
1972100118 4 186 1515  988      35
1972100200 4 193 1498  988      35
1972100206 4 200 1482  988      35
1972100212 4 204 1469  985      40
1972100218 4 205 1464  985      40
1972100300 4 206 1457  985      40
1972100306 4 209 1452  980      40
1972100312 4 210 1441  976      40
1972100318 4 208 1428  980      40
1972100400 4 209 1412  985      40
1972100406 4 214 1396  990      35
1972100412 4 220 1380  990      35
1972100418 4 230 1370  990      35
1972100500 4 246 1364  990      35
1972100506 4 260 1367  990      35
1972100512 4 275 1371  990      35
1972100518 4 293 1380  988      40
1972100600 4 310 1390  984      40
1972100606 4 330 1415  990      35
1972100612 4 355 1460  990      35
1972100618 3 372 1498  994      30
1972100700 3 388 1525  996      25
1972100706 2 414 1560  996      20
1972100712 2 445 1610  996      20
66666 0000   14 0029 7216 0 6 Lorna                              20110729
1972093006 0 180 1170 1006      10
1972093012 1 174 1164 1002      15
1972093018 2 172 1155 1000      20
1972100100 3 171 1145  995      30
1972100106 4 174 1136  990      40
1972100112 4 176 1122  990      35
1972100118 4 177 1108  990      35
1972100200 3 178 1097  992      30
1972100206 3 181 1084  992      30
1972100212 3 184 1073  995      25
1972100218 3 184 1063  995      25
1972100300 1 174 1045 1000      15
1972100306 0 174 1030 1005      10
1972100312 0 175 1015 1006       9
66666 0000   33 0030 7218 1 6 Marie                              20110729
1972100500 2 144 1687  990      20
1972100506 2 143 1679  987      20
1972100512 2 142 1670  985      20
1972100518 2 140 1662  980      20
1972100600 3 139 1651  975      25
1972100606 3 141 1641  970      25
1972100612 3 145 1630  970      30
1972100618 3 149 1615  967      30
1972100700 4 151 1600  963      35
1972100706 4 152 1586  960      35
1972100712 4 153 1569  953      35
1972100718 4 159 1551  952      35
1972100800 4 165 1535  951      35
1972100806 4 170 1516  950      35
1972100812 4 172 1499  948      40
1972100818 5 176 1483  946      45
1972100900 5 180 1475  939      50
1972100906 5 186 1467  937      50
1972100912 5 191 1458  936      50
1972100918 5 198 1450  938      50
1972101000 5 204 1444  940      50
1972101006 5 213 1441  941      45
1972101012 5 225 1439  941      45
1972101018 5 240 1438  941      45
1972101100 5 257 1443  946      45
1972101106 5 274 1450  948      45
1972101112 5 294 1457  954      45
1972101118 5 319 1465  958      45
1972101200 4 348 1475  962      40
1972101206 4 375 1488  965      35
1972101212 4 405 1508  965      35
1972101218 3 435 1530  970      30
1972101300 3 460 1550  980      30
66666 0000   35 0031 0000 0 6 Nancy                              20110729
1972101600 1 157 1703 1000      15
1972101606 3 157 1694  997      25
1972101612 3 157 1684  995      30
1972101618 4 157 1676  993      35
1972101700 4 158 1667  990      40
1972101706 4 159 1656  985      40
1972101712 4 161 1642  975      40
1972101718 5 165 1629  965      45
1972101800 5 169 1618  960      50
1972101806 6 175 1607  950      65
1972101812 6 182 1600  945      65
1972101818 6 189 1594  947      65
1972101900 6 198 1587  949      65
1972101906 6 207 1580  953      65
1972101912 6 213 1578  957      55
1972101918 5 219 1579  965      50
1972102000 5 226 1580  965      50
1972102006 5 232 1583  975      45
1972102012 5 239 1590  980      45
1972102018 5 246 1598  988      45
1972102100 4 250 1604  988      35
1972102106 4 253 1610  988      35
1972102112 4 256 1617  990      35
1972102118 3 258 1623  990      30
1972102200 3 260 1630  990      30
1972102206 3 262 1638  995      25
1972102212 2 265 1645 1000      20
1972102218 1 261 1652 1004      15
1972102300 1 252 1644 1008      15
1972102306 1 247 1632 1008      12
1972102312 1 244 1620 1008      12
1972102318 0 240 1605 1010      10
1972102400 0 238 1584 1010      10
1972102406 0 233 1564 1010      10
1972102412 0 225 1540 1010      10
66666 0000   36 0032 7219 1 6 Olga                               20110729
1972102118 4  78 1752  993      35
1972102200 4  81 1744  993      35
1972102206 4  82 1738  993      35
1972102212 4  84 1740  993      35
1972102218 4  90 1733  993      35
1972102300 4  93 1722  993      35
1972102306 4  98 1715  993      35
1972102312 4 102 1704  993      35
1972102318 4 105 1693  993      35
1972102400 2 109 1682  999      20
1972102406 2 118 1674  996      20
1972102412 2 120 1656  994      20
1972102418 3 119 1641  994      25
1972102500 3 126 1625  990      30
1972102506 4 135 1614  987      35
1972102512 4 136 1596  985      35
1972102518 4 137 1580  982      35
1972102600 4 139 1568  978      40
1972102606 4 144 1555  975      40
1972102612 5 151 1535  970      45
1972102618 5 159 1515  968      50
1972102700 6 166 1496  950      55
1972102706 6 173 1476  945      60
1972102712 6 183 1463  940      60
1972102718 6 195 1451  939      60
1972102800 6 207 1441  941      55
1972102806 6 218 1436  945      55
1972102812 5 232 1432  948      50
1972102818 5 250 1431  950      45
1972102900 4 270 1440  955      40
1972102906 4 301 1455  962      35
1972102912 4 334 1476  970      35
1972102918 4 380 1510  980      35
1972103000 9 420 1560  980       0
1972103006 9 441 1600  972       0
1972103012 9 462 1640  968       0
66666 0000   34 0033 7220 2 6 Pamela                             20110729
1972110206 1 122 1423 1006      12
1972110212 1 125 1409 1006      12
1972110218 1 128 1397 1006      12
1972110300 1 130 1383 1006      12
1972110306 1 131 1367 1005      15
1972110312 1 131 1349 1004      15
1972110318 1 130 1332 1004      15
1972110400 1 129 1316 1004      15
1972110406 3 127 1300 1002      25
1972110412 4 126 1282 1000      35
1972110418 4 125 1266  998      35
1972110500 4 123 1247  995      35
1972110506 4 124 1230  992      35
1972110512 4 126 1216  990      35
1972110518 4 129 1199  985      35
1972110600 4 132 1181  984      35
1972110606 4 135 1166  980      35
1972110612 4 140 1158  968      40
1972110618 4 145 1147  964      40
1972110700 5 150 1135  953      50
1972110706 5 159 1126  942      50
1972110712 5 167 1116  940      50
1972110718 5 175 1110  940      45
1972110800 4 186 1108  940      40
1972110806 4 198 1107  945      40
1972110812 4 212 1111  965      35
1972110818 3 230 1122  985      25
1972110900 1 256 1148 1000      12
1972110906 0 282 1168 1006      10
1972110912 9 311 1211 1002      15
1972110918 9 330 1253 1002      15
1972111000 9 340 1310 1002      15
1972111006 9 345 1355 1002      20
1972111012 9 348 1420 1002      20
66666 0000   30 0034 0000 0 6 Ruby                               20110729
1972111406 4 119 1797  980      35
1972111412 4 122 1786  980      35
1972111418 4 127 1775  970      35
1972111500 4 132 1765  970      35
1972111506 4 138 1754  970      35
1972111512 5 142 1742  960      45
1972111518 5 144 1732  940      50
1972111600 5 146 1721  944      50
1972111606 6 149 1713  950      65
1972111612 6 152 1705  955      65
1972111618 6 155 1697  970      65
1972111700 6 158 1686  980      65
1972111706 6 160 1672  990      55
1972111712 5 161 1659  994      45
1972111718 4 159 1645  996      35
1972111800 3 156 1631  998      25
1972111806 2 154 1617 1001      20
1972111812 1 154 1605 1003      15
1972111818 1 157 1594 1003      15
1972111900 1 160 1582  996      15
1972111906 3 162 1568  985      25
1972111912 3 165 1561  990      25
1972111918 2 168 1552  990      20
1972112000 1 172 1544  998      15
1972112006 1 176 1537 1000      12
1972112012 0 178 1529 1008      10
1972112018 0 177 1519 1008      10
1972112100 0 175 1510 1008      10
1972112106 0 177 1498 1008      10
1972112112 0 180 1486 1008      10
66666 0000   30 0035 7221 0 6 Sally                              20110729
1972113000 0  95 1170 1008      10
1972113006 0  86 1155 1004      10
1972113012 1  80 1140 1000      15
1972113018 2  78 1124  995      20
1972120100 3  72 1108  989      30
1972120106 4  67 1092  986      40
1972120112 4  66 1079  986      40
1972120118 4  68 1071  984      40
1972120200 5  71 1062  988      45
1972120206 5  77 1054  990      45
1972120212 5  80 1048  990      45
1972120218 5  81 1041  990      45
1972120300 5  80 1032  988      45
1972120306 5  84 1023  990      45
1972120312 3  88 1018  990      30
1972120318 3  93 1014  995      25
1972120400 3  96 1013  998      25
1972120406 3  98 1008  998      25
1972120412 3  98 1002  998      25
1972120418 1 100  989 1000      15
1972120500 0 100  990 1010      10
1972120506 0 100  988 1010      10
1972120512 0 102  983 1010      10
1972120518 0 103  978 1010      10
1972120600 0 104  972 1010      10
1972120606 0 106  965 1010      10
1972120612 0 107  964 1010      10
1972120618 0 108  962 1010      10
1972120700 0 108  960 1010      10
1972120706 0 109  957 1010      10
66666 0000   39 0036 7222 1 6 Therese                            20110729
1972120106 1  69 1372 1004      15
1972120112 1  72 1362 1004      15
1972120118 2  72 1350 1000      20
1972120200 4  73 1338  995      35
1972120206 4  74 1324  995      40
1972120212 4  77 1308  995      40
1972120218 4  79 1293  995      40
1972120300 4  81 1277  992      40
1972120306 4  82 1259  992      35
1972120312 3  87 1247  995      30
1972120318 3  94 1234  998      25
1972120400 3 101 1225  998      25
1972120406 3 107 1211  998      25
1972120412 3 111 1209  998      25
1972120418 3 117 1204  998      25
1972120500 3 122 1199  995      30
1972120506 3 124 1194  988      30
1972120512 4 124 1193  986      35
1972120518 4 123 1190  981      40
1972120600 4 124 1187  980      40
1972120606 5 126 1184  975      50
1972120612 5 126 1181  970      50
1972120618 5 127 1175  969      50
1972120700 5 128 1171  962      50
1972120706 6 131 1165  952      55
1972120712 6 133 1159  944      55
1972120718 6 137 1154  955      55
1972120800 5 138 1151  955      50
1972120806 5 139 1142  955      50
1972120812 5 139 1136  965      45
1972120818 4 139 1130  970      40
1972120900 4 140 1124  970      40
1972120906 4 140 1116  970      40
1972120912 4 140 1109  970      40
1972120918 4 140 1099  975      40
1972121000 4 141 1089  985      35
1972121006 3 141 1080  994      25
1972121012 1 141 1070 1002      15
1972121018 0 142 1061 1010      10
66666 0000   30 0037 0000 0 6 Violet                             20110729
1972121118 0  60 1720 1004       0
1972121200 0  63 1714 1004       0
1972121206 0  66 1706 1004       0
1972121212 0  70 1700 1002       0
1972121218 1  76 1699 1002      15
1972121300 2  83 1700 1000      20
1972121306 3  89 1704  995      25
1972121312 3  92 1702  995      25
1972121318 3  93 1700  995      25
1972121400 2  97 1698 1000      20
1972121406 2  96 1703 1000      20
1972121412 2  93 1702 1000      20
1972121418 2  93 1697 1002      20
1972121500 2  92 1692 1002      20
1972121506 2  89 1689 1002      20
1972121512 1  87 1687 1004      15
1972121518 1  85 1683 1004      15
1972121600 1  84 1679 1004      15
1972121606 1  84 1674 1004      15
1972121612 1  85 1671 1006      15
1972121618 1  80 1669 1006      15
1972121700 1  74 1670 1006      15
1972121706 0  70 1675 1008       0
1972121712 0  66 1668 1008       0
1972121718 0  65 1660 1008       0
1972121800 0  65 1652 1008       0
1972121806 0  65 1644 1010       0
1972121812 0  65 1640 1010       0
1972121818 0  65 1636 1010       0
1972121900 0  65 1632 1010       0
