66666 0000   58 0001 6401 0 6 Tess                               20110729
1964051300 0 115 1342 1006       0
1964051306 0 117 1338 1006       0
1964051312 0 118 1334 1006       0
1964051318 0 120 1330 1006       0
1964051400 0 121 1327 1006       0
1964051406 1 122 1322 1004      15
1964051412 1 125 1320 1002      15
1964051418 1 127 1319 1002      15
1964051500 2 129 1319 1000      20
1964051506 2 130 1316  999      20
1964051512 2 128 1313 1000      20
1964051518 2 124 1308 1000      20
1964051600 2 119 1303 1000      20
1964051606 2 117 1301 1000      20
1964051612 2 114 1299 1000      20
1964051618 2 113 1297  998      20
1964051700 1 116 1296  998      15
1964051706 1 116 1299  998      15
1964051712 1 120 1306  998      15
1964051718 1 123 1315  997      15
1964051800 2 126 1325  996      20
1964051806 2 127 1327  994      20
1964051812 2 127 1334  992      20
1964051818 3 126 1343  990      25
1964051900 3 125 1355  988      30
1964051906 3 127 1372  986      30
1964051912 4 134 1390  984      35
1964051918 4 143 1405  983      35
1964052000 4 154 1420  981      40
1964052006 4 165 1437  979      40
1964052012 4 170 1456  976      40
1964052018 4 186 1475  974      40
1964052100 5 206 1491  973      45
1964052106 5 223 1504  970      50
1964052112 5 237 1518  966      50
1964052118 5 252 1528  968      50
1964052200 5 266 1530  970      45
1964052206 4 282 1543  974      40
1964052212 4 295 1555  974      35
1964052218 4 308 1567  975      35
1964052300 3 319 1578  980      30
1964052306 3 328 1588  980      30
1964052312 3 335 1599  980      30
1964052318 3 341 1609  985      25
1964052400 9 349 1621  990      25
1964052406 9 353 1635  992       0
1964052412 9 356 1648  996       0
1964052418 9 360 1667 1000       0
1964052500 9 360 1682 1000       0
1964052506 9 360 1692 1002       0
1964052512 9 360 1705 1004       0
1964052518 9 362 1714 1008       0
1964052600 9 365 1727 1008       0
1964052606 9 368 1735 1010       0
1964052612 9 369 1739 1012       0
1964052618 9 370 1740 1012       0
1964052700 9 370 1742 1014       0
1964052706 9 370 1744 1014       0
66666 0000   28 0002 6402 0 6 Viola                              20110729
1964052318 0 156 1120 1004       0
1964052400 0 157 1124 1004       0
1964052406 1 157 1128 1003      12
1964052412 1 158 1133 1002      12
1964052418 1 160 1137 1001      12
1964052500 1 162 1142  995      15
1964052506 2 164 1146  995      20
1964052512 2 167 1150  995      20
1964052518 2 171 1152  995      20
1964052600 3 176 1153  990      25
1964052606 3 179 1152  989      25
1964052612 3 181 1150  987      25
1964052618 3 185 1145  986      30
1964052700 3 192 1142  982      30
1964052706 4 197 1143  980      35
1964052712 4 204 1141  980      35
1964052718 3 212 1137  980      30
1964052800 3 221 1132  982      30
1964052806 2 225 1129  983      20
1964052812 1 228 1127  988      15   20
1964052818 0 234 1128  995      10   15
1964052900 0 240 1129  999       9   15
1964052906 0 248 1132 1001       9   12
1964052912 0 252 1138 1003       9
1964052918 0 255 1142 1004       9
1964053000 0 258 1148 1004       9
1964053006 0 263 1158 1005       9
1964053012 0 270 1168 1006       9
66666 0000   36 0003 6403 1 6 Winnie                             20110729
1964062418 0  86 1421 1008       0
1964062500 0  93 1408 1006       0
1964062506 0 100 1396 1004       0
1964062512 0 108 1385 1004       0
1964062518 0 114 1375 1002       0
1964062600 0 118 1365 1002       0
1964062606 1 122 1355 1000      15
1964062612 1 128 1344 1000      15
1964062618 2 134 1335  998      20
1964062700 2 136 1329  993      20
1964062706 2 134 1324  991      20
1964062712 3 139 1314  989      25
1964062718 3 145 1305  988      30
1964062800 3 144 1294  987      30
1964062806 3 141 1280  986      30
1964062812 4 142 1271  982      35
1964062818 4 144 1263  979      35
1964062900 4 145 1252  975      40
1964062906 4 147 1234  972      40
1964062912 4 146 1220  972      40
1964062918 4 145 1209  971      40
1964063000 4 148 1194  971      40
1964063006 4 156 1181  971      40
1964063012 4 158 1171  970      40
1964063018 5 161 1163  969      45
1964070100 5 165 1154  969      45
1964070106 5 177 1140  960      45
1964070112 5 184 1126  955      45
1964070118 5 186 1117  955      45
1964070200 5 192 1109  955      45
1964070206 4 195 1100  960      40
1964070212 4 198 1091  970      40
1964070218 4 201 1081  970      40
1964070300 4 207 1071  975      35
1964070306 3 212 1057  985      25
1964070312 0 220 1030  990      10
66666 0000   13 0004 0000 0 6 Alice                              20110729
1964062600 0 124 1485 1004       0
1964062606 1 124 1473 1002      15
1964062612 2 125 1460 1000      20
1964062618 3 127 1447  998      25
1964062700 3 128 1435  995      30
1964062706 3 133 1424  995      30
1964062712 3 139 1416  998      25
1964062718 2 145 1409 1000      20
1964062800 2 153 1402 1002      20
1964062806 2 161 1389 1004      20
1964062812 1 162 1378 1004      15
1964062818 1 163 1367 1004      15
1964062900 1 164 1357 1004      15
66666 0000   19 0005 6404 0 6 Betty                              20110729
1964070200 0 211 1330 1010       0
1964070206 1 218 1325 1004      15
1964070212 2 221 1312  999      20
1964070218 3 221 1300  999      25
1964070300 4 224 1289  990      35
1964070306 4 230 1282  985      40
1964070312 4 234 1273  982      40
1964070318 4 238 1264  979      40
1964070400 5 244 1255  974      45
1964070406 5 248 1249  968      45
1964070412 5 253 1244  964      50
1964070418 5 259 1241  960      50
1964070500 6 265 1239  958      55
1964070506 6 271 1236  958      55
1964070512 5 277 1230  973      45
1964070518 4 284 1223  985      35
1964070600 3 295 1229  995      25
1964070606 2 305 1237  998      20
1964070612 1 320 1250 1005      15
66666 0000   25 0006 6405 0 6 Cora                               20110729
1964070500 0  70 1500 1006       0
1964070506 0  77 1484 1006       0
1964070512 0  85 1468 1004       0
1964070518 0  92 1451 1004       0
1964070600 1  98 1436 1002      15
1964070606 2 105 1418 1000      20
1964070612 3 110 1404  998      30
1964070618 5 115 1389  986      45
1964070700 6 118 1375  970      60
1964070706 6 120 1364  970      65
1964070712 6 122 1353  977      65
1964070718 6 124 1341  981      60
1964070800 6 125 1327  985      55
1964070806 5 124 1314  987      50
1964070812 5 121 1304  993      45
1964070818 4 120 1296  998      40
1964070900 3 121 1287 1003      30
1964070906 3 124 1279 1005      25
1964070912 3 125 1271 1005      25
1964070918 2 128 1260 1005      20
1964071000 2 131 1249 1005      20
1964071006 1 129 1239 1005      15
1964071012 0 127 1224 1005       0
1964071018 0 129 1210 1006       0
1964071100 0 130 1195 1006       0
66666 0000   20 0007 6406 0 6 Doris                              20110729
1964071100 0 100 1440 1008       0
1964071106 0 102 1428 1005       0
1964071112 1 104 1414 1005      15
1964071118 2 109 1405 1005      20
1964071200 2 117 1396 1005      20
1964071206 2 131 1380 1005      20
1964071212 3 141 1358 1000      25
1964071218 3 147 1337 1000      25
1964071300 3 155 1320 1000      25
1964071306 3 170 1314  996      30
1964071312 4 182 1303  990      35
1964071318 4 192 1289  981      40
1964071400 4 200 1276  980      40
1964071406 3 211 1265  995      30
1964071412 3 216 1259  996      30
1964071418 3 223 1251  998      25
1964071500 3 231 1245  999      25
1964071506 2 240 1249 1000      20
1964071512 1 245 1253 1003      15
1964071518 0 255 1254 1003       0
66666 0000   19 0008 6407 0 6 Elsie                              20110729
1964071406 1 121 1430 1008      15
1964071412 1 125 1415 1006      15
1964071418 2 129 1401 1006      20
1964071500 2 135 1384 1006      20
1964071506 2 135 1369 1004      20
1964071512 3 132 1353 1004      25
1964071518 3 130 1337 1004      25
1964071600 3 127 1324 1004      30
1964071606 3 133 1307 1000      30
1964071612 4 138 1284 1000      35
1964071618 4 141 1268  999      40
1964071700 4 143 1258  995      40
1964071706 4 148 1243 1000      35
1964071712 3 152 1225 1000      30
1964071718 2 152 1207 1002      20
1964071800 2 157 1200 1004      20
1964071806 1 165 1196 1006      15
1964071812 1 172 1193 1006      15
1964071818 1 180 1190 1006      15
66666 0000   33 0009 6408 0 6 Flossie                            20110729
1964072400 0 180 1280 1004       0
1964072406 0 188 1285 1004       0
1964072412 0 195 1290 1004       0
1964072418 0 202 1295 1004       0
1964072500 1 211 1300 1004      15
1964072506 1 223 1300 1004      15
1964072512 2 233 1296 1000      20
1964072518 2 243 1289 1000      20
1964072600 2 253 1279 1000      20
1964072606 3 257 1271  992      25
1964072612 3 261 1265  986      30
1964072618 3 267 1258  984      30
1964072700 4 273 1250  982      35
1964072706 4 277 1242  980      35
1964072712 4 285 1235  980      35
1964072718 4 296 1229  980      35
1964072800 4 306 1225  980      40
1964072806 4 316 1224  980      40
1964072812 4 328 1225  980      40
1964072818 4 340 1229  980      40
1964072900 4 353 1232  980      35
1964072906 3 372 1240  985      30
1964072912 3 392 1252  987      25
1964072918 1 416 1270  990      15
1964073000 0 437 1285  990      10   15
1964073006 0 453 1294  995      10   15
1964073012 0 461 1301  998       9   15
1964073018 9 465 1306  998       9   12
1964073100 9 469 1309 1000       9
1964073106 9 471 1314 1001       9
1964073112 9 474 1319 1002       9
1964073118 9 478 1323 1004       9
1964080100 9 480 1329 1005       9
66666 0000   41 0010 6409 0 6 Grace                              20110729
1964072518 0 200 1440 1006       0
1964072600 0 197 1425 1006       0
1964072606 0 200 1410 1004       0
1964072612 0 205 1395 1004       0
1964072618 0 209 1380 1004       0
1964072700 1 211 1365 1002      15
1964072706 1 209 1356 1002      15
1964072712 1 214 1347 1002      15
1964072718 1 216 1338 1002      15
1964072800 2 216 1326 1000      20
1964072806 3 210 1320 1000      25
1964072812 3 208 1323 1000      25
1964072818 3 209 1326  998      25
1964072900 3 215 1325  998      25
1964072906 3 214 1315 1000      25
1964072912 2 209 1313 1000      20
1964072918 2 205 1315 1000      20
1964073000 1 209 1316 1000      15
1964073006 1 211 1311 1000      15
1964073012 1 212 1305 1000      15
1964073018 1 213 1298 1000      15
1964073100 1 212 1292 1000      15
1964073106 1 206 1287 1000      15
1964073112 1 205 1297 1000      15
1964073118 1 208 1302 1000      15
1964080100 1 215 1303 1000      15
1964080106 1 221 1307 1000      15
1964080112 1 226 1311 1000      15
1964080118 1 232 1315 1000      15
1964080200 1 238 1318 1000      15
1964080206 1 245 1323 1000      15
1964080212 1 255 1323 1000      15
1964080218 1 270 1315 1000      15
1964080300 1 280 1310 1000      15
1964080306 1 288 1305 1000      15
1964080312 1 295 1300 1000      15
1964080318 0 302 1298 1002       0
1964080400 0 309 1297 1006       0
1964080406 0 316 1296 1008       0
1964080412 0 322 1295 1008       0
1964080418 0 327 1295 1008       0
66666 0000   40 0011 6410 2 6 Helen                              20110729
1964072700 0 169 1500 1006       0
1964072706 0 175 1499 1004       0
1964072712 0 183 1496 1004       0
1964072718 1 191 1493 1004      15
1964072800 2 197 1490 1000      20
1964072806 2 204 1486  994      20
1964072812 3 209 1479  990      25
1964072818 3 215 1472  986      30
1964072900 4 223 1463  980      35
1964072906 5 226 1454  970      45
1964072912 6 227 1443  961      55
1964072918 6 230 1432  952      60
1964073000 6 234 1425  940      65
1964073006 6 240 1417  935      75
1964073012 6 245 1408  943      70
1964073018 6 253 1393  950      65
1964073100 6 261 1379  955      65
1964073106 6 269 1367  955      65
1964073112 6 275 1352  960      60
1964073118 6 283 1337  964      60
1964080100 6 291 1322  967      55
1964080106 5 298 1311  967      50
1964080112 5 306 1297  967      50
1964080118 5 315 1285  968      45
1964080200 4 324 1276  971      40
1964080206 4 332 1269  977      35
1964080212 4 342 1260  978      35
1964080218 4 352 1250  979      35
1964080300 3 363 1240  985      30
1964080306 3 372 1234  990      25
1964080312 3 383 1229  990      25
1964080318 2 398 1224  995      20
1964080400 1 420 1224  998      15
1964080406 1 438 1232  998      15
1964080412 1 452 1248  994      15
1964080418 1 464 1270  994      15
1964080500 9 474 1315  993      15
1964080506 9 471 1370  993      20
1964080512 9 468 1408  997      20
1964080518 9 467 1450  999      12
66666 0000   37 0012 6411 0 6 Ida                                20110729
1964080112 0  65 1500 1006       0
1964080118 0  73 1490 1004       0
1964080200 0  78 1482 1004       0
1964080206 0  82 1476 1002       0
1964080212 1  87 1466 1002      15
1964080218 1  90 1455  998      15
1964080300 2  91 1445  998      20
1964080306 2  98 1432  998      20
1964080312 2 104 1419  998      20
1964080318 2 110 1404  998      20
1964080400 3 120 1385  997      25
1964080406 3 129 1369  992      30
1964080412 4 134 1353  985      35
1964080418 4 143 1335  977      40
1964080500 4 148 1320  974      40
1964080506 6 152 1305  965      55
1964080512 6 158 1292  955      60
1964080518 6 160 1278  946      65
1964080600 6 162 1263  935      75
1964080606 6 166 1251  925      85
1964080612 6 171 1237  934      70
1964080618 6 175 1225  943      65
1964080700 6 178 1210  953      60
1964080706 6 182 1197  961      55
1964080712 5 187 1188  965      50
1964080718 5 191 1179  969      45
1964080800 4 198 1169  972      40
1964080806 4 205 1158  972      40
1964080812 4 213 1146  972      40
1964080818 3 223 1133  972      30
1964080900 2 232 1120  980      20   25
1964080906 0 240 1102  989      10   15
1964080912 0 246 1090  990       9
1964080918 0 244 1078  990       9
1964081000 0 244 1072  990       9
1964081006 0 244 1064  996       9
1964081012 0 240 1055 1000       9
66666 0000   38 0013 6412 0 6 June                               20110729
1964080900 0  90 1437 1007       0
1964080906 0  98 1416 1004       0
1964080912 0 108 1398 1004       0
1964080918 0 118 1380 1004       0
1964081000 0 124 1365 1004       0
1964081006 1 129 1350 1002      15
1964081012 1 136 1334 1002      15
1964081018 1 141 1321 1000      15
1964081100 2 148 1307  998      20
1964081106 2 155 1299  998      20
1964081112 2 162 1288  998      20
1964081118 2 170 1275  998      20
1964081200 2 178 1262  998      20
1964081206 1 185 1245 1002      15
1964081212 1 186 1225 1002      15
1964081218 1 188 1195 1002      15
1964081300 1 189 1167 1003      12
1964081306 1 190 1150 1003      12
1964081312 1 193 1137 1003      12
1964081318 1 195 1128 1003      12
1964081400 1 200 1120 1001      12
1964081406 1 204 1113  999      12
1964081412 1 205 1106  999      12
1964081418 1 205 1100  999      12
1964081500 1 201 1098  999      12
1964081506 1 200 1102  999      12
1964081512 1 199 1110  999      12
1964081518 1 202 1121 1000      12
1964081600 1 206 1130 1000      12
1964081606 1 210 1142  996      12
1964081612 1 215 1152  996      12
1964081618 1 219 1158  996      12
1964081700 0 224 1161  996      10
1964081706 0 227 1165  996       0
1964081712 0 228 1170  997       0
1964081718 0 228 1174  998       0
1964081800 0 229 1179  998       0
1964081806 0 229 1182  997       0
66666 0000   76 0014 6414 1 6 Kathy                              20110729
1964081018 0 245 1610 1008       0
1964081100 0 256 1591 1008       0
1964081106 0 262 1572 1004       0
1964081112 0 264 1557 1004       0
1964081118 0 266 1544 1004       0
1964081200 1 270 1525  998      15
1964081206 2 274 1513  998      20
1964081212 2 279 1502  998      20
1964081218 3 287 1492  990      25
1964081300 4 292 1478  979      35
1964081306 5 295 1464  975      50
1964081312 5 300 1448  976      50
1964081318 5 302 1431  976      50
1964081400 5 301 1415  977      50
1964081406 5 298 1405  979      50
1964081412 5 296 1396  983      50
1964081418 4 295 1385  987      40
1964081500 4 294 1373  989      35
1964081506 4 292 1363  989      35
1964081512 4 290 1352  989      35
1964081518 4 290 1339  989      35
1964081600 4 287 1325  989      35
1964081606 4 280 1311  987      40
1964081612 4 274 1294  983      40
1964081618 4 270 1282  978      40
1964081700 4 265 1274  975      40
1964081706 5 260 1269  972      50
1964081712 5 257 1266  966      50
1964081718 6 253 1264  959      55
1964081800 6 248 1263  952      60
1964081806 6 243 1269  948      65
1964081812 6 242 1283  956      65
1964081818 6 243 1297  961      60
1964081900 6 247 1310  964      60
1964081906 6 255 1315  962      60
1964081912 6 261 1315  960      60
1964081918 6 269 1314  957      60
1964082000 6 274 1311  955      60
1964082006 6 276 1304  952      60
1964082012 6 276 1302  950      60
1964082018 6 274 1302  950      60
1964082100 6 274 1304  950      60
1964082106 6 274 1305  952      55
1964082112 6 276 1305  957      55
1964082118 4 281 1304  962      40
1964082200 4 286 1303  964      40
1964082206 4 291 1303  966      40
1964082212 4 297 1302  966      40
1964082218 4 302 1301  966      40
1964082300 4 308 1302  966      40
1964082306 4 314 1303  966      40
1964082312 4 321 1304  970      35
1964082318 4 329 1309  975      35
1964082400 3 336 1317  980      30
1964082406 3 344 1330  985      30
1964082412 3 352 1345  985      30
1964082418 3 369 1360  990      30
1964082500 3 378 1378  990      30
1964082506 3 394 1405  992      30
1964082512 9 402 1430  994       0
1964082518 9 405 1445  995       0
1964082600 9 407 1459  998       0
1964082606 9 405 1475 1000       0
1964082612 9 405 1489 1002       0
1964082618 9 405 1505 1002       0
1964082700 9 406 1522 1002       0
1964082706 9 410 1540 1002       0
1964082712 9 415 1555 1004       0
1964082718 9 416 1577 1004       0
1964082800 9 417 1600 1004       0
1964082806 9 420 1630 1004       0
1964082812 9 430 1680 1002       0
1964082818 9 437 1730 1000       0
1964082900 9 450 1750  994       0
1964082906 9 470 1770  988       0
1964082912 9 470 1793  982       0
66666 0000   12 0015 0000 0 6 Lorna                              20110729
1964081118 0 157 1394 1002       0
1964081200 1 163 1404 1002      15
1964081206 2 169 1411 1000      20
1964081212 2 177 1416 1000      20
1964081218 2 188 1417 1000      20
1964081300 1 199 1418 1002      15
1964081306 1 209 1425 1004      15
1964081312 1 215 1434 1004      15
1964081318 1 216 1445 1004      15
1964081400 1 220 1454 1006      15
1964081406 1 228 1449 1006      15
1964081412 1 236 1442 1006      15
66666 0000   31 0016 6413 2 6 Marie                              20110729
1964081212 0 190 1285 1002       0
1964081218 0 182 1279 1002       0
1964081300 0 186 1272 1002       0
1964081306 0 190 1270 1002       0
1964081312 0 193 1272 1002       0
1964081318 1 197 1275 1002      15
1964081400 1 199 1280 1002      15
1964081406 2 202 1284 1001      20
1964081412 2 208 1288 1000      20
1964081418 2 215 1291 1000      20
1964081500 2 222 1293 1000      20
1964081506 2 224 1300  998      20
1964081512 2 220 1309  998      20
1964081518 2 212 1318  998      20
1964081600 2 210 1328  998      20
1964081606 2 213 1338  994      20
1964081612 2 219 1342  993      20
1964081618 2 226 1344  992      20
1964081700 3 232 1343  989      25
1964081706 3 242 1341  985      30
1964081712 4 250 1339  984      35
1964081718 4 259 1333  983      40
1964081800 4 268 1325  983      40
1964081806 4 275 1315  985      35
1964081812 3 279 1301  985      30
1964081818 3 280 1284  985      30
1964081900 3 274 1273  985      30
1964081906 3 265 1266  985      25
1964081912 3 256 1269  985      25
1964081918 2 254 1278  987      20
1964082000 1 253 1286  987      15
66666 0000   12 0017 0000 0 6 Nancy                              20110729
1964081700 0 250 1560 1006       0
1964081706 0 260 1555 1004       0
1964081712 0 266 1548 1004       0
1964081718 1 269 1538 1002      15
1964081800 1 270 1531 1002      15
1964081806 1 269 1524 1000      15
1964081812 1 269 1517 1000      15
1964081818 1 269 1509 1000      15
1964081900 1 269 1501 1000      15
1964081906 0 269 1490 1004       0
1964081912 0 269 1479 1004       0
1964081918 0 269 1468 1004       0
66666 0000   15 0018 0000 1 6 Olga                               20110729
1964082106 0 203 1070 1001       0
1964082112 0 203 1072 1001       0
1964082118 0 204 1074 1001       0
1964082200 0 205 1076 1001       0
1964082206 0 206 1078 1001       0
1964082212 1 207 1082 1000      12
1964082218 1 207 1085 1000      12
1964082300 1 205 1085 1000      12
1964082306 1 203 1084  999      15
1964082312 1 202 1082  998      15
1964082318 2 200 1080  998      20
1964082400 2 198 1078  998      20
1964082406 2 197 1074  997      20
1964082412 2 196 1070  997      20
1964082418 3 194 1065  994      25
66666 0000   21 0019 6415 0 6 Ruby                               20110729
1964090106 1 200 1310 1002      15
1964090112 1 198 1302 1002      15
1964090118 2 198 1292  995      20
1964090200 3 197 1281  991      30
1964090206 3 197 1270  989      30
1964090212 3 196 1258  987      30
1964090218 3 196 1245  984      30
1964090300 4 192 1232  982      35
1964090306 4 191 1222  981      35
1964090312 4 191 1212  981      35
1964090318 4 192 1202  980      35
1964090400 4 193 1191  979      35
1964090406 4 196 1181  977      35
1964090412 4 201 1171  972      40
1964090418 5 208 1161  963      45
1964090500 5 213 1150  960      45
1964090506 4 221 1138  960      40
1964090512 3 227 1125  980      25
1964090518 1 234 1115  995      12   15
1964090600 0 238 1109 1002       9
1964090606 0 246 1095 1002       9
66666 0000   35 0020 6416 0 6 Sally                              20110729
1964090300 0  89 1579 1007       0
1964090306 0  89 1570 1006       0
1964090312 0  90 1560 1006       0
1964090318 0  92 1550 1004       0
1964090400 1  96 1542 1002      15
1964090406 2 103 1524 1000      20
1964090412 3 107 1508  998      25
1964090418 3 112 1493  996      30
1964090500 3 120 1480  995      30
1964090506 4 128 1461  990      35
1964090512 5 134 1441  980      45
1964090518 6 139 1422  970      55
1964090600 6 145 1402  960      65
1964090606 6 148 1385  950      75
1964090612 6 153 1368  932      80
1964090618 6 157 1349  915      90
1964090700 6 162 1331  897     100
1964090706 6 168 1312  897     100
1964090712 6 172 1297  897     100
1964090718 6 177 1277  897     100
1964090800 6 180 1262  900      95
1964090806 6 181 1250  910      85
1964090812 6 184 1236  921      75
1964090818 6 186 1225  932      70
1964090900 6 189 1213  943      65
1964090906 6 193 1203  952      60
1964090912 6 198 1190  959      55
1964090918 5 202 1178  960      50
1964091000 5 210 1167  967      45
1964091006 5 218 1158  967      45
1964091012 5 224 1149  967      45
1964091018 2 233 1138  988      15   25
1964091100 1 241 1128  999      10   15
1964091106 1 249 1114 1000       9   15
1964091118 0 256 1094 1005       9
66666 0000   45 0021 6417 1 6 Tilda                              20110729
1964091200 0 167 1406 1006       0
1964091206 0 171 1388 1006       0
1964091212 0 175 1370 1006       0
1964091218 0 178 1351 1004       0
1964091300 0 180 1333 1002       0
1964091306 0 184 1317 1000       0
1964091312 1 190 1297  996      15
1964091318 2 195 1280  994      20
1964091400 3 199 1263  994      30
1964091406 4 203 1242  992      35
1964091412 4 206 1226  988      35
1964091418 4 209 1210  983      40
1964091500 5 211 1194  980      45
1964091506 4 212 1185  983      40
1964091512 4 213 1174  985      35
1964091518 4 212 1166  985      35
1964091600 4 211 1159  986      35
1964091606 3 210 1152  990      30
1964091612 3 209 1150  994      25
1964091618 3 208 1147  994      25
1964091700 3 206 1143  994      25
1964091706 3 202 1142  994      25
1964091712 3 199 1146  994      25
1964091718 3 196 1150  993      25
1964091800 3 194 1152  993      25
1964091806 3 193 1155  992      25
1964091812 3 195 1159  990      25
1964091818 3 196 1154  988      30
1964091900 3 194 1149  987      30
1964091906 3 194 1145  987      30
1964091912 4 193 1139  980      35
1964091918 4 190 1136  973      40
1964092000 5 188 1132  966      45
1964092006 5 186 1129  965      50
1964092012 5 183 1126  965      50
1964092018 5 181 1124  965      50
1964092100 5 178 1121  965      50
1964092106 5 176 1114  970      45
1964092112 4 174 1102  975      40
1964092118 4 172 1095  980      40
1964092200 4 170 1082  985      35
1964092206 3 170 1071  988      30
1964092212 2 171 1061  990      20
1964092218 1 174 1051  995      15
1964092300 0 178 1040  997       0
66666 0000   16 0022 6418 0 6 Violet                             20110729
1964091218 1 128 1181 1006      15
1964091300 1 126 1168 1002      15
1964091306 1 125 1155 1002      15
1964091312 2 125 1144 1000      20
1964091318 2 126 1135  998      20
1964091400 3 127 1125  995      25
1964091406 3 134 1115  990      30
1964091412 4 142 1104  988      35
1964091418 4 150 1094  988      35
1964091500 3 154 1082  990      30
1964091506 3 160 1071  990      25
1964091512 1 167 1065  995      15
1964091518 0 173 1057 1000       0
1964091600 0 176 1053 1002       0
1964091606 0 177 1046 1002       0
1964091612 0 178 1038 1002       0
66666 0000   10 0023 0000 0 6 (nameless)                         20110729
1964091500 0 130 1307 1006       0
1964091506 0 136 1295 1006       0
1964091512 0 142 1284 1006       0
1964091518 0 149 1272 1006       0
1964091600 0 155 1259 1005       0
1964091606 0 165 1245 1004      10
1964091612 1 176 1235 1002      12
1964091618 1 186 1223 1002      15
1964091700 0 197 1209 1004      10
1964091706 0 198 1200 1004      10
66666 0000   41 0024 6419 1 6 Wilda                              20110729
1964091618 0 117 1493 1007       0
1964091700 0 126 1485 1007       0
1964091706 0 133 1478 1007       0
1964091712 0 140 1471 1007       0
1964091718 0 148 1465 1007       0
1964091800 0 155 1458 1007       0
1964091806 0 162 1452 1006       0
1964091812 0 168 1447 1004       0
1964091818 1 174 1443 1004      15
1964091900 1 178 1440 1002      15
1964091906 2 183 1435  998      20
1964091912 3 188 1431  990      30
1964091918 4 192 1427  985      35
1964092000 5 196 1420  975      45
1964092006 6 200 1412  959      60
1964092012 6 201 1405  940      65
1964092018 6 202 1398  921      70
1964092100 6 205 1389  907      75
1964092106 6 213 1379  906      75
1964092112 6 220 1370  912      70
1964092118 6 227 1361  919      70
1964092200 6 233 1351  924      65
1964092206 6 241 1342  924      65
1964092212 6 250 1333  926      60
1964092218 6 254 1325  929      60
1964092300 6 261 1315  931      60
1964092306 6 268 1310  933      55
1964092312 6 275 1306  936      55
1964092318 6 284 1301  938      55
1964092400 5 295 1299  941      50
1964092406 5 308 1303  943      50
1964092412 5 321 1317  950      45
1964092418 4 340 1335  960      40
1964092500 3 360 1364  975      30
1964092506 3 387 1407  980      25
1964092512 9 430 1474  984       0
1964092518 9 450 1550  984       0
1964092600 9 470 1620  978       0
1964092606 9 483 1660  968       0
1964092612 9 494 1720  968       0
1964092618 9 510 1775  970       0
66666 0000   24 0025 0000 0 6 (nameless)                         20110729
1964091818 0 186 1351 1006       0
1964091900 0 189 1343 1005       0
1964091906 0 191 1336 1005       0
1964091912 0 194 1329 1005       0
1964091918 0 194 1321 1005       0
1964092000 0 193 1315 1005       0
1964092006 0 192 1311 1002       0
1964092012 1 191 1308 1002      12
1964092018 1 189 1304 1002      12
1964092100 1 187 1299 1002      12
1964092106 1 184 1295  998      15
1964092112 1 181 1291  998      15
1964092118 1 178 1289  998      15
1964092200 1 175 1286 1000      12
1964092206 1 171 1283 1000      12
1964092212 1 167 1280 1000      12
1964092218 1 164 1275 1000      12
1964092300 1 161 1269 1000      12
1964092306 0 161 1262 1002       0
1964092312 0 160 1255 1002       0
1964092318 0 160 1249 1002       0
1964092400 0 160 1240 1003       0
1964092406 0 162 1230 1003       0
1964092412 0 162 1219 1004       0
66666 0000   18 0026 6420 1 6 Anita                              20110729
1964092312 0 162 1186 1002      10
1964092318 0 153 1182 1002      10
1964092400 0 145 1175 1000      10
1964092406 0 140 1170 1000      10
1964092412 1 136 1165 1000      10   12
1964092418 1 132 1158 1000      10   12
1964092500 1 130 1148  998      10   12
1964092506 1 130 1135  998      12
1964092512 1 131 1121  998      15
1964092518 2 132 1116  995      20
1964092600 2 138 1112  995      20
1964092606 2 148 1114  995      20
1964092612 2 155 1106  995      20
1964092618 2 159 1095  995      20
1964092700 1 160 1085  998      15
1964092706 1 161 1075 1000      15
1964092712 0 163 1065 1000       0
1964092718 0 165 1055 1004       0
66666 0000   28 0027 6421 1 6 Billie                             20110729
1964092418 0 124 1419 1006       0
1964092500 0 124 1411 1006       0
1964092506 0 124 1405 1006       0
1964092512 0 124 1397 1006       0
1964092518 0 125 1389 1006       0
1964092600 0 127 1380 1004       0
1964092606 0 130 1366 1004       0
1964092612 0 135 1353 1002       0
1964092618 1 137 1341 1002      15
1964092700 1 137 1330 1002      15
1964092706 1 135 1320 1002      15
1964092712 1 132 1310 1002      15
1964092718 1 129 1300 1000      15
1964092800 1 127 1288 1000      15
1964092806 2 127 1275  999      20
1964092812 2 129 1259  999      20
1964092818 2 133 1239  998      20
1964092900 2 139 1220  997      20
1964092906 2 151 1200  997      20
1964092912 2 160 1184  997      20
1964092918 3 166 1170  996      25
1964093000 3 170 1154  994      30
1964093006 3 173 1137  996      25
1964093012 3 176 1118  996      25
1964093018 2 177 1100  996      20
1964100100 2 178 1083  996      20
1964100106 2 179 1066  996      20
1964100112 1 185 1053  998      15
66666 0000   28 0028 6422 1 6 Clara                              20110729
1964100112 0  70 1420 1004       0
1964100118 0  75 1400 1004       0
1964100200 1  84 1380 1004      15
1964100206 1  92 1370 1002      15
1964100212 2 100 1360 1002      20
1964100218 2 110 1347 1000      20
1964100300 2 120 1332 1000      20
1964100306 2 134 1322 1000      20
1964100312 2 149 1308  998      20
1964100318 3 151 1292  995      25
1964100400 4 151 1275  990      35
1964100406 4 152 1257  988      35
1964100412 4 156 1245  988      35
1964100418 4 160 1234  988      35
1964100500 3 163 1220  988      30
1964100506 3 164 1204  995      25
1964100512 3 167 1191  990      30
1964100518 4 170 1176  985      35
1964100600 4 172 1164  980      40
1964100606 4 171 1149  975      40
1964100612 4 174 1136  975      40
1964100618 4 175 1124  975      40
1964100700 4 176 1112  975      40
1964100706 4 178 1101  975      40
1964100712 4 179 1091  975      40
1964100718 4 180 1079  975      40
1964100800 4 180 1067  975      40
1964100806 3 181 1057  985      30
66666 0000   64 0029 6423 0 6 Dot                                20110729
1964100318 0  70 1560 1006       0
1964100400 0  70 1540 1006       0
1964100406 0  70 1520 1006       0
1964100412 0  70 1505 1006       0
1964100418 0  70 1495 1006       0
1964100500 0  70 1480 1004       0
1964100506 0  70 1465 1004       0
1964100512 0  70 1449 1004       0
1964100518 0  70 1430 1004       0
1964100600 0  72 1410 1004       0
1964100606 1  75 1390 1004      15
1964100612 1  80 1367 1003      15
1964100618 1  87 1345 1003      15
1964100700 1  97 1325 1003      15
1964100706 1 109 1308 1003      15
1964100712 1 119 1294 1003      15
1964100718 2 126 1278 1002      20
1964100800 2 133 1264 1002      20
1964100806 2 143 1250 1001      20
1964100812 3 151 1242  997      25
1964100818 3 160 1236  990      30
1964100900 4 166 1230  986      35
1964100906 4 172 1220  988      35
1964100912 4 173 1207  991      35
1964100918 4 175 1198  991      35
1964101000 4 177 1192  991      35
1964101006 4 178 1185  991      35
1964101012 4 179 1178  988      40
1964101018 4 180 1171  986      40
1964101100 4 182 1167  984      40
1964101106 5 184 1164  984      45
1964101112 5 187 1158  984      45
1964101118 5 192 1155  984      45
1964101200 5 197 1154  981      45
1964101206 5 204 1151  975      45
1964101212 5 211 1149  975      45
1964101218 5 218 1146  975      45
1964101300 4 226 1146  978      40
1964101306 3 237 1148  990      20   35
1964101312 1 244 1148 1000      10   20
1964101318 1 252 1151 1002       9   12
1964101400 0 265 1162 1006       9   10
1964101406 0 274 1170 1006       9   10
1964101412 0 278 1180 1008       9   10
1964101418 1 287 1208 1008      15
1964101500 9 289 1222 1008      15
1964101506 9 291 1237 1008      15
1964101512 9 289 1250 1010      15
1964101518 9 287 1270 1010      15
1964101600 9 289 1280 1010      15
1964101606 9 293 1287 1006      15
1964101612 9 298 1295 1006      15
1964101618 9 301 1303 1006      15
1964101700 9 307 1316 1006      15
1964101706 9 315 1328 1002      15
1964101712 9 319 1342 1005      15
1964101718 9 323 1360 1005      15
1964101800 9 329 1375 1007      15
1964101806 9 334 1395 1006      15
1964101812 9 335 1415 1006      15
1964101818 9 338 1430 1006       0
1964101900 9 341 1450 1008       0
1964101906 9 348 1477 1012       0
1964101912 9 359 1506 1016       0
66666 0000   10 0030 0000 0 6 Ellen                              20110729
1964100800 1  87 1687 1008      15
1964100806 2  87 1678 1004      20
1964100812 3  86 1669 1000      25
1964100818 3  85 1660 1000      25
1964100900 3  82 1652 1000      25
1964100906 3  78 1644 1000      25
1964100912 3  75 1635 1002      25
1964100918 2  76 1624 1002      20
1964101000 2  76 1613 1004      20
1964101006 1  74 1598 1006      15
66666 0000   40 0031 0000 1 6 Fran                               20110729
1964101300 0 130 1650 1008       0
1964101306 0 131 1643 1008       0
1964101312 0 134 1636 1008       0
1964101318 0 139 1631 1008       0
1964101400 0 144 1626 1008       0
1964101406 0 149 1620 1008       0
1964101412 0 154 1615 1008       0
1964101418 0 160 1610 1008       0
1964101500 0 166 1606 1008       0
1964101506 1 177 1606 1006      15
1964101512 1 182 1612 1006      15
1964101518 1 182 1622 1006      15
1964101600 1 173 1626 1006      15
1964101606 1 171 1614 1004      15
1964101612 1 171 1601 1004      15
1964101618 2 183 1593 1004      20
1964101700 3 198 1593 1000      25
1964101706 3 209 1596 1000      25
1964101712 3 215 1597  998      25
1964101718 3 220 1597  998      25
1964101800 3 226 1594  998      25
1964101806 3 234 1588  996      25
1964101812 3 242 1582  996      25
1964101818 3 250 1579  996      25
1964101900 3 260 1574  996      25
1964101906 3 268 1570  996      25
1964101912 3 280 1566  996      25
1964101918 3 292 1564  996      25
1964102000 3 304 1571  996      25
1964102006 3 314 1584  996      25
1964102012 3 322 1600  996      25
1964102018 3 330 1621  996      25
1964102100 9 336 1645  996      25
1964102106 9 340 1670  996      25
1964102112 9 342 1695  996       0
1964102118 9 342 1721  996       0
1964102200 9 342 1747  996       0
1964102206 9 342 1768  996       0
1964102212 9 343 1786  996       0
1964102218 9 344 1799  996       0
66666 0000   30 0032 6424 1 6 Georgia                            20110729
1964101700 0 110 1430 1006       0
1964101706 0 112 1423 1004       0
1964101712 0 113 1414 1005       0
1964101718 0 115 1404 1006       0
1964101800 0 116 1396 1006       0
1964101806 0 118 1388 1005       0
1964101812 0 119 1379 1005       0
1964101818 0 121 1369 1005       0
1964101900 0 123 1360 1005       0
1964101906 0 125 1349 1004       0
1964101912 0 126 1339 1004       0
1964101918 0 127 1324 1004       0
1964102000 0 129 1306 1001       0
1964102006 1 132 1285 1001      15
1964102012 1 135 1269 1001      15
1964102018 1 139 1250 1001      15
1964102100 2 145 1228  998      20
1964102106 2 154 1209  998      20
1964102112 2 161 1190  998      20
1964102118 2 166 1177  998      20
1964102200 2 171 1161  998      20
1964102206 3 177 1147  996      25
1964102212 3 177 1130  994      25
1964102218 3 177 1116  994      25
1964102300 3 177 1104  994      25
1964102306 2 178 1091  996      20
1964102312 2 178 1077  996      20
1964102318 2 178 1062  998      20
1964102400 1 180 1040 1000      15
1964102406 0 180 1015 1003       0
66666 0000   40 0033 6425 0 6 Hope                               20110729
1964102100 1  72 1575 1006      15
1964102106 1  81 1566 1006      15
1964102112 1  90 1555 1006      15
1964102118 1  96 1541 1006      15
1964102200 1 100 1521 1004      15
1964102206 1 100 1505 1004      15
1964102212 1 101 1486 1004      15
1964102218 1 103 1471 1004      15
1964102300 1 106 1454 1004      15
1964102306 1 111 1443 1004      15
1964102312 1 117 1431 1004      15
1964102318 1 123 1420 1004      15
1964102400 1 130 1410 1004      15
1964102406 1 136 1400 1004      15
1964102412 1 143 1390 1004      15
1964102418 1 149 1382 1002      15
1964102500 1 153 1376 1002      15
1964102506 1 157 1373 1000      15
1964102512 1 162 1371  999      15
1964102518 1 166 1369  998      15
1964102600 1 172 1367  997      15
1964102606 1 177 1365  996      15
1964102612 1 187 1362  996      15
1964102618 2 197 1358  996      20
1964102700 2 205 1357  996      20
1964102706 2 210 1358  994      20
1964102712 3 220 1361  990      25
1964102718 3 233 1370  983      30
1964102800 4 248 1380  977      35
1964102806 4 266 1397  974      40
1964102812 4 282 1419  977      40
1964102818 4 296 1439  979      40
1964102900 4 310 1459  984      35
1964102906 4 325 1480  990      35
1964102912 3 345 1510  996      30
1964102918 3 370 1550  996      30
1964103000 9 386 1600 1000      25
1964103006 9 401 1650 1002      20
1964103012 9 420 1706 1004      15
1964103018 9 434 1767 1006       0
66666 0000   13 0034 6426 1 6 Iris                               20110729
1964110112 1 135 1195 1004      15
1964110118 1 135 1180 1004      15
1964110200 1 136 1165 1002      15
1964110206 1 136 1154 1000      15
1964110212 1 139 1148 1000      15
1964110218 2 142 1141  999      20
1964110300 2 146 1134  998      20
1964110306 3 146 1127  996      25
1964110312 3 145 1119  994      25
1964110318 3 141 1114  990      30
1964110400 3 137 1104  988      30
1964110406 2 137 1089  995      20
1964110412 1 137 1075 1000      15
66666 0000   15 0035 6427 0 6 Joan                               20110729
1964110600 0 120 1221 1006       0
1964110606 0 120 1206 1005       0
1964110612 0 121 1187 1004       0
1964110618 0 123 1170 1002       0
1964110700 0 124 1156 1002       0
1964110706 0 125 1144 1002       0
1964110712 1 128 1135 1002      12
1964110718 1 130 1127 1000      15
1964110800 3 132 1117  998      25
1964110806 3 132 1108 1000      25
1964110812 3 131 1100 1000      25
1964110818 2 131 1093 1000      20
1964110900 1 130 1087 1002      15
1964110906 0 128 1082 1004       0
1964110912 0 125 1075 1006       0
66666 0000   16 0036 6428 1 6 Kate                               20110729
1964111306 1 120 1155 1004      15
1964111312 2 117 1143 1004      20
1964111318 2 112 1132 1000      20
1964111400 2 100 1127 1000      20
1964111406 2  91 1134 1000      20
1964111412 3  95 1137  997      25
1964111418 3  99 1135  994      25
1964111500 3 102 1130  993      30
1964111506 4 105 1125  990      35
1964111512 4 106 1120  990      35
1964111518 4 107 1114  988      35
1964111600 3 111 1106  988      30
1964111606 3 115 1099  992      25
1964111612 2 117 1085  995      20
1964111618 1 120 1075 1002      15
1964111700 0 123 1065 1008       0
66666 0000   44 0037 6429 0 6 Louise                             20110729
1964111400 0  81 1415 1006       0
1964111406 0  81 1408 1004       0
1964111412 0  80 1400 1004       0
1964111418 0  78 1393 1004       0
1964111500 0  77 1387 1004       0
1964111506 1  75 1382 1002      15
1964111512 1  73 1376 1002      15
1964111518 1  70 1370 1002      15
1964111600 2  68 1363  998      20
1964111606 3  67 1354  995      25
1964111612 3  66 1348  990      30
1964111618 4  69 1341  960      40
1964111700 5  71 1334  950      50
1964111706 6  71 1328  941      65
1964111712 6  72 1321  939      65
1964111718 6  77 1313  936      65
1964111800 6  84 1305  926      70
1964111806 6  85 1294  923      80
1964111812 6  86 1281  940      65
1964111818 5  91 1270  960      50
1964111900 4  95 1262  978      40
1964111906 3  98 1252  981      30
1964111912 3 101 1245  983      30
1964111918 3 106 1241  986      25
1964112000 3 110 1239  988      25
1964112006 3 115 1235  990      25
1964112012 3 124 1232  992      25
1964112018 3 138 1226  994      25
1964112100 2 151 1221  996      20
1964112106 1 156 1209 1000      15
1964112112 1 155 1199 1000      15
1964112118 2 152 1193 1000      20
1964112200 3 147 1188 1000      25
1964112206 3 141 1185 1000      25
1964112212 2 136 1185 1000      20
1964112218 2 134 1186 1000      20
1964112300 1 132 1187 1000      15
1964112306 1 131 1188 1002      15
1964112312 0 128 1190 1004      10
1964112318 0 126 1192 1004      10
1964112400 0 124 1194 1004      10
1964112406 0 121 1194 1004       0
1964112412 0 118 1194 1004       0
1964112418 0 115 1194 1006       0
66666 0000   14 0038 6430 0 6 Nora                               20110729
1964112618 1 115 1207 1003      15
1964112700 2 116 1215 1003      20
1964112706 3 120 1215  997      25
1964112712 2 124 1214 1000      20
1964112718 2 127 1215 1000      20
1964112800 1 129 1219 1000      15
1964112806 1 132 1223 1003      15
1964112812 1 135 1228 1004      15
1964112818 1 142 1234 1004      15
1964112900 1 149 1240 1005      12
1964112906 1 157 1243 1003      15
1964112912 1 165 1246 1003      15
1964112918 1 173 1253 1005      12
1964113000 0 176 1260 1008       0
66666 0000   38 0039 6431 0 6 Opal                               20110729
1964120900 1  63 1527 1004      15
1964120906 2  65 1508 1000      20
1964120912 3  65 1488  995      25
1964120918 3  65 1466  990      30
1964121000 4  67 1450  981      35
1964121006 5  72 1434  978      45
1964121012 5  75 1417  972      50
1964121018 6  77 1400  965      55
1964121100 6  79 1384  958      60
1964121106 6  81 1371  942      65
1964121112 6  84 1359  928      75
1964121118 6  88 1348  916      80
1964121200 6  95 1337  904      85
1964121206 6 104 1323  905      85
1964121212 6 111 1311  910      80
1964121218 6 118 1300  917      80
1964121300 6 123 1289  924      75
1964121306 6 129 1277  931      70
1964121312 6 133 1264  937      70
1964121318 6 139 1253  944      65
1964121400 6 142 1243  951      55
1964121406 5 147 1234  960      45
1964121412 4 151 1226  965      40
1964121418 4 156 1211  980      35
1964121500 3 152 1201  990      30
1964121506 3 146 1205  990      25
1964121512 2 153 1206  995      20
1964121518 2 158 1206  995      20
1964121600 2 165 1206 1000      20
1964121606 2 176 1207 1000      20
1964121612 2 191 1213 1000      20
1964121618 2 211 1226 1000      20
1964121700 2 228 1244 1000      20
1964121706 2 240 1272 1000      20
1964121712 2 256 1306 1000      20
1964121718 9 283 1350 1000      20
1964121800 9 290 1385 1000      20
1964121806 9 294 1430 1002      15
66666 0000   10 0040 0000 0 6 (nameless)                         20110729
1964123006 0 114 1307 1004       0
1964123012 0 121 1302 1006       0
1964123018 0 129 1299 1006       0
1964123100 0 137 1296 1006       0
1964123106 1 144 1294 1002      12
1964123112 1 156 1292 1002      12
1964123118 1 163 1312 1002      12
1965010100 0 162 1336 1004       0
1965010106 0 156 1357 1004       0
1965010112 0 146 1375 1004       0
