66666 0000   20 0001 8701 0 6 Orchid                             20110729
1987010900 1  72 1491 1004      12
1987010906 1  76 1478 1004      12
1987010912 1  80 1463 1002      15
1987010918 2  85 1448  995      20
1987011000 3  88 1433  989      25
1987011006 3  92 1420  986      25
1987011012 4  95 1407  977      35
1987011018 4  98 1393  968      40
1987011100 5 102 1380  955      45
1987011106 5 104 1369  955      45
1987011112 5 107 1359  964      45
1987011118 4 109 1349  970      40
1987011200 4 110 1340  980      35
1987011206 4 113 1333  975      35
1987011212 3 117 1327  978      30
1987011218 3 118 1321  985      30
1987011300 3 113 1316  991      25
1987011306 3 105 1314  991      25
1987011312 2 100 1315  995      20
1987011318 2  95 1318  995      20
66666 0000   15 0002 0000 0 6 Percy                              20110729
1987041000 1  70 1460 1006      12
1987041006 1  74 1452 1002      15
1987041012 1  80 1445 1002      15
1987041018 2  86 1437 1000      20
1987041100 2  93 1429  998      20
1987041106 2  98 1423  998      20
1987041112 2 101 1419  998      20
1987041118 1 105 1411 1000      15
1987041200 1 110 1403 1002      15
1987041206 1 112 1392 1004      12
1987041212 1 113 1384 1004      12
1987041218 1 114 1377 1004      12
1987041300 1 114 1370 1004      12
1987041306 1 113 1361 1006      12
1987041312 1 113 1350 1006      12
66666 0000   15 0003 8702 0 6 Ruth                               20110729
1987061612 1 172 1180 1002      12
1987061618 1 175 1175 1002      12
1987061700 1 178 1170 1000      12
1987061706 1 181 1166  998      15
1987061712 1 183 1161  995      15
1987061718 2 190 1156  995      20
1987061800 3 195 1150  992      25
1987061806 3 199 1145  992      25
1987061812 3 203 1135  990      25
1987061818 3 207 1126  990      25
1987061900 3 213 1119  983      30
1987061906 4 220 1107  982      35
1987061912 2 224 1097  990      20
1987061918 1 230 1090  995      15
1987062000 1 232 1075  998      12
66666 0000    8 0004 0000 0 6 (nameless)                         20110729
1987061700 1 220 1224 1004      12
1987061706 1 226 1222 1004      12
1987061712 1 233 1220 1004      12
1987061718 1 241 1221 1002      15
1987061800 1 244 1223 1004      12
1987061806 0 248 1225 1004       9
1987061812 0 251 1226 1004       9
1987061818 0 254 1229 1004       9
66666 0000   26 0005 8703 1 6 Sperry                             20110729
1987062600 0 100 1410 1008      10
1987062606 0 107 1400 1008      10
1987062612 1 115 1390 1006      12
1987062618 1 120 1381 1005      12
1987062700 1 125 1374 1002      15
1987062706 2 132 1370  998      20
1987062712 2 136 1364  995      20
1987062718 3 140 1360  990      25
1987062800 3 144 1356  985      30
1987062806 3 149 1352  980      30
1987062812 3 154 1348  980      30
1987062818 4 163 1344  975      35
1987062900 4 172 1340  975      35
1987062906 4 183 1335  975      35
1987062912 4 195 1329  975      35
1987062918 3 206 1322  980      30
1987063000 3 220 1315  980      30
1987063006 3 233 1315  985      25
1987063012 3 250 1314  985      25
1987063018 3 267 1318  985      25
1987070100 3 281 1327  985      25
1987070106 3 299 1346  990      25
1987070112 2 307 1370  990      20
1987070118 9 315 1400  995      20
1987070200 9 325 1430 1000      20
1987070206 9 335 1460 1004      20
66666 0000   40 0006 8704 2 6 Thelma                             20110729
1987070706 0 120 1500 1002      10
1987070712 0 124 1485 1002      10
1987070718 1 130 1473 1000      12
1987070800 1 137 1462 1000      12
1987070806 1 143 1449 1000      12
1987070812 1 149 1440 1000      15
1987070818 1 154 1431 1000      15
1987070900 2 159 1422  996      20
1987070906 2 163 1411  992      20
1987070912 3 167 1398  985      30
1987070918 3 167 1386  982      30
1987071000 4 170 1369  972      35
1987071006 4 173 1356  960      40
1987071012 4 178 1340  955      40
1987071018 5 179 1326  940      45
1987071100 5 180 1313  930      45
1987071106 5 180 1301  920      50
1987071112 6 180 1289  911      60
1987071118 6 178 1281  916      55
1987071200 6 177 1274  920      55
1987071206 6 179 1269  928      55
1987071212 6 184 1266  930      55
1987071218 5 191 1262  942      50
1987071300 4 201 1261  950      40
1987071306 4 210 1260  950      40
1987071312 4 222 1256  942      40
1987071318 4 235 1255  945      40
1987071400 4 248 1251  947      40
1987071406 5 260 1248  942      45
1987071412 5 273 1249  939      45
1987071418 5 284 1249  945      45
1987071500 4 299 1255  954      40
1987071506 4 317 1263  960      40
1987071512 4 341 1272  975      35
1987071518 3 366 1285  980      30
1987071600 3 403 1303  980      30
1987071606 9 417 1311  980      30
1987071612 9 428 1318  990      15
1987071618 9 453 1325  990      12
1987071700 9 470 1330  992      12
66666 0000   25 0007 8705 0 6 Vernon                             20110729
1987071600 1 100 1430 1004      12
1987071606 1 114 1414 1002      12
1987071612 1 120 1390 1002      12
1987071618 1 122 1370 1000      15
1987071700 2 123 1350  998      20
1987071706 2 124 1332  998      20
1987071712 2 127 1317  998      20
1987071718 2 130 1302  998      20
1987071800 2 133 1289  998      20
1987071806 2 137 1280  998      20
1987071812 2 142 1273  995      20
1987071818 2 150 1268  992      20
1987071900 2 159 1264  990      20
1987071906 3 168 1260  985      25
1987071912 3 178 1254  985      25
1987071918 3 190 1245  985      25
1987072000 3 196 1240  980      30
1987072006 3 203 1236  980      30
1987072012 3 212 1230  980      30
1987072018 3 222 1226  980      30
1987072100 3 231 1222  985      30
1987072106 3 247 1217  990      25
1987072112 2 260 1213  995      20
1987072118 1 269 1214  998      15
1987072200 1 286 1223 1000      12
66666 0000   42 0008 8706 0 6 Wynne                              20110729
1987072206 1  90 1690 1004      12
1987072212 1 100 1674 1004      12
1987072218 1 105 1655 1002      15
1987072300 2 106 1640  998      20
1987072306 2 108 1627  998      20
1987072312 3 109 1610  995      25
1987072318 3 113 1592  990      25
1987072400 3 121 1576  985      30
1987072406 4 127 1562  980      35
1987072412 4 135 1545  965      40
1987072418 4 140 1530  965      40
1987072500 5 149 1511  945      50
1987072506 6 156 1497  940      55
1987072512 6 165 1482  940      55
1987072518 6 172 1465  930      55
1987072600 6 178 1451  923      60
1987072606 6 184 1437  923      60
1987072612 6 190 1420  920      65
1987072618 6 195 1405  920      65
1987072700 6 200 1393  925      65
1987072706 6 207 1382  926      60
1987072712 6 214 1369  928      60
1987072718 6 222 1359  930      60
1987072800 6 229 1349  925      60
1987072806 6 239 1341  925      60
1987072812 6 247 1333  921      60
1987072818 6 257 1327  930      55
1987072900 6 267 1323  940      55
1987072906 5 278 1322  950      50
1987072912 4 292 1325  970      40
1987072918 4 306 1332  975      35
1987073000 3 315 1344  980      30
1987073006 3 321 1358  980      30
1987073012 3 322 1375  980      30
1987073018 3 324 1408  980      30
1987073100 3 324 1434  980      30
1987073106 3 324 1457  980      30
1987073112 3 326 1479  985      25
1987073118 2 328 1499  988      20
1987080100 2 335 1517  990      20
1987080106 1 344 1528  995      15
1987080112 1 350 1538  995      15
66666 0000   32 0009 8707 0 6 Alex                               20110729
1987072206 0  90 1397 1006       9
1987072212 0  93 1388 1004      10
1987072218 1  97 1370 1004      12
1987072300 1 100 1350 1002      15
1987072306 1 105 1330 1000      15
1987072312 2 107 1314  995      20
1987072318 2 114 1305  990      20
1987072400 3 126 1295  985      25
1987072406 3 142 1290  985      25
1987072412 3 154 1278  985      25
1987072418 3 162 1267  985      25
1987072500 3 168 1260  980      30
1987072506 3 175 1255  980      30
1987072512 4 185 1246  975      35
1987072518 4 195 1237  970      35
1987072600 4 202 1230  970      35
1987072606 4 213 1225  970      35
1987072612 4 223 1222  970      35
1987072618 4 236 1221  970      35
1987072700 4 253 1215  970      35
1987072706 4 264 1209  970      35
1987072712 4 277 1208  970      35
1987072718 3 292 1206  985      25
1987072800 3 306 1202  990      25
1987072806 2 322 1201  990      20
1987072812 2 335 1204  990      20
1987072818 2 350 1210  992      20
1987072900 2 358 1218  992      20
1987072906 1 367 1223  992      15
1987072912 1 380 1228  994      15
1987072918 1 388 1237  996      15
1987073000 1 398 1250  997      15
66666 0000   35 0010 8708 1 6 Betty                              20110729
1987080818 1  95 1323 1004      12
1987080900 1 103 1322 1000      15
1987080906 2 105 1321  997      20
1987080912 2 108 1320  993      20
1987080918 3 111 1319  990      25
1987081000 3 113 1318  985      30
1987081006 4 115 1316  980      35
1987081012 4 119 1311  955      40
1987081018 5 120 1304  935      45
1987081100 6 122 1296  917      55
1987081106 6 123 1287  910      60
1987081112 6 123 1276  893      65
1987081118 6 123 1265  891      70
1987081200 6 125 1255  909      65
1987081206 6 126 1243  915      60
1987081212 6 129 1228  925      55
1987081218 5 133 1216  935      50
1987081300 5 137 1203  940      45
1987081306 5 142 1191  940      45
1987081312 5 145 1176  930      50
1987081318 5 148 1163  930      50
1987081400 5 152 1152  930      50
1987081406 5 156 1140  930      50
1987081412 6 158 1127  925      55
1987081418 6 158 1117  925      55
1987081500 5 162 1111  930      50
1987081506 5 167 1100  930      50
1987081512 5 172 1091  935      50
1987081518 5 173 1085  940      45
1987081600 4 176 1077  945      40
1987081606 4 178 1067  945      40
1987081612 3 180 1055  975      30
1987081618 2 182 1035  990      20
1987081700 1 185 1020  995      15
1987081706 1 195  980  996      12
66666 0000   18 0011 8709 3 6 (nameless)                         20110729
1987080918 1 265 1450 1008      12
1987081000 1 275 1438 1006      15
1987081006 1 286 1430 1004      15
1987081012 1 296 1420 1004      15
1987081018 1 310 1416 1004      15
1987081100 2 320 1410 1000      20
1987081106 2 330 1406 1000      20
1987081112 2 336 1406 1002      20
1987081118 2 347 1409 1002      20
1987081200 2 361 1425 1002      20
1987081206 2 368 1438 1004      20
1987081212 2 370 1445 1004      20
1987081218 1 372 1455 1006      15
1987081300 1 375 1462 1010      15
1987081306 1 378 1472 1010      15
1987081312 1 379 1490 1010      15
1987081318 1 378 1515 1010      12
1987081400 1 374 1548 1010      12
66666 0000   42 0012 8710 1 6 Cary                               20110729
1987081218 1 135 1353 1004      15
1987081300 2 137 1343 1000      20
1987081306 3 143 1328  996      25
1987081312 3 149 1321  992      25
1987081318 3 153 1313  990      25
1987081400 3 156 1302  990      25
1987081406 3 158 1295  985      30
1987081412 3 161 1286  985      30
1987081418 3 160 1279  985      30
1987081500 3 161 1275  985      30
1987081506 3 163 1271  985      30
1987081512 3 165 1266  985      30
1987081518 3 165 1262  980      30
1987081600 3 166 1259  980      30
1987081606 3 167 1254  980      30
1987081612 4 168 1247  975      35
1987081618 4 167 1242  975      35
1987081700 4 164 1238  970      35
1987081706 4 163 1235  965      40
1987081712 4 163 1231  965      40
1987081718 4 162 1225  965      40
1987081800 4 161 1214  970      35
1987081806 3 157 1205  970      30
1987081812 3 154 1197  970      30
1987081818 4 151 1185  970      35
1987081900 4 152 1176  970      35
1987081906 4 154 1168  970      35
1987081912 4 156 1161  970      35
1987081918 4 156 1151  970      35
1987082000 4 157 1143  970      35
1987082006 4 158 1137  970      35
1987082012 4 159 1130  970      35
1987082018 4 160 1125  970      35
1987082100 4 162 1120  970      35
1987082106 4 166 1112  970      35
1987082112 4 175 1104  970      35
1987082118 4 183 1092  970      35
1987082200 3 184 1078  973      30
1987082206 3 185 1068  975      25
1987082212 2 189 1056  976      20
1987082218 2 190 1045  980      20
1987082300 1 195 1035  990      15
66666 0000   13 0013 0000 0 6 (nameless)                         20110729
1987081800 1 250 1360 1008      12
1987081806 1 255 1360 1008      12
1987081812 1 262 1361 1006      12
1987081818 1 270 1362 1006      12
1987081900 1 277 1365 1004      15
1987081906 1 285 1369 1004      15
1987081912 1 293 1372 1004      15
1987081918 1 303 1380 1004      15
1987082000 1 312 1386 1004      15
1987082006 1 315 1394 1004      15
1987082012 1 316 1405 1004      15
1987082018 1 316 1415 1006      12
1987082100 0 314 1428 1006      10
66666 0000   47 0014 8711 2 6 Dinah                              20110729
1987082100 1 117 1514 1006      12
1987082106 1 120 1500 1006      12
1987082112 1 124 1481 1004      12
1987082118 1 123 1469 1002      15
1987082200 1 116 1459 1000      15
1987082206 1 114 1443  998      15
1987082212 2 113 1432  995      20
1987082218 2 113 1423  995      20
1987082300 2 114 1415  990      20
1987082306 2 115 1405  990      20
1987082312 3 115 1393  990      25
1987082318 3 118 1382  985      25
1987082400 3 125 1372  980      30
1987082406 3 133 1360  980      30
1987082412 4 139 1349  975      35
1987082418 4 145 1338  975      35
1987082500 4 152 1329  965      40
1987082506 4 160 1319  960      40
1987082512 5 168 1312  950      45
1987082518 5 173 1305  940      50
1987082600 5 179 1303  935      50
1987082606 6 185 1301  920      60
1987082612 6 190 1298  920      60
1987082618 6 195 1296  920      60
1987082700 6 200 1292  920      60
1987082706 6 202 1288  920      60
1987082712 6 204 1284  925      55
1987082718 6 207 1280  930      55
1987082800 6 209 1275  930      55
1987082806 5 212 1272  935      50
1987082812 5 214 1270  940      50
1987082818 5 222 1266  940      50
1987082900 5 231 1264  940      50
1987082906 5 239 1262  945      45
1987082912 5 250 1261  945      45
1987082918 4 264 1260  950      40
1987083000 4 279 1261  955      40
1987083006 4 298 1266  955      40
1987083012 4 317 1274  960      40
1987083018 4 344 1290  960      40
1987083100 4 372 1315  965      35
1987083106 3 394 1332  970      30
1987083112 9 412 1359  970      30
1987083118 9 430 1390  980      25
1987090100 9 452 1422  980      25
1987090106 9 475 1475  980      20
1987090112 9 490 1520  980      20
66666 0000   37 0015 8712 0 6 Gerald                             20110729
1987090200 1 153 1334 1004      12
1987090206 1 158 1328 1004      12
1987090212 1 162 1321 1004      12
1987090218 1 165 1314 1004      12
1987090300 1 166 1306 1004      12
1987090306 1 165 1302 1002      15
1987090312 1 164 1297 1002      15
1987090318 1 163 1292 1002      15
1987090400 1 161 1287 1002      15
1987090406 1 160 1280 1002      15
1987090412 1 157 1275 1002      15
1987090418 1 161 1269 1002      15
1987090500 1 166 1267 1000      15
1987090506 2 166 1267  998      20
1987090512 2 169 1268  995      20
1987090518 2 172 1266  990      20
1987090600 3 174 1266  985      25
1987090606 3 178 1267  985      25
1987090612 3 180 1263  980      30
1987090618 3 182 1262  980      30
1987090700 3 183 1260  980      30
1987090706 4 185 1258  980      35
1987090712 4 188 1256  975      35
1987090718 4 192 1252  970      35
1987090800 4 197 1248  970      35
1987090806 4 201 1241  965      40
1987090812 5 203 1232  960      45
1987090818 5 207 1223  955      45
1987090900 5 210 1218  955      45
1987090906 5 214 1211  955      45
1987090912 5 218 1205  955      45
1987090918 4 225 1199  965      40
1987091000 4 232 1195  975      35
1987091006 3 241 1191  975      30
1987091012 3 248 1185  980      30
1987091018 2 252 1177  995      15   20
1987091100 1 260 1160 1002      12
66666 0000   15 0016 0000 0 6 (nameless)                         20110729
1987090206 1 168 1195 1002      12
1987090212 1 167 1184 1002      12
1987090218 1 166 1174 1002      12
1987090300 1 165 1164 1002      12
1987090306 1 164 1155 1002      12
1987090312 1 163 1150 1000      15
1987090318 1 160 1144 1000      15
1987090400 1 157 1138 1000      15
1987090406 1 156 1132 1000      15
1987090412 1 155 1128 1000      15
1987090418 1 155 1120 1002      12
1987090500 1 154 1110 1002      12
1987090506 1 153 1100 1002      12
1987090512 1 153 1090 1002      12
1987090518 0 153 1079 1002      10
66666 0000   59 0017 8713 1 6 Freda                              20110729
1987090500 1 130 1440 1004      12
1987090506 1 137 1430 1002      12
1987090512 1 141 1421 1002      15
1987090518 1 144 1410 1000      15
1987090600 2 148 1405  998      20
1987090606 2 150 1407  995      20
1987090612 2 151 1411  990      20
1987090618 3 151 1413  990      25
1987090700 3 153 1416  990      25
1987090706 3 154 1414  990      25
1987090712 3 156 1413  985      30
1987090718 3 157 1410  980      30
1987090800 4 158 1408  970      35
1987090806 4 160 1406  965      35
1987090812 4 162 1402  960      40
1987090818 5 164 1397  950      45
1987090900 5 166 1391  950      45
1987090906 5 167 1386  945      50
1987090912 6 168 1382  935      55
1987090918 6 170 1377  930      55
1987091000 6 170 1373  920      60
1987091006 6 172 1372  915      65
1987091012 6 174 1370  915      60
1987091018 6 175 1368  920      60
1987091100 6 176 1368  930      55
1987091106 5 180 1372  930      50
1987091112 5 183 1374  935      50
1987091118 5 187 1377  940      45
1987091200 4 188 1380  945      40
1987091206 4 192 1384  950      40
1987091212 4 198 1388  950      40
1987091218 4 203 1391  950      35
1987091300 4 209 1392  955      35
1987091306 4 214 1394  960      35
1987091312 4 222 1398  960      35
1987091318 4 226 1398  960      35
1987091400 4 233 1399  960      35
1987091406 3 241 1401  970      30
1987091412 3 249 1402  970      30
1987091418 3 255 1402  970      30
1987091500 3 265 1402  970      30
1987091506 3 275 1399  970      30
1987091512 3 285 1399  970      30
1987091518 3 294 1401  970      30
1987091600 3 304 1402  975      30
1987091606 3 311 1408  975      30
1987091612 3 319 1413  980      25
1987091618 3 329 1421  980      25
1987091700 2 335 1430  980      20
1987091706 2 337 1445  985      20
1987091712 9 341 1462  985      20
1987091718 9 350 1480  988      20
1987091800 9 360 1500  980      25
1987091806 9 368 1520  980      25
1987091812 9 377 1543  980      25
1987091818 9 397 1572  985      20
1987091900 9 420 1590  988      20
1987091906 9 440 1610  990      20
1987091912 9 470 1630  990      20
66666 0000   54 0018 8714 0 6 Holly                              20110729
1987090500 0 115 1700 1004      10
1987090506 0 120 1695 1004      10
1987090512 1 124 1687 1000      12
1987090518 1 127 1680  998      15
1987090600 1 124 1665  998      15
1987090606 2 126 1650  995      20
1987090612 3 128 1644  990      25
1987090618 3 132 1638  980      30
1987090700 4 136 1628  970      35
1987090706 4 140 1620  960      40
1987090712 5 146 1614  950      45
1987090718 5 152 1606  940      50
1987090800 5 158 1599  930      50
1987090806 6 164 1591  920      55
1987090812 6 170 1583  920      55
1987090818 6 173 1574  920      55
1987090900 6 177 1568  910      55
1987090906 6 180 1562  905      60
1987090912 6 183 1558  905      60
1987090918 6 187 1556  900      65
1987091000 6 193 1553  900      65
1987091006 6 200 1552  905      60
1987091012 6 206 1555  905      60
1987091018 6 213 1557  910      60
1987091100 6 220 1557  915      55
1987091106 5 230 1558  920      50
1987091112 5 240 1559  920      50
1987091118 5 250 1558  925      50
1987091200 5 255 1552  930      45
1987091206 4 261 1550  945      40
1987091212 4 264 1551  950      40
1987091218 4 268 1552  955      35
1987091300 4 271 1554  955      35
1987091306 4 272 1562  960      35
1987091312 4 275 1570  960      35
1987091318 3 278 1576  965      30
1987091400 3 280 1582  970      30
1987091406 3 284 1584  980      30
1987091412 3 288 1585  980      25
1987091418 3 290 1586  985      25
1987091500 3 292 1588  985      25
1987091506 3 294 1587  985      25
1987091512 3 296 1584  985      25
1987091518 3 300 1582  985      25
1987091600 2 302 1582  990      20
1987091606 2 304 1583  990      20
1987091612 1 308 1585  994      15
1987091618 1 313 1591  994      15
1987091700 1 323 1595  996      15
1987091706 1 334 1598  996      15
1987091712 1 345 1600  996      15
1987091718 1 365 1602  996      15
1987091800 1 385 1610  996      15
1987091806 1 410 1615  998      12
66666 0000   41 0019 8715 2 6 Ian                                20110729
1987092312 1 160 1460 1004      12
1987092318 1 163 1459 1002      12
1987092400 1 167 1458  998      15
1987092406 2 170 1455  995      20
1987092412 2 174 1447  995      20
1987092418 3 177 1439  990      25
1987092500 3 183 1434  980      30
1987092506 3 189 1427  975      30
1987092512 4 193 1421  965      35
1987092518 4 199 1415  960      40
1987092600 4 206 1409  960      40
1987092606 4 215 1403  960      40
1987092612 4 221 1398  960      40
1987092618 4 226 1391  960      40
1987092700 4 231 1386  960      40
1987092706 4 233 1381  960      40
1987092712 4 234 1379  965      35
1987092718 4 236 1379  965      35
1987092800 4 236 1379  965      35
1987092806 4 236 1379  965      35
1987092812 4 236 1379  965      35
1987092818 4 236 1379  965      35
1987092900 4 236 1379  965      35
1987092906 4 236 1379  965      35
1987092912 4 240 1375  965      35
1987092918 3 242 1372  975      30
1987093000 3 242 1370  975      30
1987093006 3 242 1370  975      30
1987093012 3 249 1370  975      30
1987093018 3 255 1375  975      30
1987100100 3 260 1380  980      30
1987100106 3 267 1386  980      25
1987100112 3 272 1392  985      25
1987100118 3 279 1402  985      25
1987100200 3 289 1414  985      25
1987100206 2 297 1427  990      20
1987100212 2 303 1444  992      20
1987100218 2 314 1463  992      20
1987100300 9 322 1482  992      20
1987100306 9 331 1504  992      20
1987100312 9 340 1527  992      20
66666 0000   28 0020 8716 0 6 Peke                               20110729
1987092700 3 215 1815  980      30
1987092706 3 222 1813  980      30
1987092712 4 228 1812  975      35
1987092718 4 233 1810  975      35
1987092800 4 237 1807  970      35
1987092806 4 242 1802  965      40
1987092812 4 245 1794  960      40
1987092818 4 248 1784  955      40
1987092900 5 252 1772  950      45
1987092906 5 257 1760  950      45
1987092912 5 263 1744  950      45
1987092918 4 272 1730  955      40
1987093000 4 283 1719  955      40
1987093006 4 294 1708  955      40
1987093012 4 302 1699  960      40
1987093018 4 311 1695  960      40
1987100100 4 316 1692  965      35
1987100106 4 319 1691  965      35
1987100112 4 319 1695  970      35
1987100118 4 318 1699  970      35
1987100200 3 313 1701  975      30
1987100206 3 306 1709  980      30
1987100212 3 300 1717  985      25
1987100218 3 296 1723  985      25
1987100300 2 290 1730  990      20
1987100306 2 283 1737  994      20
1987100312 2 277 1743  994      20
1987100318 1 270 1750  996      15
66666 0000   13 0021 8717 0 6 June                               20110729
1987092900 1 235 1555 1002      12
1987092906 1 250 1550 1000      15
1987092912 1 265 1535  998      15
1987092918 2 276 1518  996      20
1987093000 2 280 1493  995      20
1987093006 2 278 1485  995      20
1987093012 2 284 1486  995      20
1987093018 2 290 1488  995      20
1987100100 1 298 1491  998      15
1987100106 1 304 1498  998      15
1987100112 1 310 1505  998      15
1987100118 1 318 1509 1000      12
1987100200 1 325 1513 1000      12
66666 0000   37 0022 8718 1 6 Kelly                              20110729
1987101000 1 125 1370 1000      12
1987101006 1 132 1370 1000      12
1987101012 1 137 1375 1000      15
1987101018 2 145 1380  995      20
1987101100 2 152 1382  995      20
1987101106 3 156 1379  992      25
1987101112 3 159 1375  990      25
1987101118 3 162 1372  990      25
1987101200 3 165 1371  985      30
1987101206 4 170 1371  980      35
1987101212 4 175 1371  975      35
1987101218 4 179 1370  970      35
1987101300 4 184 1367  965      40
1987101306 4 190 1364  965      40
1987101312 4 195 1360  965      40
1987101318 4 204 1357  965      40
1987101400 4 213 1351  965      40
1987101406 4 224 1344  964      40
1987101412 4 233 1339  965      40
1987101418 4 241 1330  965      40
1987101500 4 249 1324  965      40
1987101506 4 257 1320  965      40
1987101512 4 266 1318  965      40
1987101518 4 277 1320  965      40
1987101600 4 290 1324  965      40
1987101606 4 306 1329  970      35
1987101612 4 323 1335  970      35
1987101618 3 344 1346  975      30
1987101700 3 369 1364  985      25
1987101706 9 395 1392  985      25
1987101712 9 416 1420  985      20
1987101718 9 430 1450  982      20
1987101800 9 435 1475  980      25
1987101806 9 440 1510  980      25
1987101812 9 440 1565  980      25
1987101818 9 440 1610  980      25
1987101900 9 450 1680  980      25
66666 0000   50 0023 8719 0 6 Lynn                               20110729
1987101600 0 120 1550 1005      10
1987101606 1 125 1543 1004      12
1987101612 1 129 1537 1004      15
1987101618 2 132 1530  998      20
1987101700 2 134 1520  995      20
1987101706 2 135 1510  995      20
1987101712 3 135 1500  990      25
1987101718 3 135 1489  990      25
1987101800 3 138 1475  980      30
1987101806 3 142 1466  980      30
1987101812 4 147 1460  975      35
1987101818 4 151 1453  970      35
1987101900 4 156 1445  965      40
1987101906 4 161 1435  960      40
1987101912 5 165 1427  950      45
1987101918 5 169 1420  940      50
1987102000 6 174 1412  930      60
1987102006 6 177 1402  920      65
1987102012 6 178 1392  910      70
1987102018 6 178 1381  915      65
1987102100 6 180 1371  925      60
1987102106 6 182 1358  930      60
1987102112 6 185 1340  935      55
1987102118 6 187 1326  935      55
1987102200 6 182 1307  935      55
1987102206 5 181 1293  935      50
1987102212 5 180 1280  935      50
1987102218 5 180 1263  940      45
1987102300 5 183 1249  940      45
1987102306 5 186 1237  940      45
1987102312 5 188 1225  940      45
1987102318 5 190 1215  945      45
1987102400 4 193 1210  950      40
1987102406 4 196 1203  955      40
1987102412 4 198 1200  960      35
1987102418 4 201 1197  960      35
1987102500 3 202 1195  970      30
1987102506 3 206 1193  975      30
1987102512 3 208 1191  985      25
1987102518 3 209 1189  985      25
1987102600 3 209 1189  990      25
1987102606 2 209 1189  995      20
1987102612 2 210 1187  995      20
1987102618 2 210 1184  996      20
1987102700 2 210 1180  996      20
1987102706 2 210 1173 1000      20
1987102712 1 210 1164 1002      15
1987102718 1 212 1156 1004      15
1987102800 1 215 1145 1006      15
1987102806 0 222 1133 1008      10
66666 0000   29 0024 8720 0 6 Maury                              20110729
1987111212 1 122 1280 1004      12
1987111218 1 135 1275 1004      12
1987111300 1 136 1273 1004      15
1987111306 1 137 1268 1002      15
1987111312 1 137 1263 1002      15
1987111318 1 135 1258 1002      15
1987111400 1 130 1253 1002      15
1987111406 1 128 1250 1004      15
1987111412 1 127 1247 1004      15
1987111418 1 127 1242 1004      12
1987111500 1 128 1234 1004      12
1987111506 1 128 1228 1006      12
1987111512 1 128 1220 1006      12
1987111518 1 129 1206 1004      12
1987111600 1 129 1193 1004      15
1987111606 1 129 1180 1002      15
1987111612 1 130 1168 1002      15
1987111618 2 132 1153 1000      20
1987111700 2 134 1140  998      20
1987111706 3 134 1129  998      25
1987111712 3 132 1121  998      25
1987111718 2 134 1116  998      20
1987111800 2 136 1110  998      20
1987111806 2 137 1105 1000      20
1987111812 1 137 1100 1000      15
1987111818 1 136 1095 1002      12
1987111900 1 131 1090 1002      12
1987111906 0 124 1094 1005      10
1987111912 0 116 1097 1006      10
66666 0000   40 0025 8721 0 6 Nina                               20110729
1987111912 1  35 1590 1004      12
1987111918 1  45 1573 1000      15
1987112000 2  54 1558  995      20
1987112006 3  61 1543  990      25
1987112012 3  68 1538  990      25
1987112018 3  75 1512  985      25
1987112100 3  82 1495  985      30
1987112106 3  88 1478  985      30
1987112112 3  93 1458  985      30
1987112118 3  99 1442  980      30
1987112200 3 103 1427  980      30
1987112206 3 106 1409  980      30
1987112212 3 109 1391  980      30
1987112218 4 110 1375  975      35
1987112300 4 111 1360  975      35
1987112306 4 111 1348  970      40
1987112312 4 112 1338  970      40
1987112318 4 113 1327  970      40
1987112400 4 115 1316  965      40
1987112406 5 118 1306  965      45
1987112412 5 120 1297  960      45
1987112418 5 123 1287  960      45
1987112500 5 126 1274  955      50
1987112506 5 129 1260  945      50
1987112512 5 131 1243  945      50
1987112518 5 133 1225  950      50
1987112600 5 136 1204  950      50
1987112606 5 141 1188  950      45
1987112612 5 146 1171  950      45
1987112618 5 152 1159  950      45
1987112700 5 159 1149  950      45
1987112706 5 167 1137  950      45
1987112712 4 176 1131  960      40
1987112718 4 184 1129  960      40
1987112800 4 193 1129  960      40
1987112806 4 200 1133  965      35
1987112812 3 201 1143  970      30
1987112818 3 199 1154  985      25
1987112900 2 193 1163 1000      15   30
1987112906 2 193 1178 1004      15   30
66666 0000    9 0026 0000 0 6 Ogden                              20110729
1987112300 1 116 1155 1007      12
1987112306 1 117 1149 1006      12
1987112312 1 119 1142 1006      15
1987112318 1 120 1135 1004      15
1987112400 2 120 1128 1000      20
1987112406 2 120 1122 1000      20
1987112412 2 121 1115 1002      20
1987112418 1 122 1104 1002      15
1987112500 1 123 1088 1002      12
66666 0000   36 0027 8722 0 6 Phyllis                            20110729
1987121106 0  86 1420 1005      10
1987121112 1  95 1417 1005      12
1987121118 1 100 1415 1005      12
1987121200 1 110 1413  998      15
1987121206 2 118 1409  998      20
1987121212 2 125 1407  998      20
1987121218 2 134 1404  996      20
1987121300 2 138 1400  996      20
1987121306 2 138 1398  994      20
1987121312 2 135 1390  994      20
1987121318 2 128 1379  994      20
1987121400 2 123 1368  994      20
1987121406 2 122 1354  994      20
1987121412 3 119 1340  990      25
1987121418 3 116 1325  985      25
1987121500 3 115 1309  970      30
1987121506 4 116 1294  965      35
1987121512 4 116 1279  960      35
1987121518 4 117 1264  960      40
1987121600 4 118 1251  955      40
1987121606 4 120 1241  960      40
1987121612 4 122 1235  970      35
1987121618 4 124 1228  975      35
1987121700 4 126 1221  975      35
1987121706 3 126 1214  975      30
1987121712 3 125 1208  975      30
1987121718 3 123 1202  980      30
1987121800 3 120 1194  985      25
1987121806 3 116 1184  985      25
1987121812 3 120 1172  985      25
1987121818 3 122 1164  985      25
1987121900 3 126 1155  985      25
1987121906 2 125 1148  990      20
1987121912 1 121 1144  996      15
1987121918 1 116 1141 1000      15
1987122000 1 110 1138 1002      15
