66666 0000   32 0001 7301 0 6 Wilda                              20110729
1973062806 0 105 1278 1004      10
1973062812 0 115 1274 1004      10
1973062818 0 125 1269 1004      10
1973062900 1 134 1264 1004      15
1973062906 1 142 1256 1004      15
1973062912 1 150 1245 1004      15
1973062918 1 159 1233 1004      15
1973063000 1 165 1221 1004      15
1973063006 1 169 1210 1003      15
1973063012 1 175 1200 1003      15
1973063018 1 179 1192 1002      15
1973070100 2 184 1188  998      20
1973070106 2 189 1185  996      20
1973070112 3 195 1182  994      25
1973070118 3 201 1180  990      25
1973070200 3 208 1178  982      30
1973070206 3 214 1177  982      30
1973070212 3 220 1176  982      30
1973070218 4 228 1177  980      35
1973070300 4 236 1179  978      35
1973070306 4 245 1182  978      35
1973070312 3 254 1185  988      25
1973070318 1 263 1188  990      15   20
1973070400 0 275 1191  994      10   20
1973070406 0 288 1189 1000       9   15
1973070412 0 294 1171 1000      10   12
1973070418 0 292 1168 1000      10   12
1973070500 0 292 1163 1000      10   15
1973070506 0 295 1156 1002      10   15
1973070512 0 298 1149 1002      10
1973070518 0 296 1139 1002       9
1973070600 0 289 1129 1003       9
66666 0000   24 0002 7302 1 6 Anita                              20110729
1973070306 1 108 1100 1000      12
1973070312 1 115 1105 1000      12
1973070318 1 123 1113 1000      12
1973070400 1 126 1119 1000      12
1973070406 1 123 1127 1000      15
1973070412 1 112 1130  999      15
1973070418 1 116 1122  998      15
1973070500 1 120 1115  998      15
1973070506 1 112 1117  998      15
1973070512 2 116 1122  995      20
1973070518 2 118 1123  995      20
1973070600 2 121 1124  993      20
1973070606 3 123 1124  992      25
1973070612 3 128 1122  991      25
1973070618 3 135 1117  990      30
1973070700 4 145 1111  983      35
1973070706 4 158 1104  983      40
1973070712 4 168 1098  980      40
1973070718 4 175 1088  975      40
1973070800 4 180 1078  975      40
1973070806 4 184 1068  975      40
1973070812 4 188 1059  975      40
1973070818 3 191 1047  985      30
1973070900 1 195 1034  990      15
66666 0000   35 0003 7303 0 6 Billie                             20110729
1973071112 0 116 1293 1004       0
1973071118 0 123 1286 1004       0
1973071200 0 130 1280 1004      10
1973071206 1 137 1274 1003      12
1973071212 1 143 1269 1003      15
1973071218 1 152 1263 1000      15
1973071300 1 160 1259  996      15
1973071306 2 168 1256  990      20
1973071312 3 175 1255  988      25
1973071318 3 182 1254  986      30
1973071400 4 186 1255  985      35
1973071406 4 192 1256  975      35
1973071412 4 197 1256  960      40
1973071418 5 203 1255  945      50
1973071500 6 211 1253  920      65
1973071506 6 218 1252  930      60
1973071512 5 226 1251  940      50
1973071518 5 235 1251  950      50
1973071600 5 241 1253  940      50
1973071606 6 249 1255  928      60
1973071612 6 256 1258  917      65
1973071618 6 266 1255  932      60
1973071700 6 276 1252  940      55
1973071706 5 285 1253  950      50
1973071712 5 294 1254  955      45
1973071718 4 304 1254  960      40
1973071800 4 315 1251  965      40
1973071806 4 326 1245  970      35
1973071812 3 337 1234  975      30
1973071818 3 344 1224  980      25
1973071900 3 352 1219  980      25
1973071906 3 361 1215  980      25
1973071912 1 374 1211  984      12   25
1973071918 1 403 1207  985      12
1973072000 0 427 1208  990      10   12
66666 0000   38 0004 7304 0 6 Dot                                20110729
1973071112 0 127 1113 1004       0
1973071118 0 131 1118 1004      10
1973071200 1 135 1123 1002      15
1973071206 1 140 1130 1002      15
1973071212 1 144 1136 1002      15
1973071218 1 150 1142 1002      15
1973071300 1 154 1148 1000      15
1973071306 1 158 1151 1000      15
1973071312 1 162 1153 1000      15
1973071318 1 166 1154 1000      15
1973071400 1 170 1152  997      15
1973071406 2 173 1150  995      20
1973071412 2 176 1146  994      20
1973071418 3 177 1141  992      25
1973071500 3 176 1137  990      25
1973071506 3 181 1136  988      30
1973071512 4 185 1134  985      35
1973071518 4 190 1134  985      35
1973071600 4 196 1133  980      35
1973071606 4 203 1136  980      35
1973071612 4 211 1139  980      35
1973071618 4 220 1142  975      35
1973071700 3 227 1148  980      25
1973071706 3 234 1153  982      25
1973071712 1 242 1164  984      15   25
1973071718 0 250 1176  985      10   20
1973071800 0 260 1192  987      10   20
1973071806 2 270 1210  987      20
1973071812 2 277 1225  990      20
1973071818 2 280 1242  990      20
1973071900 2 284 1257  987      20
1973071906 2 291 1266  990      20
1973071912 2 301 1270  990      20
1973071918 2 312 1271  990      20
1973072000 1 325 1269  995      15
1973072006 1 340 1260  995      15
1973072012 0 359 1251  995      10
1973072018 0 378 1250  998      10
66666 0000   13 0005 0000 2 6 Clara                              20110729
1973071218 0 272 1618 1008      10
1973071300 1 280 1610 1004      15
1973071306 2 290 1603 1000      20
1973071312 3 299 1600  996      25
1973071318 3 308 1600 1000      25
1973071400 3 318 1601 1000      25
1973071406 3 329 1612 1000      25
1973071412 3 339 1629 1000      25
1973071418 3 344 1655  995      30
1973071500 3 349 1681  995      30
1973071506 3 364 1705  990      30
1973071512 3 381 1729  990      30
1973071518 3 395 1745  995      25
66666 0000   53 0006 7305 0 6 Ellen                              20110729
1973071600 1 200 1365 1008      15
1973071606 1 202 1372 1006      15
1973071612 1 204 1379 1004      15
1973071618 1 206 1385 1004      15
1973071700 1 208 1389 1004      15
1973071706 1 211 1391 1002      15
1973071712 1 215 1392 1000      15
1973071718 2 219 1391  998      20
1973071800 3 222 1388  977      30
1973071806 4 226 1383  975      35
1973071812 4 231 1381  970      40
1973071818 5 238 1381  960      45
1973071900 6 246 1382  943      55
1973071906 5 259 1383  943      50
1973071912 5 270 1384  955      45
1973071918 4 283 1384  965      40
1973072000 4 295 1382  975      35
1973072006 3 308 1378  982      30
1973072012 3 315 1371  986      25
1973072018 2 321 1363  989      20
1973072100 2 323 1366  990      20
1973072106 2 320 1366  992      20
1973072112 2 316 1365  994      20
1973072118 1 313 1363  995      15
1973072200 1 311 1361  995      15
1973072206 1 309 1359  995      15
1973072212 1 308 1355  995      15
1973072218 1 308 1351  995      15
1973072300 1 308 1342  997      15
1973072306 1 307 1335  998      15
1973072312 1 306 1328 1000      12
1973072318 1 303 1313 1000      12
1973072400 1 302 1302 1000      15
1973072406 2 306 1296 1000      20
1973072412 2 310 1294 1000      20
1973072418 1 313 1294 1002      15
1973072500 1 319 1295 1002      15
1973072506 1 323 1300 1002      12
1973072512 0 327 1308 1002      10
1973072518 0 328 1318 1002      10
1973072600 0 329 1325 1004      10
1973072606 0 328 1331 1004      10
1973072612 0 327 1338 1004      10
1973072618 0 325 1342 1004      10
1973072700 0 324 1346 1002      10
1973072706 1 322 1349 1000      15
1973072712 1 321 1352 1000      15
1973072718 1 320 1356 1000      15
1973072800 2 320 1360  998      20
1973072806 3 325 1365  995      25
1973072812 3 330 1370  990      25
1973072818 2 335 1372  996      20
1973072900 2 339 1375 1000      20
66666 0000   28 0007 7306 0 6 Fran                               20110729
1973072412 0 116 1380 1008       0
1973072418 0 117 1374 1008       0
1973072500 0 121 1368 1008       0
1973072506 0 124 1364 1008       0
1973072512 0 127 1362 1008       0
1973072518 0 131 1359 1008       0
1973072600 0 135 1356 1008       0
1973072606 0 139 1352 1008       0
1973072612 0 145 1345 1008       0
1973072618 0 152 1337 1008       0
1973072700 0 159 1328 1008       0
1973072706 0 165 1319 1008       0
1973072712 0 171 1309 1006      10
1973072718 0 177 1299 1006      10
1973072800 1 182 1285 1006      12
1973072806 1 185 1273 1006      12
1973072812 1 189 1258 1004      15
1973072818 1 192 1244 1004      15
1973072900 1 192 1235 1000      15
1973072906 2 192 1232 1000      20
1973072912 2 193 1228 1004      20
1973072918 1 194 1223 1004      12
1973073000 1 207 1221 1004      12
1973073006 1 220 1232 1004      12
1973073012 1 231 1240 1000      15
1973073018 0 244 1249 1005      10
1973073100 0 254 1258 1006      10
1973073106 0 262 1267 1006      10
66666 0000   39 0008 7307 0 6 Georgia                            20110729
1973080512 0 205 1216 1007      10
1973080518 0 203 1209 1007      10
1973080600 0 202 1202 1007      10
1973080606 0 200 1199 1005      10
1973080612 0 199 1197 1005      10
1973080618 0 198 1196 1005      10
1973080700 0 198 1194 1005      10
1973080706 0 198 1194 1005      10
1973080712 0 198 1194 1004      10
1973080718 0 198 1192 1004      10
1973080800 0 198 1191 1004      10
1973080806 1 198 1187 1002      12
1973080812 1 198 1184 1002      12
1973080818 1 198 1180 1002      12
1973080900 1 198 1175  998      15
1973080906 2 199 1168  990      20
1973080912 3 198 1159  985      25
1973080918 3 196 1150  980      30
1973081000 3 195 1142  978      30
1973081006 4 194 1133  970      35
1973081012 4 192 1126  970      35
1973081018 4 190 1122  968      35
1973081100 4 190 1118  968      35
1973081106 4 193 1115  965      35
1973081112 4 197 1114  965      35
1973081118 4 201 1113  960      35
1973081200 4 205 1112  963      35
1973081206 4 212 1112  964      35
1973081212 3 218 1109  970      30
1973081218 2 224 1106  985      20
1973081300 0 232 1105  990      10   15
1973081306 0 244 1107  995      10   15
1973081312 0 252 1112  998      10
1973081318 0 259 1116  998      10
1973081400 0 267 1120 1000      10
1973081406 0 272 1123 1000       9
1973081412 0 275 1124 1001       9
1973081418 0 280 1125 1002       9
1973081500 0 284 1126 1002       9
66666 0000   58 0009 7308 1 6 Iris                               20110729
1973080612 0 173 1423 1008      10
1973080618 0 172 1415 1008      10
1973080700 0 171 1406 1006      10
1973080706 0 169 1399 1004      10
1973080712 0 168 1390 1004      10
1973080718 0 166 1380 1004      10
1973080800 0 164 1370 1004      10
1973080806 0 163 1361 1004      10
1973080812 0 163 1350 1004      10
1973080818 0 165 1338 1004      10
1973080900 0 170 1328 1004      10
1973080906 1 180 1320 1004      12
1973080912 1 191 1316 1004      15
1973080918 1 200 1313 1004      15
1973081000 1 208 1311 1004      15
1973081006 2 214 1310 1000      20
1973081012 2 219 1309  998      20
1973081018 2 226 1309  995      20
1973081100 3 232 1310  987      25
1973081106 3 235 1309  985      25
1973081112 3 233 1307  983      25
1973081118 3 231 1308  981      25
1973081200 3 230 1309  978      30
1973081206 3 230 1309  976      30
1973081212 4 231 1312  973      35
1973081218 4 232 1316  973      35
1973081300 4 233 1319  973      35
1973081306 4 234 1321  973      40
1973081312 4 236 1323  972      40
1973081318 4 242 1323  972      40
1973081400 4 249 1320  972      40
1973081406 4 254 1315  972      40
1973081412 4 261 1310  974      40
1973081418 4 272 1304  978      40
1973081500 4 284 1299  978      35
1973081506 4 289 1290  978      35
1973081512 4 292 1280  977      35
1973081518 4 297 1270  975      35
1973081600 3 303 1260  975      30
1973081606 3 311 1252  976      30
1973081612 3 321 1250  976      30
1973081618 3 334 1250  980      30
1973081700 3 350 1252  980      30
1973081706 3 365 1261  985      25
1973081712 2 380 1277  985      20
1973081718 1 400 1298  990      15
1973081800 1 415 1315  990      15
1973081806 9 429 1336  990      15
1973081812 9 440 1395  990      15
1973081818 9 441 1452  990      15
1973081900 9 441 1499  992      15
1973081906 9 441 1534  994      15
1973081912 9 441 1566  996      20
1973081918 9 442 1609  996      20
1973082000 9 443 1650  998      20
1973082006 9 444 1690  998      15
1973082012 9 450 1730 1000      12
1973082018 9 464 1770 1002      12
66666 0000   19 0010 7309 0 6 Hope                               20110729
1973080900 0 260 1558 1010       0
1973080906 0 260 1549 1010       0
1973080912 0 263 1537 1006       0
1973080918 1 268 1527 1004      15
1973081000 3 275 1520  996      25
1973081006 3 282 1515  996      25
1973081012 3 289 1510  996      25
1973081018 2 296 1504 1000      20
1973081100 2 302 1497 1000      20
1973081106 2 307 1490 1000      20
1973081112 2 312 1482 1000      20
1973081118 2 316 1472 1000      20
1973081200 2 318 1462 1000      20
1973081206 1 320 1450 1004      15
1973081212 0 324 1436 1008      10
1973081218 0 335 1428 1010      10
1973081300 0 348 1425 1010      10
1973081306 0 360 1423 1012      10
1973081312 0 371 1420 1012      10
66666 0000   31 0011 0000 0 6 (nameless)                         20110729
1973081000 0 245 1684 1014       0
1973081006 0 252 1671 1014       0
1973081012 0 261 1661 1014       0
1973081018 0 267 1652 1014       0
1973081100 0 274 1643 1014       0
1973081106 0 279 1633 1012       0
1973081112 0 286 1623 1010       0
1973081118 0 290 1615 1010      10
1973081200 1 295 1605 1010      12
1973081206 1 297 1599 1010      12
1973081212 1 299 1592 1010      15
1973081218 1 301 1585 1010      12
1973081300 1 302 1575 1006      12
1973081306 1 303 1565 1006      12
1973081312 1 304 1555 1006      12
1973081318 1 305 1547 1006      12
1973081400 1 306 1537 1006      12
1973081406 0 310 1525 1008      10
1973081412 0 316 1513 1010      10
1973081418 0 321 1507 1012       0
1973081500 0 327 1503 1012       0
1973081506 0 333 1503 1014       0
1973081512 0 338 1504 1014       0
1973081518 0 344 1507 1014       0
1973081600 0 350 1513 1014       0
1973081606 0 354 1522 1014       0
1973081612 0 358 1532 1014       0
1973081618 0 361 1544 1014       0
1973081700 0 362 1560 1014       0
1973081706 0 362 1579 1014       0
1973081712 0 362 1600 1014       0
66666 0000   25 0012 7310 1 6 Joan                               20110729
1973081700 1 199 1323 1004      12
1973081706 1 196 1319 1003      12
1973081712 1 192 1313 1002      15
1973081718 1 189 1306 1002      15
1973081800 1 189 1300 1002      15
1973081806 1 189 1292 1002      15
1973081812 1 192 1281 1002      15
1973081818 1 198 1270 1002      15
1973081900 2 205 1260 1000      20
1973081906 2 209 1250  995      20
1973081912 3 213 1237  994      25
1973081918 3 215 1224  992      25
1973082000 2 215 1210  992      20
1973082006 2 212 1195  995      20
1973082012 1 211 1182  995      15
1973082018 1 211 1168  996      15
1973082100 1 210 1151  996      15
1973082106 1 208 1124  995      15
1973082112 1 206 1104  995      15
1973082118 2 201 1092  990      20
1973082200 3 198 1077  980      30
1973082206 3 198 1071  985      25
1973082212 1 195 1058  995      15
1973082218 1 190 1045  998      12
1973082300 0 182 1024  998      10
66666 0000    8 0012 7310 0 6 Joan(-)1                           20110729
1973082000 2 237 1200  995      20
1973082006 2 244 1201  995      20
1973082012 2 248 1203  995      20
1973082018 2 247 1195  998      20
1973082100 2 242 1193 1000      20
1973082106 2 240 1192 1000      20
1973082112 1 238 1190 1002      15
1973082118 1 236 1188 1002      15
66666 0000   27 0013 7311 0 6 Kate                               20110729
1973082012 0 181 1239 1000       0
1973082018 0 187 1236 1000       0
1973082100 0 192 1233 1000       0
1973082106 0 198 1228  999      10
1973082112 0 199 1221  999      10
1973082118 1 200 1216  998      15
1973082200 1 200 1211  996      15
1973082206 1 197 1198  996      15
1973082212 1 195 1184  996      15
1973082218 1 195 1171  995      15
1973082300 1 195 1159  995      15
1973082306 2 193 1146  990      20
1973082312 2 188 1136  985      20
1973082318 3 186 1127  985      25
1973082400 3 185 1122  980      25
1973082406 3 189 1119  980      25
1973082412 3 194 1115  970      30
1973082418 3 198 1106  972      30
1973082500 3 201 1099  974      30
1973082506 3 203 1093  975      30
1973082512 3 205 1081  975      30
1973082518 3 207 1070  980      30
1973082600 2 207 1060  985      20
1973082606 1 202 1050  990      15
1973082612 1 197 1037  995      12
1973082618 0 195 1016  998      10
1973082700 0 195  996  999      10
66666 0000   15 0014 0000 0 6 (nameless)                         20110729
1973082400 0 226 1248 1006       0
1973082406 0 228 1247 1006       0
1973082412 0 231 1246 1005      10
1973082418 0 234 1245 1004      10
1973082500 0 235 1245 1004      10
1973082506 0 237 1244 1003      10
1973082512 0 239 1242 1003      10
1973082518 1 242 1240 1000      12
1973082600 1 245 1236 1000      15
1973082606 1 248 1232 1000      15
1973082612 1 252 1228 1000      15
1973082618 1 256 1223 1000      15
1973082700 2 262 1213 1000      20
1973082706 2 267 1207 1000      20
1973082712 1 269 1204 1002      15
66666 0000   25 0015 7312 0 6 (nameless)                         20110729
1973082800 0 178 1119 1004      10
1973082806 0 186 1121 1004      10   15
1973082812 0 194 1123 1003      10   15
1973082818 0 201 1124 1003      10   15
1973082900 1 207 1122 1003      15
1973082906 1 210 1119 1002      12
1973082912 1 212 1116 1002      12
1973082918 1 214 1114 1002      12
1973083000 1 216 1112 1001      12
1973083006 1 218 1108 1000      12
1973083012 1 217 1104 1000      12
1973083018 1 216 1098 1000      12
1973083100 1 215 1093 1000      12
1973083106 1 212 1086 1000      15
1973083112 1 207 1080  999      15
1973083118 2 204 1076  995      20
1973090100 3 200 1072  995      25
1973090106 3 198 1070  995      25
1973090112 3 197 1068  995      25
1973090118 3 198 1065  995      25
1973090200 3 200 1063  995      25
1973090206 2 200 1060  998      20
1973090212 1 199 1057  999      15
1973090218 1 198 1053 1002      12
1973090300 0 198 1045 1005      10
66666 0000   37 0016 7313 2 6 Louise                             20110729
1973083000 0 120 1360 1008       0
1973083006 0 124 1345 1008       0
1973083012 0 128 1330 1008       0
1973083018 0 133 1315 1008       0
1973083100 0 138 1300 1008       0
1973083106 0 142 1288 1008      10
1973083112 0 147 1277 1008      10
1973083118 0 151 1269 1008      10
1973090100 1 156 1260 1008      12
1973090106 1 161 1252 1008      12
1973090112 1 166 1246 1006      12
1973090118 1 169 1241 1006      12
1973090200 1 175 1235 1004      12
1973090206 1 180 1230 1004      12
1973090212 1 185 1225 1004      12
1973090218 2 191 1218 1000      20
1973090300 3 193 1211  995      30
1973090306 3 193 1204  995      30
1973090312 3 191 1201  995      30
1973090318 3 190 1197  995      30
1973090400 3 193 1191  995      30
1973090406 3 195 1187  995      30
1973090412 3 197 1181  995      30
1973090418 3 198 1172  990      30
1973090500 3 199 1163  985      30
1973090506 4 199 1154  980      35
1973090512 4 199 1144  974      35
1973090518 4 199 1135  974      35
1973090600 4 201 1125  974      40
1973090606 4 203 1115  974      40
1973090612 4 206 1106  974      40
1973090618 4 207 1096  980      40
1973090700 4 210 1085  980      40
1973090706 3 211 1078  985      30
1973090712 1 214 1070  995      15
1973090718 0 217 1059 1003      10
1973090800 0 220 1045 1003      10
66666 0000   22 0017 7314 0 6 Marge                              20110729
1973091000 0 149 1290 1008      10
1973091006 0 153 1281 1008      10
1973091012 0 159 1271 1008      10
1973091018 0 164 1261 1006      10
1973091100 0 168 1250 1004      10
1973091106 0 169 1240 1004      10
1973091112 0 170 1230 1004      10
1973091118 1 171 1217 1000      15
1973091200 2 172 1199 1000      20
1973091206 2 177 1184 1000      20
1973091212 2 182 1172  995      20
1973091218 3 183 1161  990      25
1973091300 3 185 1147  985      30
1973091306 4 188 1137  970      40
1973091312 6 189 1125  930      60
1973091318 6 191 1112  925      60
1973091400 4 192 1097  975      40
1973091406 4 192 1087  985      35
1973091412 3 195 1072  990      30
1973091418 3 198 1061  990      25
1973091500 2 200 1052  992      20
1973091506 1 201 1040 1000      12
66666 0000   14 0018 0000 0 6 (nameless)                         20110729
1973092006 1 150 1150 1006      12
1973092012 0 148 1143 1008      10
1973092018 0 147 1135 1008      10
1973092100 0 146 1127 1008      10
1973092106 0 147 1118 1007      10
1973092112 0 149 1113 1007      10
1973092118 0 151 1108 1007      10
1973092200 0 155 1105 1007      10
1973092206 1 158 1102 1005      12
1973092212 0 161 1099 1006      10
1973092218 0 163 1097 1006      10
1973092300 0 164 1094 1006      10
1973092306 0 164 1092 1006      10
1973092312 0 165 1088 1007      10
66666 0000   36 0019 7315 0 6 Nora                               20110729
1973100118 0 111 1359 1004      10
1973100200 1 113 1353  998      15
1973100206 1 114 1347  998      15
1973100212 2 114 1338  990      20
1973100218 3 111 1332  990      25
1973100300 3 109 1333  990      25
1973100306 3 111 1333  985      25
1973100312 3 111 1329  980      30
1973100318 3 111 1321  980      30
1973100400 4 113 1316  975      40
1973100406 4 119 1317  975      40
1973100412 4 125 1317  970      40
1973100418 4 129 1312  965      40
1973100500 5 133 1307  950      45
1973100506 5 138 1301  935      50
1973100512 6 142 1296  920      60
1973100518 6 146 1289  890      65
1973100600 6 148 1282  875      70
1973100606 6 148 1271  880      70
1973100612 6 149 1258  900      65
1973100618 6 152 1248  905      65
1973100700 6 156 1242  910      65
1973100706 6 162 1236  915      65
1973100712 6 172 1231  925      60
1973100718 6 181 1224  925      55
1973100800 5 189 1218  940      50
1973100806 5 196 1211  960      45
1973100812 4 201 1205  975      35
1973100818 4 206 1201  975      35
1973100900 4 208 1197  975      35
1973100906 4 213 1196  975      35
1973100912 4 221 1194  975      35
1973100918 4 229 1191  975      35
1973101000 4 238 1187  975      35
1973101006 3 248 1176  990      25
1973101012 0 258 1162 1004      10
66666 0000   33 0020 7316 2 6 Opal                               20110729
1973100400 0 136 1163 1006      10
1973100406 1 133 1152 1002      15
1973100412 2 127 1145  998      20
1973100418 2 121 1137  995      20
1973100500 3 123 1129  991      25
1973100506 3 126 1126  988      25
1973100512 3 128 1123  985      30
1973100518 4 130 1121  980      35
1973100600 4 132 1120  973      35
1973100606 4 134 1123  968      40
1973100612 4 137 1131  970      40
1973100618 4 140 1126  970      40
1973100700 4 142 1115  970      40
1973100706 4 143 1110  970      40
1973100712 4 143 1105  975      35
1973100718 4 142 1100  980      35
1973100800 4 141 1094  985      35
1973100806 2 138 1089  990      20
1973100812 2 133 1091  990      20
1973100818 1 135 1100  995      15
1973100900 1 139 1106  995      15
1973100906 1 143 1113 1000      15
1973100912 1 147 1120 1000      15
1973100918 1 150 1128 1001      15
1973101000 1 153 1134 1001      15
1973101006 1 154 1138 1001      15
1973101012 1 156 1143 1001      15
1973101018 1 159 1148 1001      15
1973101100 1 161 1152 1003      12
1973101106 0 163 1155 1003      10
1973101112 0 166 1160 1003      10
1973101118 0 168 1164 1003      10
1973101200 0 170 1168 1005      10
66666 0000   43 0021 7317,7319 0 6 Patsy                              20110729
1973100500 1 122 1440 1006      12
1973100506 1 121 1435 1004      15
1973100512 1 119 1431 1004      15
1973100518 1 119 1426 1000      15
1973100600 2 120 1422  995      20
1973100606 2 121 1419  995      20
1973100612 2 124 1416  995      20
1973100618 2 126 1414  995      20
1973100700 2 129 1411  995      20
1973100706 3 134 1407  985      25
1973100712 3 137 1402  985      30
1973100718 3 140 1396  985      30
1973100800 4 142 1388  980      35
1973100806 4 143 1382  975      40
1973100812 4 144 1376  975      40
1973100818 4 147 1367  970      40
1973100900 5 150 1357  955      50
1973100906 5 152 1347  950      50
1973100912 5 155 1336  945      50
1973100918 6 157 1327  930      60
1973101000 6 159 1318  893      70
1973101006 6 161 1306  910      70
1973101012 6 164 1295  930      65
1973101018 6 166 1280  940      65
1973101100 6 169 1267  960      60
1973101106 5 171 1255  965      50
1973101112 4 176 1243  970      40
1973101118 4 180 1235  975      35
1973101200 3 185 1227  980      30
1973101206 2 194 1213  990      20
1973101212 1 183 1192 1002      15
1973101218 1 178 1172 1002      15
1973101300 1 178 1156 1000      15
1973101306 3 176 1140  998      25
1973101312 3 174 1125  998      25
1973101318 2 170 1112  998      20
1973101400 1 168 1102 1000      15
1973101406 1 167 1095 1000      15
1973101412 1 163 1090 1000      15
1973101418 1 157 1084 1000      15
1973101500 1 152 1080 1004      12
1973101506 0 145 1078 1005      10
1973101512 0 138 1075 1007      10
66666 0000   38 0022 7318 0 6 Ruth                               20110729
1973101018 0 120 1441 1005      10
1973101100 1 122 1431 1003      15
1973101106 1 124 1419 1003      15
1973101112 2 125 1408 1000      20
1973101118 2 127 1394 1000      20
1973101200 2 131 1379  999      20
1973101206 3 134 1365  995      25
1973101212 3 136 1350  995      25
1973101218 3 135 1338  995      25
1973101300 4 131 1327  985      35
1973101306 4 128 1317  975      40
1973101312 4 131 1308  975      40
1973101318 4 136 1298  980      35
1973101400 4 140 1285  980      35
1973101406 4 142 1273  980      35
1973101412 4 142 1263  980      35
1973101418 4 143 1253  980      35
1973101500 4 146 1245  975      40
1973101506 4 150 1235  970      40
1973101512 4 154 1223  961      40
1973101518 4 158 1204  975      35
1973101600 4 159 1190  980      35
1973101606 4 162 1180  980      35
1973101612 4 165 1170  975      35
1973101618 4 167 1159  970      35
1973101700 4 168 1147  965      40
1973101706 4 168 1137  960      40
1973101712 4 168 1127  957      40
1973101718 4 168 1120  960      40
1973101800 4 170 1112  960      40
1973101806 4 175 1103  965      40
1973101812 4 182 1096  973      35
1973101818 4 190 1088  980      35
1973101900 3 198 1082  980      30
1973101906 3 208 1078  985      25
1973101912 2 217 1076  995      20
1973101918 0 220 1079 1008       9   20
1973102000 0 222 1082 1008       9
66666 0000   22 0023 0000 0 6 (nameless)                         20110729
1973102700 0  95 1338 1005      10
1973102706 0 100 1330 1004      10
1973102712 0 107 1320 1004      10
1973102718 0 116 1310 1004      10
1973102800 0 123 1304 1004      10
1973102806 0 130 1296 1004      10
1973102812 1 136 1290 1004      12
1973102818 1 142 1286 1004      12
1973102900 1 149 1283 1004      12
1973102906 1 155 1281 1004      12
1973102912 1 162 1281 1004      12
1973102918 1 170 1282 1004      12
1973103000 1 178 1285 1004      15
1973103006 1 187 1292 1002      15
1973103012 1 197 1298 1004      12
1973103018 0 204 1300 1006      10
1973103100 1 211 1296 1006      12
1973103106 1 214 1289 1005      15
1973103112 1 215 1284 1006      12
1973103118 0 215 1280 1006      10
1973110100 0 215 1276 1006      10
1973110106 0 215 1274 1005      10
66666 0000   10 0024 7320 1 6 Sarah                              20110729
1973110918 0 116 1126 1004      10
1973111000 1 121 1118 1000      15
1973111006 2 122 1109  990      20
1973111012 3 121 1096  984      25
1973111018 2 118 1088  995      20
1973111100 1 113 1081 1002      15
1973111106 1 109 1066 1004      12
1973111112 0 106 1050 1006      10
1973111118 0 103 1035 1007      10
1973111200 0 100 1020 1007      10
66666 0000   12 0025 7321 0 6 Thelma                             20110729
1973111412 0  96 1148 1005      10
1973111418 1  97 1132 1002      12
1973111500 2  98 1114  998      20
1973111506 3  98 1099  992      30
1973111512 3  97 1090  991      30
1973111518 3  97 1084  992      30
1973111600 2  97 1077  995      20
1973111606 2  98 1071  995      20
1973111612 1  97 1063  998      15
1973111618 1  92 1057 1002      15
1973111700 0  88 1050 1003      10
1973111706 0  88 1044 1004      10
66666 0000   43 0026 7322 0 6 Vera                               20110729
1973111600 1  50 1420 1003      12
1973111606 1  65 1410 1003      12
1973111612 0  75 1398 1005      10
1973111618 0  81 1382 1005      10
1973111700 0  79 1366 1005      10
1973111706 0  69 1355 1005      10
1973111712 0  63 1340 1005      10
1973111718 0  67 1324 1005      10
1973111800 1  74 1315 1002      12
1973111806 1  79 1310 1002      12
1973111812 1  86 1306 1002      12
1973111818 1  92 1300 1002      12
1973111900 1  98 1295 1000      15
1973111906 1 105 1286 1000      15
1973111912 1 109 1274 1000      15
1973111918 1 112 1262 1000      15
1973112000 1 112 1250 1000      15
1973112006 1 113 1242  998      15
1973112012 1 113 1237  998      15
1973112018 1 113 1234  998      15
1973112100 1 114 1230  997      15
1973112106 1 114 1226  997      15
1973112112 1 115 1222  997      15
1973112118 1 117 1217  997      15
1973112200 1 120 1211  996      15
1973112206 1 124 1203  996      15
1973112212 2 127 1193  995      20
1973112218 2 129 1182  995      20
1973112300 3 131 1176  995      25
1973112306 3 132 1174  992      25
1973112312 3 135 1170  990      30
1973112318 3 140 1163  990      30
1973112400 3 147 1154  990      30
1973112406 3 153 1147  990      30
1973112412 3 158 1140  990      30
1973112418 3 161 1132  992      25
1973112500 3 165 1126  992      25
1973112506 2 168 1121  995      20
1973112512 2 170 1116  998      20
1973112518 1 173 1114 1002      15
1973112600 1 176 1116 1002      15
1973112606 1 178 1120 1004      12
1973112612 0 181 1129 1008      10
66666 0000   15 0027 0000 0 6 (nameless)                         20110729
1973121500 0  90 1170 1009       0
1973121506 0  95 1157 1008       0
1973121512 0  95 1142 1008      10
1973121518 1  88 1126 1008      12
1973121600 1  79 1121 1007      15
1973121606 1  73 1121 1007      15
1973121612 1  68 1123 1007      15
1973121618 1  63 1127 1006      15
1973121700 1  58 1132 1007      12
1973121706 1  53 1138 1007      12
1973121712 0  48 1146 1008      10
1973121718 0  48 1156 1008      10
1973121800 0  49 1163 1008      10
1973121806 0  55 1166 1008      10
1973121812 0  60 1165 1008      10
66666 0000   27 0028 0000 0 6 (nameless)                         20110729
1973122100 0   5 1520 1008      10
1973122106 0   5 1512 1008      10
1973122112 0   6 1503 1008      10
1973122118 1   7 1494 1007      15
1973122200 1  10 1485 1006      15
1973122206 1  17 1470 1006      15
1973122212 1  28 1448 1006      12
1973122218 0  37 1425 1006      10
1973122300 0  45 1399 1006      10
1973122306 0  47 1379 1006      10
1973122312 0  50 1361 1007      10
1973122318 0  55 1343 1007      10
1973122400 0  60 1332 1007      10
1973122406 0  67 1321 1007      10
1973122412 0  74 1314 1007      10
1973122418 0  79 1309 1006      10
1973122500 1  85 1304 1006      12
1973122506 1  89 1301 1006      12
1973122512 1  94 1298 1006      12
1973122518 1  99 1295 1006      15
1973122600 2 104 1292 1002      20
1973122606 2 108 1290 1000      20
1973122612 2 110 1289 1000      20
1973122618 2 114 1286 1000      20
1973122700 2 120 1283 1002      20
1973122706 1 125 1280 1005      15
1973122712 0 130 1278 1006      10
66666 0000   13 0029 0000 0 6 (nameless)                         20110729
1973122400 0  90 1185 1007      10
1973122406 0  88 1175 1007      10
1973122412 1  83 1166 1007      12
1973122418 1  79 1157 1006      15
1973122500 1  75 1150 1006      15
1973122506 1  71 1144 1006      12
1973122512 1  68 1139 1007      12
1973122518 0  63 1133 1007      10
1973122600 0  60 1130 1008      10
1973122606 0  56 1127 1008      10
1973122612 0  52 1124 1008      10
1973122618 0  48 1122 1008      10
1973122700 0  45 1120 1008      10
