66666 0000   21 0001 0000 0 6 (nameless)                         20110729
1954030106 1  67 1364  996      15
1954030112 1  67 1348  996      15
1954030118 2  68 1335  995      20
1954030200 2  73 1320  995      20
1954030206 2  80 1310  995      20
1954030212 2  85 1301  994      20
1954030218 3  88 1293  990      25
1954030300 3  90 1283  990      25
1954030306 3  92 1275  990      25
1954030312 3  94 1265  990      25
1954030318 3  95 1254  990      25
1954030400 2  96 1243  995      20
1954030406 2  96 1234  995      20
1954030412 2  96 1225  995      20
1954030418 2  96 1215  995      20
1954030500 1  95 1208 1000      15
1954030506 0  93 1207 1004       0
1954030512 0  91 1206 1004       0
1954030518 0  90 1204 1006       0
1954030600 0  90 1202 1008       0
1954030606 0  90 1200 1006       0
66666 0000   32 0002 0000 0 6 Elsie                              20110729
1954050500 1  71 1314 1008      15
1954050506 1  70 1305 1006      15
1954050512 1  70 1297 1006      15
1954050518 1  72 1287 1006      15
1954050600 1  75 1280 1006      15
1954050606 1  80 1273 1006      15
1954050612 1  85 1263 1006      15
1954050618 1  89 1254 1006      15
1954050700 1  93 1242 1006      15
1954050706 2  95 1232 1002      20
1954050712 2  98 1223 1002      20
1954050718 2 100 1216 1002      20
1954050800 2 103 1208 1000      20
1954050806 3 105 1197  995      25
1954050812 4 107 1185  980      35
1954050818 4 113 1170  980      35
1954050900 5 118 1158  950      45
1954050906 5 122 1147  945      50
1954050912 5 127 1138  945      50
1954050918 5 131 1131  950      45
1954051000 4 135 1123  955      40
1954051006 4 140 1118  955      40
1954051012 4 146 1113  955      40
1954051018 4 153 1106  955      40
1954051100 4 163 1100  955      40
1954051106 4 175 1099  960      35
1954051112 4 183 1098  960      35
1954051118 3 193 1097  975      30
1954051200 3 201 1096  982      25
1954051206 2 213 1094  990      20
1954051212 1 228 1093  995      15
1954051218 1 236 1094 1000      15
66666 0000    9 0003 0000 0 6 (nameless)                         20110729
1954062612 0 167 1165 1004       0
1954062618 0 168 1174 1004       0
1954062700 1 175 1180 1002      12
1954062706 0 190 1176 1002       0
1954062712 0 197 1166 1002       0
1954062718 0 201 1162 1002       0
1954062800 0 205 1160 1003       0
1954062806 0 211 1160 1003       0
1954062812 0 220 1168 1003       0
66666 0000   23 0004 0000 0 6 Flossie                            20110729
1954070512 0  70 1440 1006       0
1954070518 0  80 1410 1006       0
1954070600 0  86 1394 1006       0
1954070606 1  94 1379 1000      15
1954070612 2 105 1376 1000      20
1954070618 3 117 1375  998      25
1954070700 3 130 1368  991      30
1954070706 4 135 1356  988      35
1954070712 4 143 1343  985      40
1954070718 4 151 1332  985      40
1954070800 4 160 1319  990      35
1954070806 3 168 1308  995      30
1954070812 3 176 1298  995      30
1954070818 3 186 1289  995      30
1954070900 3 194 1277  998      25
1954070906 2 202 1260 1000      20
1954070912 2 213 1252 1000      20
1954070918 2 225 1253 1000      20
1954071000 1 240 1258 1000      15
1954071006 0 264 1262 1000       0
1954071012 0 275 1273 1000       0
1954071018 0 280 1286 1000       0
1954071100 0 287 1310 1002       0
66666 0000   11 0005 0000 0 6 (nameless)                         20110729
1954073106 0 260 1330 1006       0
1954073112 0 255 1323 1005       0
1954073118 0 250 1310 1005       0
1954080100 0 250 1298 1004       0
1954080106 1 245 1280 1002      12
1954080112 0 236 1268 1002       0
1954080118 0 239 1254 1004       0
1954080200 0 227 1235 1004       0
1954080206 0 221 1229 1004       0
1954080212 0 215 1222 1004       0
1954080218 0 209 1214 1004       0
66666 0000   35 0006 0000 0 6 (nameless)                         20110729
1954080100 0 237 1458 1008       0
1954080106 0 239 1446 1008       0
1954080112 0 241 1433 1008       0
1954080118 0 242 1421 1008       0
1954080200 0 244 1409 1008       0
1954080206 0 248 1417 1008       0
1954080212 0 252 1419 1008       0
1954080218 0 256 1416 1008       0
1954080300 0 259 1413 1008       0
1954080306 0 264 1411 1006       0
1954080312 0 269 1409 1006       0
1954080318 0 273 1406 1005       0
1954080400 0 275 1399 1005       0
1954080406 0 274 1393 1004       0
1954080412 0 272 1386 1004       0
1954080418 0 270 1380 1004       0
1954080500 1 268 1373 1002      12
1954080506 1 266 1366 1002      12
1954080512 1 265 1359 1002      12
1954080518 0 263 1352 1002       0
1954080600 0 262 1344 1002       0
1954080606 0 262 1334 1002       0
1954080612 0 263 1320 1002       0
1954080618 0 268 1306 1002       0
1954080700 0 272 1295 1002       0
1954080706 0 271 1288 1002       0
1954080712 0 270 1280 1002       0
1954080718 0 267 1273 1002       0
1954080800 0 266 1267 1002       0
1954080806 0 266 1260 1002       0
1954080812 0 269 1254 1002       0
1954080818 0 274 1249 1002       0
1954080900 0 279 1243 1002       0
1954080906 0 284 1237 1002       0
1954080912 0 290 1234 1003       0
66666 0000   16 0007 0000 0 6 (nameless)                         20110729
1954080300 0 158 1145  998       0
1954080306 0 165 1147  998       0
1954080312 0 172 1149  997       0
1954080318 0 177 1151  998       0
1954080400 0 183 1153  999       0
1954080406 0 189 1154  998       0
1954080412 1 195 1152  996      15
1954080418 1 200 1149  996      15
1954080500 2 205 1144  995      20
1954080506 2 211 1137  993      20
1954080512 1 217 1128  995      15
1954080518 0 225 1116  996      10
1954080600 0 230 1106  996       9
1954080606 0 240 1096  996       9
1954080612 0 250 1082  998       9
1954080618 0 265 1076  998       9
66666 0000   16 0008 0000 0 6 (nameless)                         20110729
1954080700 0 200 1470 1000       0
1954080706 0 209 1473 1000       0
1954080712 0 219 1477 1000       0
1954080718 0 228 1482 1000       0
1954080800 1 236 1490 1000      15
1954080806 1 249 1503 1000      15
1954080812 1 260 1516 1000      15
1954080818 1 273 1523 1002      15
1954080900 1 281 1528 1002      15
1954080906 1 286 1531 1002      15
1954080912 1 291 1534 1003      12
1954080918 0 295 1538 1004       0
1954081000 0 299 1542 1006       0
1954081006 0 304 1546 1006       0
1954081012 0 311 1548 1008       0
1954081018 0 318 1543 1008       0
66666 0000   45 0009 0000 1 6 Helen                              20110729
1954081018 0 220 1498  998       0
1954081100 0 224 1493  998       0
1954081106 0 230 1489  998       0
1954081112 0 235 1486  998       0
1954081118 0 241 1483  998       0
1954081200 1 248 1480  998      15
1954081206 2 253 1478  995      20
1954081212 2 265 1475  995      20
1954081218 2 276 1471  995      20
1954081300 3 280 1466  989      30
1954081306 3 281 1464  983      30
1954081312 4 282 1462  977      35
1954081318 4 283 1460  971      40
1954081400 4 284 1458  970      40
1954081406 4 289 1463  975      35
1954081412 4 293 1458  975      35
1954081418 4 297 1448  975      35
1954081500 4 299 1439  975      35
1954081506 3 306 1440  980      30
1954081512 3 313 1437  980      30
1954081518 3 319 1432  980      30
1954081600 3 327 1428  980      30
1954081606 3 333 1425  980      30
1954081612 3 339 1422  980      30
1954081618 3 347 1420  980      30
1954081700 3 355 1420  985      25
1954081706 2 363 1426  990      20
1954081712 1 371 1435  995      15
1954081718 0 377 1448  995       0
1954081800 9 383 1460  996       0
1954081806 9 391 1479  998       0
1954081812 9 406 1508  998       0
1954081818 9 415 1529  998       0
1954081900 9 424 1555 1000       0
1954081906 9 432 1579 1000       0
1954081912 9 438 1602 1002       0
1954081918 9 445 1629 1002       0
1954082000 9 450 1650 1002       0
1954082006 9 453 1666 1004       0
1954082012 9 457 1682 1004       0
1954082018 9 463 1707 1000       0
1954082100 9 469 1730  994       0
1954082106 9 474 1750  990       0
1954082112 9 479 1770  984       0
1954082118 9 488 1786  982       0
66666 0000   48 0010 0000 1 6 Grace                              20110729
1954081106 2 224 1383  990      20
1954081112 2 227 1374  990      20
1954081118 2 229 1365  990      20
1954081200 2 230 1355  990      20
1954081206 3 231 1344  985      25
1954081212 3 233 1335  985      25
1954081218 3 235 1325  980      30
1954081300 4 236 1318  973      35
1954081306 4 237 1315  968      40
1954081312 4 238 1307  966      40
1954081318 4 242 1297  965      40
1954081400 4 245 1290  962      40
1954081406 5 247 1286  955      45
1954081412 5 251 1283  950      45
1954081418 5 254 1282  944      50
1954081500 5 257 1281  941      50
1954081506 6 261 1279  940      55
1954081512 6 266 1276  940      55
1954081518 6 272 1275  940      55
1954081600 6 277 1275  940      55
1954081606 5 281 1276  946      50
1954081612 5 285 1278  950      45
1954081618 5 290 1280  954      45
1954081700 4 294 1283  958      40
1954081706 4 302 1288  960      40
1954081712 4 313 1296  960      35
1954081718 4 319 1303  960      35
1954081800 4 326 1313  965      35
1954081806 3 330 1325  970      30
1954081812 3 337 1340  970      30
1954081818 2 348 1350  980      20
1954081900 2 356 1362  984      20
1954081906 2 357 1381  986      20
1954081912 2 359 1397  991      20
1954081918 1 366 1411  994      15
1954082000 1 380 1423  998      15
1954082006 9 386 1445 1000      15
1954082012 9 393 1466 1002       0
1954082018 9 398 1490 1004       0
1954082100 9 400 1520 1006       0
1954082106 9 402 1557 1006       0
1954082112 9 402 1586 1008       0
1954082118 9 402 1614 1006       0
1954082200 9 401 1640 1005       0
1954082206 9 401 1670 1002       0
1954082212 9 401 1707 1002       0
1954082218 9 402 1748  998       0
1954082300 9 420 1789  994       0
66666 0000    4 0010 0000 2 6 Grace(-)1                          20110729
1954081900 1 377 1366  986      15
1954081906 1 374 1391  988      15
1954081912 1 385 1402  992      15
1954081918 1 393 1421  994      15
66666 0000   36 0011 0000 0 6 (nameless)                         20110729
1954081906 0 137 1454 1006       0
1954081912 0 142 1448 1006       0
1954081918 0 147 1443 1004       0
1954082000 0 156 1437 1004       0
1954082006 0 165 1428 1006       0
1954082012 0 173 1419 1006       0
1954082018 1 177 1413 1006      15
1954082100 2 181 1407 1003      20
1954082106 2 188 1398 1000      20
1954082112 2 193 1389 1000      20
1954082118 2 198 1379 1000      20
1954082200 3 203 1369 1000      25
1954082206 3 211 1360 1000      25
1954082212 3 219 1349 1000      25
1954082218 3 227 1339 1000      25
1954082300 3 234 1329 1000      25
1954082306 3 243 1317  998      25
1954082312 3 251 1305  998      25
1954082318 3 260 1287  998      25
1954082400 3 268 1270  998      25
1954082406 3 274 1253  998      25
1954082412 3 284 1239  994      25
1954082418 3 299 1228  994      25
1954082500 2 310 1220  994      20
1954082506 2 319 1212  994      20
1954082512 2 331 1211  996      20
1954082518 2 343 1213  998      20
1954082600 2 358 1223  998      20
1954082606 1 380 1237  998      15
1954082612 9 403 1260 1000      10
1954082618 9 420 1282 1000      10
1954082700 9 431 1314 1000      10
1954082706 9 440 1350  998      15
1954082712 9 450 1400  998      15
1954082718 9 461 1452 1000      15
1954082800 9 475 1495 1000       0
66666 0000   13 0012 0000 0 6 (nameless)                         20110729
1954082200 0 165 1300 1004       0
1954082206 0 166 1291 1002       0
1954082212 0 170 1283 1000       0
1954082218 1 175 1277 1000      12
1954082300 1 182 1273 1000      12
1954082306 1 188 1271 1000      12
1954082312 1 195 1270 1000      12
1954082318 1 201 1267 1000      12
1954082400 1 203 1260 1000      15
1954082406 1 211 1254 1000      15
1954082412 1 221 1254 1002      15
1954082418 1 234 1260 1002      15
1954082500 1 255 1265 1008      12
66666 0000   29 0013 0000 1 6 Ida                                20110729
1954082306 0 106 1488 1006       0
1954082312 0 113 1480 1004       0
1954082318 0 119 1471 1004       0
1954082400 1 124 1457 1004      15
1954082406 2 124 1444 1000      20
1954082412 3 125 1431  996      25
1954082418 3 127 1417  990      30
1954082500 4 133 1403  985      35
1954082506 4 148 1395  975      40
1954082512 5 156 1380  965      45
1954082518 6 159 1363  950      55
1954082600 6 161 1346  930      65
1954082606 6 165 1330  895      80
1954082612 6 170 1314  895      80
1954082618 6 176 1301  895      80
1954082700 6 183 1284  895      80
1954082706 6 188 1269  890      85
1954082712 6 192 1253  895      80
1954082718 6 194 1235  895      80
1954082800 6 196 1216  895      80
1954082806 6 200 1200  910      70
1954082812 6 202 1183  920      65
1954082818 6 203 1168  920      65
1954082900 6 205 1153  930      60
1954082906 6 207 1138  930      55
1954082912 5 208 1122  940      50
1954082918 5 210 1103  950      45
1954083000 4 211 1087  955      40
1954083006 4 211 1074  965      35
66666 0000   18 0014 0000 0 6 (nameless)                         20110729
1954082812 2 135 1503 1000      20
1954082818 3 141 1490  995      25
1954082900 3 146 1477  995      25
1954082906 3 150 1465  995      25
1954082912 3 155 1448  995      25
1954082918 3 160 1436  995      25
1954083000 2 165 1424 1000      20
1954083006 2 170 1410 1000      20
1954083012 2 175 1396 1000      20
1954083018 2 180 1383 1000      20
1954083100 2 184 1367 1000      20
1954083106 2 189 1353 1000      20
1954083112 2 193 1338 1000      20
1954083118 2 197 1324 1000      20
1954090100 1 202 1309 1004      15
1954090106 0 210 1302 1006       0
1954090112 0 216 1307 1006       0
1954090118 0 230 1330 1006       0
66666 0000   48 0015 0000 1 6 Kathy                              20110729
1954083106 0 213 1430 1008       0
1954083112 0 221 1432 1007       0
1954083118 1 226 1433 1005      15
1954090100 1 233 1433 1005      15
1954090106 2 237 1430 1004      20
1954090112 2 237 1427 1003      20
1954090118 2 238 1424 1002      20
1954090200 2 238 1422 1002      20
1954090206 2 241 1420 1002      20
1954090212 2 245 1418 1002      20
1954090218 2 249 1416 1002      20
1954090300 2 252 1411 1002      20
1954090306 2 252 1406 1002      20
1954090312 2 251 1401 1002      20
1954090318 2 248 1394 1002      20
1954090400 2 247 1387 1002      20
1954090406 2 248 1380 1000      20
1954090412 2 249 1374 1000      20
1954090418 2 251 1370 1000      20
1954090500 3 253 1365  985      30
1954090506 4 255 1361  977      35
1954090512 4 258 1354  970      40
1954090518 5 263 1347  960      45
1954090600 6 266 1340  946      55
1954090606 6 271 1334  940      60
1954090612 5 278 1327  951      50
1954090618 5 286 1320  962      45
1954090700 4 295 1315  966      40
1954090706 4 313 1311  970      35
1954090712 3 327 1314  975      30
1954090718 2 345 1320  994      20
1954090800 2 373 1340  995      20
1954090806 9 400 1363  995       0
1954090812 9 430 1393  995       0
1954090818 9 473 1413  996       0
1954090900 9 494 1430  998       0
1954090906 9 510 1470  998       0
1954090912 9 520 1500  994       0
1954090918 9 530 1530  990       0
1954091000 9 530 1562  990       0
1954091006 9 526 1604  990       0
1954091012 9 529 1630  990       0
1954091018 9 532 1650  990       0
1954091100 9 537 1670  992       0
1954091106 9 539 1687  992       0
1954091112 9 542 1700  992       0
1954091118 9 547 1715  992       0
1954091200 9 550 1730  992       0
66666 0000   17 0016 0000 0 6 (nameless)                         20110729
1954090100 0 174 1126 1000       0
1954090106 1 177 1125 1000      12
1954090112 1 180 1124  998      15
1954090118 1 183 1123  994      15
1954090200 2 186 1122  990      20
1954090206 3 190 1121  985      25
1954090212 3 194 1120  985      25
1954090218 3 198 1119  985      25
1954090300 3 203 1115  985      25
1954090306 3 205 1110  987      25
1954090312 2 207 1103  987      20
1954090318 2 210 1098  988      20
1954090400 2 214 1092  988      20
1954090406 1 220 1080  992      15
1954090412 1 221 1071  995      15
1954090418 0 222 1070  999      10
1954090500 0 222 1070 1005       0
66666 0000   51 0017 0000 3 6 June                               20110729
1954090406 1 189 1521 1004      15
1954090412 1 191 1517 1004      15
1954090418 1 193 1513 1004      15
1954090500 2 194 1509 1000      20
1954090506 3 196 1504  997      25
1954090512 3 197 1497  996      25
1954090518 3 199 1491  990      30
1954090600 4 200 1481  980      40
1954090606 5 198 1470  975      45
1954090612 5 195 1464  969      50
1954090618 6 193 1453  961      55
1954090700 6 194 1443  954      60
1954090706 6 200 1437  947      65
1954090712 6 201 1424  938      70
1954090718 6 202 1418  925      75
1954090800 6 203 1410  910      80
1954090806 6 207 1403  901      85
1954090812 6 208 1396  910      80
1954090818 6 209 1390  910      80
1954090900 6 210 1383  925      70
1954090906 6 213 1378  925      70
1954090912 6 215 1373  925      70
1954090918 6 219 1370  925      70
1954091000 6 225 1365  925      70
1954091006 6 228 1360  928      65
1954091012 6 229 1355  932      60
1954091018 6 233 1350  935      60
1954091100 6 238 1347  938      60
1954091106 6 247 1343  941      55
1954091112 6 251 1337  943      55
1954091118 6 253 1329  944      55
1954091200 6 262 1324  946      55
1954091206 6 272 1321  947      55
1954091212 5 276 1312  950      50
1954091218 5 284 1308  953      50
1954091300 5 294 1309  956      50
1954091306 5 311 1306  957      45
1954091312 4 332 1309  962      40
1954091318 4 352 1310  962      40
1954091400 4 373 1313  962      40
1954091406 4 404 1318  964      35
1954091412 3 430 1315  964      30
1954091418 3 454 1313  968      25
1954091500 2 470 1304  972      20
1954091506 2 474 1299  976      20
1954091512 1 478 1298  980      15
1954091518 1 484 1298  984      15
1954091600 9 490 1300  988      15
1954091606 9 505 1310  990       0
1954091612 9 515 1315  990       0
1954091618 9 517 1325  992       0
66666 0000   20 0018 0000 1 6 (nameless)                         20110729
1954091000 0 217 1169 1002       0
1954091006 0 215 1167 1001       0
1954091012 0 212 1164 1000       0
1954091018 0 209 1163 1000       0
1954091100 0 204 1168 1000       0
1954091106 0 208 1172  999       0
1954091112 0 212 1162  998       0
1954091118 0 209 1152  998      10
1954091200 1 204 1141  998      12
1954091206 1 198 1138  998      12
1954091212 1 194 1144  998      12
1954091218 0 189 1142  996       0
1954091300 0 188 1135  995       0
1954091306 0 187 1129  996       0
1954091312 0 186 1124  996       0
1954091318 0 183 1120  996       0
1954091400 0 179 1113  996       0
1954091406 0 175 1105  996       0
1954091412 0 170 1096  998       0
1954091418 0 163 1079  998       0
66666 0000   47 0019 0000 1 6 Lorna                              20110729
1954091006 1 177 1569 1006      15
1954091012 1 176 1566 1006      15
1954091018 1 175 1563 1006      15
1954091100 1 174 1559 1006      15
1954091106 1 174 1555 1004      15
1954091112 1 174 1550 1004      15
1954091118 1 174 1546 1002      15
1954091200 2 174 1541  998      20
1954091206 3 174 1534  993      25
1954091212 3 174 1526  992      25
1954091218 3 174 1519  990      25
1954091300 3 172 1509  988      25
1954091306 3 167 1501  986      30
1954091312 3 164 1489  982      30
1954091318 4 163 1475  978      35
1954091400 4 162 1463  977      35
1954091406 4 162 1451  976      35
1954091412 4 162 1440  974      40
1954091418 5 167 1430  965      45
1954091500 5 178 1422  956      50
1954091506 6 188 1408  952      55
1954091512 6 196 1387  952      55
1954091518 6 204 1384  952      55
1954091600 5 214 1382  954      50
1954091606 5 225 1375  956      50
1954091612 5 237 1363  960      50
1954091618 5 253 1360  964      45
1954091700 5 266 1352  966      45
1954091706 5 278 1344  967      45
1954091712 4 290 1341  970      40
1954091718 4 308 1342  970      40
1954091800 4 324 1355  970      40
1954091806 4 335 1367  972      35
1954091812 4 345 1385  975      35
1954091818 3 363 1417  982      30
1954091900 3 385 1461  982      30
1954091906 9 405 1510  982      30
1954091912 9 444 1558  986       0
1954091918 9 470 1600  984       0
1954092000 9 502 1620  982       0
1954092006 9 520 1640  980       0
1954092012 9 526 1665  980       0
1954092018 9 529 1689  982       0
1954092100 9 530 1710  982       0
1954092106 9 530 1730  984       0
1954092112 9 528 1751  986       0
1954092118 9 520 1778  990       0
66666 0000   11 0020 0000 1 6 (nameless)                         20110729
1954091600 0 201 1178 1000      10
1954091606 0 196 1171 1000      10
1954091612 0 192 1163 1000      10
1954091618 0 187 1156 1000      10
1954091700 0 185 1147 1000      10
1954091706 0 184 1138 1000      10
1954091712 1 175 1131  996      15
1954091718 1 172 1120  996      15
1954091800 1 171 1105  996      15
1954091806 2 169 1092  994      20
1954091812 2 168 1082  994      20
66666 0000   46 0021 0000 1 6 Marie                              20110729
1954091718 0 106 1500 1004       0
1954091800 0 108 1485 1004       0
1954091806 0 110 1476 1004       0
1954091812 0 111 1465 1004       0
1954091818 0 113 1456 1004       0
1954091900 1 115 1443 1004      15
1954091906 1 125 1431 1004      15
1954091912 1 129 1423 1004      15
1954091918 1 130 1417 1004      15
1954092000 1 129 1410 1000      15
1954092006 1 129 1400 1000      15
1954092012 1 129 1389 1000      15
1954092018 1 129 1378 1000      15
1954092100 1 131 1366 1000      15
1954092106 1 133 1355 1000      15
1954092112 1 135 1347 1000      15
1954092118 1 138 1338 1000      15
1954092200 1 142 1328  999      15
1954092206 2 147 1315  997      20
1954092212 2 152 1306  997      20
1954092218 2 157 1297  995      20
1954092300 2 163 1287  992      20
1954092306 3 170 1277  990      25
1954092312 3 177 1267  990      25
1954092318 3 184 1254  990      25
1954092400 3 194 1244  990      25
1954092406 3 203 1235  987      30
1954092412 4 220 1230  980      35
1954092418 4 234 1236  975      35
1954092500 4 247 1248  975      35
1954092506 4 259 1259  975      35
1954092512 4 285 1283  970      40
1954092518 4 320 1310  966      40
1954092600 4 364 1345  964      40
1954092606 4 400 1377  960      40
1954092612 4 425 1399  956      40
1954092618 4 450 1420  958      40
1954092700 9 480 1450  960      35
1954092706 9 506 1492  965       0
1954092712 9 520 1530  965       0
1954092718 9 525 1566  970       0
1954092800 9 530 1610  980       0
1954092806 9 531 1670  988       0
1954092812 9 530 1709  988       0
1954092818 9 530 1757  986       0
1954092900 9 530 1800  988       0
66666 0000   14 0022 0000 0 6 (nameless)                         20110729
1954092512 0 184 1172 1004       0
1954092518 0 186 1178 1004       0
1954092600 0 188 1184 1004       0
1954092606 0 192 1184 1004       0
1954092612 0 195 1180 1006       0
1954092618 0 198 1175 1006       0
1954092700 0 202 1173 1006       0
1954092706 0 207 1177 1006       0
1954092712 1 209 1185 1006      12
1954092718 1 210 1194 1002      15
1954092800 1 209 1202 1004      15
1954092806 1 207 1206 1006      15
1954092812 1 204 1210 1006      15
1954092818 1 204 1214 1006      15
66666 0000   29 0023 0000 1 6 Nancy                              20110729
1954100418 0 154 1409 1006       0
1954100500 0 155 1397 1006       0
1954100506 0 157 1384 1005       0
1954100512 0 158 1370 1004       0
1954100518 1 158 1355 1003      15
1954100600 2 159 1340 1001      20
1954100606 3 163 1324  992      25
1954100612 3 166 1307  985      30
1954100618 4 166 1290  978      35
1954100700 4 165 1273  970      40
1954100706 5 172 1257  963      45
1954100712 5 173 1242  965      45
1954100718 5 173 1229  965      45
1954100800 4 174 1217  975      40
1954100806 4 177 1205  980      35
1954100812 4 175 1190  982      35
1954100818 4 174 1179  982      35
1954100900 4 174 1168  982      35
1954100906 4 179 1157  980      35
1954100912 4 181 1149  980      35
1954100918 4 181 1140  980      35
1954101000 4 181 1132  980      35
1954101006 4 181 1123  980      35
1954101012 4 181 1114  980      35
1954101018 4 181 1105  980      35
1954101100 3 180 1097  985      30
1954101106 3 179 1090  990      25
1954101112 2 177 1083  995      20
1954101118 2 174 1076  995      20
66666 0000   11 0024 0000 1 6 (nameless)                         20110729
1954100500 0 155 1175 1000       0
1954100506 0 158 1163 1000       0
1954100512 1 164 1156 1000      15
1954100518 1 170 1149 1000      15
1954100600 2 174 1135  998      20
1954100606 3 175 1119  995      25
1954100612 3 176 1103  995      25
1954100618 3 177 1092  995      25
1954100700 2 183 1083 1000      20
1954100706 1 190 1075 1003      15
1954100712 1 194 1064 1004      15
66666 0000   28 0025 0000 1 6 Olga                               20110729
1954101200 0 130 1590 1006       0
1954101206 0 145 1585 1004       0
1954101212 1 160 1580 1004      15
1954101218 1 175 1574 1004      15
1954101300 2 190 1566 1003      20
1954101306 3 193 1552  992      30
1954101312 3 197 1541  992      30
1954101318 4 203 1529  985      35
1954101400 4 213 1518  980      40
1954101406 5 224 1512  968      50
1954101412 6 233 1507  952      55
1954101418 6 241 1505  940      60
1954101500 6 250 1505  930      70
1954101506 6 257 1510  930      70
1954101512 6 261 1514  932      70
1954101518 6 267 1518  935      70
1954101600 6 274 1524  935      70
1954101606 6 286 1533  935      70
1954101612 6 300 1541  942      65
1954101618 6 313 1550  950      60
1954101700 6 327 1560  955      55
1954101706 6 340 1580  955      55
1954101712 5 350 1605  960      50
1954101718 5 360 1635  970      45
1954101800 4 367 1663  980      35
1954101806 3 374 1688  985      30
1954101812 9 388 1732  985      30
1954101818 9 400 1780  985      30
66666 0000   20 0026 0000 0 6 (nameless)                         20110729
1954102400 1 180 1380 1004      15
1954102406 1 186 1376 1004      15
1954102412 1 193 1370 1004      15
1954102418 1 204 1364 1004      15
1954102500 1 218 1362 1004      15
1954102506 1 235 1364 1004      15
1954102512 1 251 1370 1004      15
1954102518 1 267 1380 1004      15
1954102600 1 284 1389 1004      15
1954102606 9 307 1400 1006      15
1954102612 9 315 1440 1006      15
1954102618 9 318 1480 1006      15
1954102700 9 319 1515 1006      15
1954102706 9 322 1550 1006       0
1954102712 9 324 1580 1010       0
1954102718 9 325 1600 1012       0
1954102800 9 326 1620 1014       0
1954102806 9 327 1640 1014       0
1954102812 9 329 1660 1014       0
1954102818 9 330 1670 1014       0
66666 0000   46 0027 0000 0 6 Pamela                             20110729
1954102618 0  85 1414 1006       0
1954102700 0  88 1406 1006       0
1954102706 0  94 1397 1006       0
1954102712 0 100 1391 1006       0
1954102718 0 108 1385 1004       0
1954102800 0 116 1378 1002       0
1954102806 0 120 1374 1002       0
1954102812 0 123 1370 1002       0
1954102818 1 127 1367 1000      15
1954102900 1 128 1362 1000      15
1954102906 2 129 1350  999      20
1954102912 2 132 1343  997      20
1954102918 3 134 1338  995      25
1954103000 3 136 1335  991      25
1954103006 4 138 1332  984      35
1954103012 4 141 1329  976      40
1954103018 5 143 1326  969      45
1954103100 5 146 1323  961      50
1954103106 5 150 1316  960      50
1954103112 5 154 1310  960      50
1954103118 5 157 1306  960      50
1954110100 5 162 1302  960      50
1954110106 5 167 1297  960      50
1954110112 6 170 1295  955      55
1954110118 6 172 1295  920      75
1954110200 6 174 1296  904      80
1954110206 6 176 1296  900      85
1954110212 6 179 1293  909      80
1954110218 6 180 1288  916      75
1954110300 6 181 1283  923      70
1954110306 6 183 1277  925      70
1954110312 6 186 1273  925      70
1954110318 6 188 1268  925      70
1954110400 6 191 1258  924      70
1954110406 6 192 1240  923      70
1954110412 6 194 1222  928      70
1954110418 6 197 1209  932      70
1954110500 6 198 1195  941      65
1954110506 6 201 1182  946      60
1954110512 6 204 1169  949      60
1954110518 6 210 1157  952      55
1954110600 6 214 1147  954      55
1954110606 4 218 1137  970      40
1954110612 2 219 1126  995      20
1954110618 0 215 1111 1005      10
1954110700 0 204 1104 1008      10
66666 0000   16 0028 0000 0 6 (nameless)                         20110729
1954110100 0 130 1165 1008       9   15
1954110106 0 126 1165 1004       9   15
1954110112 0 121 1165 1004       9   15
1954110118 0 116 1164 1004       9   15
1954110200 0 111 1161 1004       9   15
1954110206 0 105 1156 1003      10   15
1954110212 0 102 1151 1003      10   15
1954110218 1 105 1147 1002      12   15
1954110300 1 107 1153 1002      12   15
1954110306 1 108 1158 1002      12   15
1954110312 1 110 1163 1002      12   15
1954110318 1 112 1169 1002      12   15
1954110400 1 115 1174 1002      12   15
1954110406 1 119 1180 1001      12   15
1954110412 1 124 1190 1002      15
1954110418 1 130 1200 1002      15
66666 0000   38 0029 0000 0 6 Ruby                               20110729
1954110300 1  47 1453 1001      15
1954110306 2  49 1442  997      20
1954110312 3  50 1439  995      25
1954110318 3  52 1436  993      30
1954110400 3  58 1434  991      30
1954110406 4  72 1429  989      35
1954110412 4  79 1415  989      35
1954110418 4  87 1403  988      40
1954110500 4  96 1390  988      40
1954110506 4 101 1374  985      40
1954110512 5 100 1363  980      45
1954110518 5 106 1350  976      45
1954110600 5 110 1333  969      50
1954110606 6 111 1314  956      55
1954110612 6 120 1302  950      60
1954110618 6 123 1290  945      65
1954110700 6 127 1279  939      75
1954110706 6 134 1268  938      75
1954110712 6 141 1257  940      70
1954110718 6 148 1245  942      65
1954110800 6 155 1232  944      65
1954110806 6 161 1221  946      60
1954110812 6 165 1210  948      60
1954110818 6 168 1200  949      55
1954110900 6 172 1192  951      55
1954110906 5 177 1184  953      50
1954110912 5 181 1180  956      50
1954110918 5 188 1177  959      45
1954111000 4 196 1172  963      40
1954111006 4 203 1167  966      40
1954111012 4 207 1162  968      35
1954111018 4 210 1158  969      35
1954111100 4 213 1155  970      35
1954111106 3 217 1153  980      30
1954111112 3 220 1152  990      25
1954111118 2 223 1151  995      20
1954111200 1 228 1150 1000      15
1954111206 0 232 1151 1004      10
66666 0000   36 0030 0000 2 6 Sally                              20110729
1954111218 1 129 1357 1006      15
1954111300 5 126 1335  980      45
1954111306 5 126 1320  975      50
1954111312 6 126 1311  970      55
1954111318 6 126 1301  965      60
1954111400 6 126 1294  955      65
1954111406 6 128 1292  928      80
1954111412 6 130 1292  931      75
1954111418 6 132 1289  933      75
1954111500 6 133 1285  936      70
1954111506 6 135 1280  938      70
1954111512 6 137 1274  932      70
1954111518 6 141 1268  926      75
1954111600 6 147 1260  921      75
1954111606 6 150 1255  923      75
1954111612 6 155 1249  924      75
1954111618 6 160 1240  925      75
1954111700 6 164 1234  927      75
1954111706 6 167 1230  931      70
1954111712 6 168 1228  941      65
1954111718 6 170 1226  958      60
1954111800 6 173 1226  964      55
1954111806 5 176 1227  975      50
1954111812 5 181 1233  983      45
1954111818 4 185 1240  989      40
1954111900 4 189 1249  993      35
1954111906 4 192 1257  994      35
1954111912 4 194 1268  995      35
1954111918 3 197 1277 1000      25
1954112000 3 200 1287 1000      25
1954112006 2 209 1310 1004      20
1954112012 2 221 1334 1004      20
1954112018 2 233 1355 1004      20
1954112100 1 250 1380 1004      15
1954112106 1 271 1404 1002      15
1954112112 1 293 1423 1002      15
66666 0000   19 0031 0000 0 6 (nameless)                         20110729
1954111800 0  78 1430 1008       0
1954111806 0  82 1418 1008       0
1954111812 0  87 1407 1007       0
1954111818 0  93 1395 1007       0
1954111900 0 100 1384 1007       0
1954111906 0 105 1374 1005       0
1954111912 0 112 1364 1005       0
1954111918 0 120 1355 1005       0
1954112000 0 130 1345 1005       0
1954112006 0 143 1342 1005       0
1954112012 1 155 1342 1005      12
1954112018 1 169 1344 1005      12
1954112100 1 180 1350 1005      12
1954112106 1 190 1365 1005      12
1954112112 1 199 1386 1005      12
1954112118 1 208 1410 1005      12
1954112200 0 216 1428 1007       0
1954112206 0 222 1444 1007       0
1954112212 0 225 1457 1007       0
66666 0000   29 0032 0000 0 6 Tilda                              20110729
1954112406 1 125 1505 1004      15
1954112412 1 124 1500 1003      15
1954112418 2 122 1495 1002      20
1954112500 2 120 1491 1001      20
1954112506 3 117 1488  999      25
1954112512 3 115 1484  999      25
1954112518 3 117 1473  998      25
1954112600 4 120 1463  993      35
1954112606 4 122 1455  993      35
1954112612 4 126 1447  987      40
1954112618 5 125 1435  981      45
1954112700 5 122 1420  974      50
1954112706 6 120 1405  967      55
1954112712 6 117 1387  960      60
1954112718 6 115 1369  952      65
1954112800 6 114 1350  945      70
1954112806 6 114 1336  940      75
1954112812 6 116 1316  945      70
1954112818 6 113 1296  950      65
1954112900 6 109 1275  955      60
1954112906 6 110 1257  964      55
1954112912 5 113 1235  973      50
1954112918 5 116 1214  983      45
1954113000 4 119 1192  992      35
1954113006 3 108 1170 1001      25
1954113012 3 108 1154 1002      25
1954113018 3 108 1136 1002      25
1954120100 2 108 1123 1003      20
1954120106 1 108 1109 1003      15
66666 0000   25 0033 0000 0 6 (nameless)                         20110729
1954122300 0  75 1355 1000       0
1954122306 0  75 1342 1000       0
1954122312 1  76 1327 1000      15
1954122318 2  78 1313 1000      20
1954122400 3  81 1299  995      25
1954122406 3  84 1285  990      30
1954122412 3  88 1273  990      30
1954122418 3  91 1261  990      25
1954122500 2  95 1250  993      20
1954122506 2  97 1239  993      20
1954122512 2  98 1228  993      20
1954122518 2  99 1217  993      20
1954122600 2 100 1208  995      20
1954122606 1 102 1197 1000      15
1954122612 1 104 1190 1002      15
1954122618 0 105 1185 1004       0
1954122700 0 105 1180 1004       0
1954122706 0 105 1175 1006       0
1954122712 0 104 1172 1006       0
1954122718 0 104 1167 1006       0
1954122800 0 104 1164 1006       0
1954122806 0 104 1161 1006       0
1954122812 0 104 1157 1006       0
1954122818 0 104 1154 1006       0
1954122900 0 104 1152 1006       0
