66666 0000   35 0001 9301 0 6 Irma                               20110729
1993030900 1  50 1690 1006      12
1993030906 1  50 1680 1004      12
1993030912 1  50 1670 1002      15
1993030918 1  52 1660 1002      15
1993031000 1  53 1650 1002      15
1993031006 1  55 1645 1002      15
1993031012 1  54 1640 1002      15
1993031018 1  53 1635 1002      15
1993031100 1  52 1630 1002      15
1993031106 1  54 1623 1000      15
1993031112 1  50 1620 1000      15
1993031118 1  47 1621 1000      15
1993031200 1  45 1625 1000      15
1993031206 1  45 1625 1000      15
1993031212 1  58 1620 1000      15
1993031218 1  59 1610 1000      15
1993031300 1  66 1595 1000      15
1993031306 1  75 1585 1000      15
1993031312 2  88 1569  995      20
1993031318 2 100 1558  995      20
1993031400 3 108 1546  992      25
1993031406 3 117 1532  990      25
1993031412 3 124 1524  990      25
1993031418 3 129 1517  990      25
1993031500 3 133 1507  990      25
1993031506 3 136 1500  990      25
1993031512 3 145 1496  990      25
1993031518 3 154 1496  990      25
1993031600 3 164 1500  990      25
1993031606 3 168 1508  990      25
1993031612 3 172 1512  990      25
1993031618 3 176 1516  990      25
1993031700 2 176 1516  995      20
1993031706 2 176 1516  998      20
1993031712 1 180 1520 1000      15
66666 0000   22 0002 0000 0 6 (nameless)                         20110729
1993041800 0  50 1610 1010      10
1993041806 0  55 1605 1010      10
1993041812 0  65 1598 1010      10
1993041818 0  68 1585 1010      10
1993041900 0  70 1570 1008      10
1993041906 0  70 1560 1008      10
1993041912 0  80 1550 1008      10
1993041918 1  90 1540 1008      12
1993042000 1  98 1532 1008      12
1993042006 1 100 1520 1006      15
1993042012 1  98 1513 1006      15
1993042018 1  90 1506 1006      15
1993042100 1  84 1500 1006      15
1993042106 1  79 1490 1006      15
1993042112 1  77 1484 1006      12
1993042118 1  74 1477 1006      12
1993042200 1  70 1470 1005      15
1993042206 1  68 1462 1005      15
1993042212 1  68 1462 1005      15
1993042218 1  63 1455 1005      15
1993042300 1  60 1445 1006      15
1993042306 1  59 1435 1006      12
66666 0000   52 0003 9302 0 6 Koryn                              20110729
1993061518 0  42 1565 1008      10
1993061600 0  46 1568 1008      10
1993061606 1  50 1571 1008      12
1993061612 1  58 1572 1008      12
1993061618 1  64 1570 1008      12
1993061700 1  67 1566 1006      15
1993061706 1  68 1559 1006      15
1993061712 1  68 1552 1006      15
1993061718 1  72 1548 1006      15
1993061800 1  73 1543 1005      15
1993061806 1  75 1539 1005      15
1993061812 1  77 1533 1005      15
1993061818 1  79 1522 1005      15
1993061900 1  80 1510 1005      15
1993061906 1  78 1502 1005      15
1993061912 1  74 1492 1005      15
1993061918 1  73 1479 1005      15
1993062000 1  73 1473 1005      15
1993062006 1  73 1467 1005      15
1993062012 1  73 1462 1005      15
1993062018 1  73 1458 1005      15
1993062100 1  74 1452 1005      15
1993062106 1  78 1439 1005      15
1993062112 1  82 1428 1002      15
1993062118 2  88 1416  995      20
1993062200 2  97 1401  995      20
1993062206 3 102 1390  990      25
1993062212 3 106 1380  985      25
1993062218 3 111 1367  975      30
1993062300 4 117 1352  970      35
1993062306 4 122 1343  960      40
1993062312 4 127 1333  960      40
1993062318 5 131 1321  950      45
1993062400 5 134 1309  945      50
1993062406 6 136 1298  935      55
1993062412 6 140 1288  920      60
1993062418 6 144 1274  920      60
1993062500 6 150 1262  935      55
1993062506 6 155 1251  935      55
1993062512 5 163 1240  945      50
1993062518 5 170 1226  945      50
1993062600 5 172 1211  950      45
1993062606 4 180 1200  960      40
1993062612 4 190 1186  960      40
1993062618 4 197 1170  960      40
1993062700 4 200 1153  960      40
1993062706 4 204 1140  960      40
1993062712 4 213 1128  970      35
1993062718 3 218 1113  975      30
1993062800 2 227 1100  995      20
1993062806 2 238 1096  995      20
1993062812 1 238 1084 1000      15
66666 0000   14 0004 0000 0 6 (nameless)                         20110729
1993061700 0  94 1310 1008      10
1993061706 0  90 1300 1008      10
1993061712 1  98 1290 1006      12
1993061718 1 105 1285 1006      12
1993061800 1 110 1280 1006      12
1993061806 1 112 1274 1004      15
1993061812 1 115 1265 1004      15
1993061818 1 121 1258 1004      15
1993061900 1 127 1252 1008      12
1993061906 1 136 1245 1008      12
1993061912 1 140 1230 1008      12
1993061918 1 143 1220 1008      12
1993062000 0 143 1220 1008      10
1993062006 0 150 1213 1006      10
66666 0000   23 0005 9303 1 6 Lewis                              20110729
1993070700 1  93 1280 1006      12
1993070706 1  99 1275 1006      12
1993070712 1 107 1270 1006      12
1993070718 1 113 1263 1006      12
1993070800 1 120 1252 1004      12
1993070806 1 129 1240 1002      15
1993070812 1 132 1229 1000      15
1993070818 1 135 1220 1000      15
1993070900 2 141 1202  998      20
1993070906 2 151 1187  995      20
1993070912 3 159 1171  990      25
1993070918 3 167 1153  990      25
1993071000 3 175 1136  985      25
1993071006 3 181 1119  985      25
1993071012 3 183 1107  975      30
1993071018 3 184 1095  980      30
1993071100 3 186 1082  980      30
1993071106 3 189 1073  985      25
1993071112 3 190 1068  985      25
1993071118 3 191 1064  985      25
1993071200 2 192 1058  990      20
1993071206 2 194 1045  990      20
1993071212 1 194 1031  995      15
66666 0000   15 0006 0000 0 6 Marian                             20110729
1993071312 0  80 1384 1005      10
1993071318 1  86 1361 1005      12
1993071400 1  95 1342 1000      15
1993071406 1 104 1332 1000      15
1993071412 1 112 1320 1000      15
1993071418 1 123 1308 1000      15
1993071500 1 133 1297 1000      15
1993071506 1 142 1285 1000      15
1993071512 1 148 1273 1002      12
1993071518 1 156 1261 1002      12
1993071600 1 160 1251 1002      12
1993071606 1 167 1240 1002      12
1993071612 1 170 1230 1002      12
1993071618 1 173 1217 1002      12
1993071700 1 180 1200 1002      12
66666 0000   27 0007 9304 0 6 Nathan                             20110729
1993071912 1 135 1502 1006      12
1993071918 1 141 1492 1004      15
1993072000 1 146 1485 1000      15
1993072006 2 153 1474  992      20
1993072012 2 158 1465  992      20
1993072018 3 165 1455  990      25
1993072100 3 174 1443  985      25
1993072106 3 183 1430  985      25
1993072112 3 191 1420  990      25
1993072118 3 198 1410  990      25
1993072200 3 204 1404  990      25
1993072206 3 210 1405  990      25
1993072212 3 216 1405  985      25
1993072218 3 220 1403  985      25
1993072300 3 223 1401  985      25
1993072306 3 227 1399  985      25
1993072312 3 233 1398  985      25
1993072318 3 245 1395  980      30
1993072400 3 267 1387  980      30
1993072406 3 295 1377  980      30
1993072412 3 322 1363  985      25
1993072418 2 340 1347  990      20
1993072500 2 359 1333  990      20
1993072506 2 370 1330  995      20
1993072512 9 380 1333 1000      15
1993072518 9 390 1340 1005      10
1993072600 9 400 1350 1005      10
66666 0000   17 0008 9305 0 6 Ofelia                             20110729
1993072418 1 168 1385 1004      12
1993072500 1 185 1382 1000      15
1993072506 1 201 1375 1000      15
1993072512 1 215 1365 1000      15
1993072518 2 229 1357  998      20
1993072600 2 248 1343  998      20
1993072606 2 256 1336  995      20
1993072612 2 265 1330  995      20
1993072618 3 283 1319  990      25
1993072700 3 306 1312  990      25
1993072706 2 329 1315  995      20
1993072712 2 357 1328  995      20
1993072718 1 380 1340 1000      15
1993072800 9 400 1350 1000      15
1993072806 9 406 1351 1002      15
1993072812 9 415 1355 1004      12
1993072818 9 415 1355 1004      12
66666 0000   17 0009 9306 0 6 Percy                              20110729
1993072706 1 210 1304 1002      15
1993072712 1 216 1299 1002      15
1993072718 1 223 1296 1000      15
1993072800 1 232 1292  998      15
1993072806 2 243 1287  995      20
1993072812 2 252 1284  990      20
1993072818 3 263 1284  985      25
1993072900 3 276 1286  980      30
1993072906 3 294 1289  980      30
1993072912 3 317 1294  980      30
1993072918 3 343 1304  985      25
1993073000 3 369 1323  985      25
1993073006 2 392 1342  990      20
1993073012 9 405 1355  995      20
1993073018 9 415 1365  996      15
1993073100 9 420 1370  996      15
1993073106 9 425 1380  996      15
66666 0000   47 0010 9307 0 6 Robyn                              20110729
1993080100 1  70 1540 1008      12
1993080106 1  70 1540 1004      15
1993080112 1  75 1530 1004      15
1993080118 1  82 1518 1004      15
1993080200 1  87 1505 1002      15
1993080206 1  92 1486 1000      15
1993080212 2  95 1472  995      20
1993080218 2  97 1459  992      20
1993080300 3 100 1448  990      25
1993080306 3 103 1438  990      25
1993080312 3 104 1423  985      25
1993080318 3 105 1418  980      30
1993080400 3 106 1412  980      30
1993080406 3 107 1409  980      30
1993080412 3 110 1405  980      30
1993080418 3 116 1403  980      30
1993080500 3 124 1400  980      30
1993080506 3 132 1397  980      30
1993080512 3 142 1393  980      30
1993080518 4 151 1385  975      35
1993080600 4 160 1374  970      35
1993080606 4 166 1365  970      35
1993080612 4 174 1355  970      35
1993080618 4 184 1345  965      40
1993080700 4 194 1334  960      40
1993080706 5 200 1326  955      45
1993080712 5 209 1319  955      45
1993080718 5 220 1313  955      45
1993080800 5 233 1308  955      45
1993080806 5 243 1303  955      45
1993080812 5 254 1298  955      45
1993080818 5 264 1295  955      45
1993080900 5 277 1292  955      45
1993080906 5 290 1290  955      45
1993080912 5 304 1291  955      45
1993080918 4 322 1292  960      40
1993081000 4 341 1298  960      40
1993081006 4 361 1309  970      35
1993081012 3 380 1323  980      30
1993081018 3 395 1340  980      30
1993081100 3 403 1355  985      25
1993081106 2 410 1371  992      20
1993081112 9 415 1390  995      15
1993081118 9 415 1410  998      15
1993081200 9 410 1430 1000      15
1993081206 9 400 1455 1002      15
1993081212 9 390 1475 1004      12
66666 0000   34 0011 9308 0 6 Steve                              20110729
1993080518 0 122 1525 1008      10
1993080600 0 125 1520 1008      10
1993080606 1 130 1513 1006      12
1993080612 1 135 1505 1006      12
1993080618 1 138 1497 1006      12
1993080700 1 142 1490 1004      15
1993080706 1 147 1482 1002      15
1993080712 1 152 1474 1000      15
1993080718 1 155 1464 1000      15
1993080800 1 156 1457  996      15
1993080806 2 156 1448  992      20
1993080812 2 156 1440  992      20
1993080818 3 156 1429  990      25
1993080900 3 157 1420  985      25
1993080906 3 162 1410  985      25
1993080912 3 164 1400  985      25
1993080918 3 164 1392  985      25
1993081000 3 164 1386  980      30
1993081006 3 168 1378  980      30
1993081012 3 171 1370  980      30
1993081018 3 175 1361  980      30
1993081100 3 180 1353  980      30
1993081106 3 187 1347  985      25
1993081112 3 195 1340  985      25
1993081118 2 204 1333  995      20
1993081200 2 213 1326  995      20
1993081206 1 222 1315 1000      15
1993081212 1 230 1307 1004      15
1993081218 1 238 1297 1004      12
1993081300 1 245 1285 1004      12
1993081306 1 250 1275 1004      12
1993081312 0 254 1266 1006      10
1993081318 0 255 1258 1006      10
1993081400 0 255 1250 1006      10
66666 0000   34 0012 9309 0 6 Tasha                              20110729
1993081400 0 100 1410 1008      10
1993081406 0  95 1390 1008      10
1993081412 0  90 1365 1008      10
1993081418 0  90 1340 1008      10
1993081500 0  95 1325 1008      10
1993081506 1 105 1312 1006      12
1993081512 1 125 1300 1006      12
1993081518 1 137 1292 1006      12
1993081600 1 150 1285 1006      12
1993081606 1 155 1278 1004      15
1993081612 1 161 1270 1004      15
1993081618 1 167 1262 1000      15
1993081700 1 174 1254  998      15
1993081706 2 181 1245  995      20
1993081712 2 185 1237  995      20
1993081718 2 188 1228  995      20
1993081800 3 191 1218  990      25
1993081806 3 196 1202  985      25
1993081812 3 198 1189  985      25
1993081818 3 200 1180  985      25
1993081900 3 197 1169  985      25
1993081906 3 196 1160  980      30
1993081912 3 195 1149  980      30
1993081918 3 197 1144  980      30
1993082000 3 200 1140  980      30
1993082006 4 205 1132  975      35
1993082012 4 209 1126  970      35
1993082018 4 213 1120  970      35
1993082100 4 218 1110  970      35
1993082106 3 220 1101  980      30
1993082112 3 227 1092  985      25
1993082118 2 236 1083  990      20
1993082200 2 240 1076  995      20
1993082206 1 245 1062  998      12
66666 0000   44 0013 9310 0 6 Keoni                              20110729
1993081912 3 201 1809  980      30
1993081918 3 203 1800  975      30
1993082000 4 207 1794  970      35
1993082006 4 213 1783  965      40
1993082012 4 219 1773  960      40
1993082018 4 226 1760  960      40
1993082100 4 231 1749  960      40
1993082106 5 237 1739  950      45
1993082112 5 245 1727  950      45
1993082118 5 253 1718  950      45
1993082200 5 261 1712  950      45
1993082206 4 268 1706  960      40
1993082212 4 273 1700  960      40
1993082218 4 278 1694  965      40
1993082300 4 282 1686  970      35
1993082306 4 286 1675  970      35
1993082312 3 288 1662  975      30
1993082318 3 290 1648  975      30
1993082400 3 294 1635  980      30
1993082406 3 301 1625  980      30
1993082412 3 309 1619  975      30
1993082418 4 316 1612  970      35
1993082500 4 321 1605  970      35
1993082506 4 323 1599  970      35
1993082512 4 324 1596  970      35
1993082518 3 325 1594  975      30
1993082600 3 326 1592  975      30
1993082606 3 331 1587  980      30
1993082612 3 338 1585  985      25
1993082618 3 346 1584  985      25
1993082700 3 355 1585  985      25
1993082706 2 361 1586  990      20
1993082712 2 367 1587  990      20
1993082718 2 371 1592  990      20
1993082800 2 373 1601  995      20
1993082806 1 370 1615 1000      15
1993082812 1 365 1625 1000      15
1993082818 1 357 1636 1005      12
1993082900 1 350 1650 1005      12
1993082906 0 345 1660 1010      10
1993082912 0 336 1667 1010      10
1993082918 0 327 1670 1010      10
1993083000 0 315 1670 1010      10
1993083006 0 305 1670 1010      10
66666 0000   31 0014 9311 1 6 Vernon                             20110729
1993082112 1 186 1536 1005      15
1993082118 1 188 1534 1002      15
1993082200 1 190 1532 1000      15
1993082206 2 192 1531  998      20
1993082212 2 196 1529  995      20
1993082218 2 200 1526  995      20
1993082300 2 206 1521  995      20
1993082306 2 214 1515  990      20
1993082312 3 224 1507  985      25
1993082318 3 230 1499  985      25
1993082400 3 236 1493  980      30
1993082406 3 244 1489  980      30
1993082412 3 251 1482  980      30
1993082418 3 259 1475  980      30
1993082500 3 269 1465  980      30
1993082506 4 279 1454  975      35
1993082512 4 287 1438  970      35
1993082518 4 290 1427  970      35
1993082600 4 297 1417  970      35
1993082606 4 305 1410  970      35
1993082612 4 314 1408  970      35
1993082618 4 326 1406  975      35
1993082700 4 339 1406  975      35
1993082706 4 356 1408  975      35
1993082712 3 371 1415  980      30
1993082718 3 391 1424  980      30
1993082800 3 419 1438  985      25
1993082806 2 447 1451  990      20
1993082812 9 465 1460  990      15
1993082818 9 485 1470  990      15
1993082900 9 500 1475  992      12
66666 0000   30 0015 9312 0 6 Winona                             20110729
1993082206 1 120 1250 1006      12
1993082212 1 116 1239 1004      15
1993082218 1 117 1225 1004      15
1993082300 1 118 1210 1004      15
1993082306 1 119 1200 1002      15
1993082312 2 120 1193  998      20
1993082318 2 123 1182  995      20
1993082400 2 128 1175  992      20
1993082406 2 140 1168  992      20
1993082412 2 150 1164  992      20
1993082418 2 157 1161  990      20
1993082500 2 162 1159  990      20
1993082506 2 169 1157  990      20
1993082512 2 173 1157  990      20
1993082518 2 175 1158  990      20
1993082600 2 176 1158  990      20
1993082606 2 178 1158  990      20
1993082612 2 180 1157  990      20
1993082618 2 180 1153  990      20
1993082700 2 178 1148  990      20
1993082706 2 177 1141  990      20
1993082712 2 175 1135  990      20
1993082718 2 174 1129  990      20
1993082800 2 172 1120  995      20
1993082806 2 169 1109  995      20
1993082812 2 167 1094  995      20
1993082818 2 168 1084  995      20
1993082900 2 172 1075  995      20
1993082906 1 175 1065 1000      15
1993082912 1 180 1050 1004      12
66666 0000   30 0016 9313 0 6 Yancy                              20110729
1993082900 1 195 1380 1004      12
1993082906 1 195 1365 1004      12
1993082912 1 196 1355 1002      15
1993082918 1 198 1347 1000      15
1993083000 2 203 1342  998      20
1993083006 2 208 1330  998      20
1993083012 2 207 1318  996      20
1993083018 2 205 1305  996      20
1993083100 2 206 1292  992      20
1993083106 3 206 1281  990      25
1993083112 3 207 1272  985      25
1993083118 3 215 1266  980      30
1993090100 4 220 1261  970      35
1993090106 4 228 1255  960      40
1993090112 5 234 1253  955      45
1993090118 5 241 1254  955      45
1993090200 5 250 1257  945      50
1993090206 5 260 1262  945      50
1993090212 6 270 1270  935      55
1993090218 6 281 1280  935      55
1993090300 6 295 1291  935      55
1993090306 5 309 1303  945      50
1993090312 4 328 1318  960      40
1993090318 4 351 1337  970      35
1993090400 3 372 1358  980      25
1993090406 3 393 1367  985      25
1993090412 9 410 1373  990      20
1993090418 9 415 1370  995      15
1993090500 9 420 1365 1000      15
1993090506 9 420 1360 1002      12
66666 0000   25 0017 9314 0 6 Zola                               20110729
1993090500 0 200 1312 1006      10
1993090506 0 202 1308 1006      10
1993090512 1 203 1303 1002      15
1993090518 1 205 1298 1002      15
1993090600 1 207 1293 1002      15
1993090606 1 210 1287 1000      15
1993090612 2 216 1282  995      20
1993090618 2 223 1281  995      20
1993090700 2 233 1285  995      20
1993090706 2 247 1292  990      20
1993090712 2 255 1298  990      20
1993090718 2 267 1306  990      20
1993090800 2 281 1316  990      20
1993090806 3 296 1324  985      25
1993090812 3 313 1334  985      25
1993090818 3 327 1343  985      25
1993090900 2 345 1363  995      20
1993090906 9 360 1382 1000      15
1993090912 9 375 1420 1004      12
1993090918 9 385 1440 1004      12
1993091000 9 395 1460 1002      15
1993091006 9 403 1477 1000      15
1993091012 9 410 1495 1000      15
1993091018 9 420 1510 1000      15
1993091100 9 427 1527 1000      15
66666 0000   24 0018 9315 0 6 Abe                                20110729
1993090900 1 190 1240 1005      12
1993090906 1 192 1241 1002      12
1993090912 1 193 1241 1000      15
1993090918 1 195 1242 1000      15
1993091000 2 196 1241  998      20
1993091006 2 198 1240  995      20
1993091012 2 199 1239  990      20
1993091018 3 201 1236  985      25
1993091100 3 204 1232  985      25
1993091106 3 206 1225  980      30
1993091112 3 207 1220  980      30
1993091118 3 208 1214  980      30
1993091200 4 210 1205  975      35
1993091206 4 211 1197  970      35
1993091212 4 213 1192  960      40
1993091218 5 215 1188  955      45
1993091300 5 219 1183  950      45
1993091306 5 221 1179  945      50
1993091312 5 223 1176  945      50
1993091318 5 226 1171  950      45
1993091400 4 231 1163  965      35
1993091406 3 234 1152  990      25
1993091412 1 240 1140 1000      15
1993091418 1 242 1135 1000      12
66666 0000   21 0019 9316 0 6 Becky                              20110729
1993091306 1 135 1305 1005      12
1993091312 1 138 1298 1005      12
1993091318 1 143 1290 1005      12
1993091400 1 150 1280 1002      15
1993091406 1 155 1272 1002      15
1993091412 1 162 1264 1002      15
1993091418 1 166 1258 1002      15
1993091500 1 173 1245 1000      15
1993091506 1 179 1236 1000      15
1993091512 2 187 1227  995      20
1993091518 2 189 1215  995      20
1993091600 2 188 1200  990      20
1993091606 3 193 1184  985      25
1993091612 3 200 1168  985      25
1993091618 3 208 1150  980      30
1993091700 4 217 1136  975      35
1993091706 3 223 1117  985      25
1993091712 1 225 1107  995      15
1993091718 1 225 1092 1002      12
1993091800 1 226 1080 1002      12
1993091806 0 224 1068 1004       9
66666 0000   25 0020 9318 0 6 Dot                                20110729
1993092100 1 179 1170 1005      12
1993092106 1 180 1162 1005      12
1993092112 1 180 1156 1005      12
1993092118 1 180 1153 1005      12
1993092200 1 180 1150 1005      12
1993092206 1 180 1146 1005      12
1993092212 1 181 1138 1000      15
1993092218 1 181 1132 1000      15
1993092300 1 182 1128 1000      15
1993092306 1 183 1125 1000      15
1993092312 1 184 1121 1000      15
1993092318 1 184 1117 1000      15
1993092400 1 186 1115 1000      15
1993092406 2 188 1113  998      20
1993092412 2 190 1113  998      20
1993092418 3 192 1115  995      25
1993092500 3 196 1120  980      30
1993092506 3 202 1122  975      30
1993092512 4 205 1124  970      35
1993092518 4 208 1124  965      40
1993092600 4 211 1124  970      35
1993092606 4 217 1124  975      35
1993092612 2 223 1124  990      20
1993092618 1 226 1125  995      15
1993092700 1 228 1126 1002      12
66666 0000   23 0021 9317 1 6 Cecil                              20110729
1993092300 1 137 1500 1004      12
1993092306 1 137 1498 1000      15
1993092312 2 138 1496  998      20
1993092318 2 139 1496  998      20
1993092400 2 145 1494  995      20
1993092406 3 152 1486  985      25
1993092412 3 163 1481  980      30
1993092418 3 179 1470  975      30
1993092500 4 193 1465  965      35
1993092506 4 209 1458  960      40
1993092512 5 218 1451  955      45
1993092518 5 229 1448  950      45
1993092600 5 240 1445  950      45
1993092606 5 248 1451  950      45
1993092612 5 259 1457  950      45
1993092618 4 272 1470  960      40
1993092700 4 287 1486  960      40
1993092706 4 308 1508  965      40
1993092712 4 330 1526  970      35
1993092718 3 355 1550  975      30
1993092800 9 387 1586  980      25
1993092806 9 435 1655  985      20
1993092812 9 460 1680  985      20
66666 0000   38 0022 9319 1 6 Ed                                 20110729
1993093000 1 125 1460 1004      12
1993093006 1 130 1457 1004      15
1993093012 1 134 1453 1000      15
1993093018 1 138 1443  998      15
1993100100 2 141 1433  995      20
1993100106 2 142 1427  995      20
1993100112 3 143 1420  990      25
1993100118 3 146 1413  980      30
1993100200 4 151 1405  975      35
1993100206 4 156 1398  970      35
1993100212 4 162 1388  970      35
1993100218 4 168 1376  965      40
1993100300 4 174 1366  965      40
1993100306 4 179 1358  960      40
1993100312 4 183 1351  960      40
1993100318 4 188 1343  960      40
1993100400 5 192 1336  950      45
1993100406 5 195 1330  950      45
1993100412 5 198 1327  945      50
1993100418 6 203 1325  935      55
1993100500 6 209 1326  930      55
1993100506 6 216 1328  930      55
1993100512 5 222 1331  940      50
1993100518 5 229 1335  950      45
1993100600 5 238 1341  950      45
1993100606 4 248 1347  960      40
1993100612 4 256 1356  960      40
1993100618 4 270 1366  960      40
1993100700 4 287 1380  960      40
1993100706 4 301 1396  970      35
1993100712 3 316 1413  980      30
1993100718 3 330 1435  980      25
1993100800 3 347 1463  985      25
1993100806 3 357 1496  990      25
1993100812 9 370 1525  990      25
1993100818 9 390 1560  988      20
1993100900 9 415 1590  988      20
1993100906 9 450 1630  988      15
66666 0000   38 0023 9320 1 6 Flo                                20110729
1993100100 1 163 1300 1004      12
1993100106 1 163 1294 1002      12
1993100112 1 165 1287 1000      12
1993100118 1 166 1280 1000      15
1993100200 2 166 1273  996      20
1993100206 2 167 1267  992      20
1993100212 3 168 1261  990      25
1993100218 3 168 1256  990      25
1993100300 3 168 1252  985      25
1993100306 3 168 1248  985      25
1993100312 3 168 1243  980      30
1993100318 3 168 1237  975      30
1993100400 4 167 1228  970      35
1993100406 4 165 1220  970      35
1993100412 3 163 1211  975      30
1993100418 3 164 1203  980      30
1993100500 3 163 1190  985      25
1993100506 3 161 1195  985      25
1993100512 3 165 1200  990      25
1993100518 3 171 1208  990      25
1993100600 3 180 1215  990      25
1993100606 3 192 1225  990      25
1993100612 3 199 1237  990      25
1993100618 3 203 1249  990      25
1993100700 3 215 1260  990      25
1993100706 3 226 1276  990      25
1993100712 3 245 1295  985      25
1993100718 3 267 1312  985      25
1993100800 3 290 1333  980      30
1993100806 3 313 1366  980      30
1993100812 3 338 1406  980      30
1993100818 9 358 1460  980      25
1993100900 9 385 1535  980      25
1993100906 9 400 1585  976      25
1993100912 9 410 1620  976      20
1993100918 9 425 1655  976      20
1993101000 9 435 1685  976      20
1993101006 9 455 1725  976      20
66666 0000   15 0024 9321 0 6 Gene                               20110729
1993100618 0  90 1426 1006      10
1993100700 0 100 1415 1006      10
1993100706 1 110 1395 1005      12
1993100712 1 115 1380 1005      12
1993100718 1 125 1372 1002      15
1993100800 1 135 1365 1000      15
1993100806 1 144 1359 1000      15
1993100812 1 157 1355 1000      15
1993100818 1 171 1348 1000      15
1993100900 2 180 1331  998      20
1993100906 2 196 1328  998      20
1993100912 2 210 1330  998      20
1993100918 2 224 1331  998      20
1993101000 1 236 1326 1002      15
1993101006 1 250 1330 1006      12
66666 0000   11 0025 0000 0 6 (nameless)                         20110729
1993101106 1 195 1215 1010      12
1993101112 1 195 1215 1008      15
1993101118 1 198 1202 1008      15
1993101200 1 202 1190 1008      15
1993101206 1 205 1179 1006      15
1993101212 1 208 1172 1006      15
1993101218 1 209 1164 1006      15
1993101300 1 212 1158 1006      15
1993101306 1 216 1150 1006      15
1993101312 1 220 1142 1008      15
1993101318 1 230 1140 1010      12
66666 0000   28 0026 9322 1 6 Hattie                             20110729
1993101912 1 130 1600 1000      12
1993101918 1 131 1595 1000      12
1993102000 1 133 1588  998      15
1993102006 1 136 1582  996      15
1993102012 1 140 1573  996      15
1993102018 1 145 1568  996      15
1993102100 1 152 1564  996      15
1993102106 1 157 1561  996      15
1993102112 1 161 1559  996      15
1993102118 1 166 1557  996      15
1993102200 1 175 1555  996      15
1993102206 2 190 1555  994      20
1993102212 2 208 1552  990      20
1993102218 3 222 1543  985      25
1993102300 3 235 1533  985      25
1993102306 3 240 1529  985      25
1993102312 3 246 1533  985      25
1993102318 3 251 1544  985      25
1993102400 3 258 1558  980      25
1993102406 3 272 1573  980      25
1993102412 3 290 1585  980      25
1993102418 3 315 1605  985      25
1993102500 3 338 1628  985      25
1993102506 2 358 1665  990      20
1993102512 9 370 1700  996      20
1993102518 9 380 1730 1000      15
1993102600 9 390 1760 1002      15
1993102606 9 405 1795 1004      12
66666 0000   35 0027 9323 0 6 Ira                                20110729
1993102712 1 125 1460 1006      12
1993102718 1 125 1445 1004      12
1993102800 1 126 1430 1002      15
1993102806 2 129 1412 1002      20
1993102812 2 132 1393  996      20
1993102818 2 133 1377  996      20
1993102900 3 132 1363  996      25
1993102906 3 133 1350  985      25
1993102912 3 135 1337  980      30
1993102918 3 139 1323  975      30
1993103000 3 143 1307  970      30
1993103006 4 146 1294  965      35
1993103012 4 148 1284  965      40
1993103018 4 151 1275  955      40
1993103100 5 153 1266  950      45
1993103106 5 155 1258  950      45
1993103112 5 157 1251  950      45
1993103118 5 159 1245  950      45
1993110100 5 160 1236  955      45
1993110106 5 161 1223  960      45
1993110112 4 162 1210  975      40
1993110118 4 163 1200  985      35
1993110200 3 166 1192  985      30
1993110206 3 169 1183  985      25
1993110212 3 172 1172  985      25
1993110218 3 175 1164  990      25
1993110300 3 178 1158  990      25
1993110306 3 182 1150  990      25
1993110312 3 187 1142  990      25
1993110318 3 193 1135  990      25
1993110400 3 200 1130  992      25
1993110406 3 206 1123  992      25
1993110412 3 214 1120  992      25
1993110418 2 223 1117  995      20
1993110500 1 220 1110 1004      12
66666 0000   25 0028 9324 0 6 Jeana                              20110729
1993110612 1 122 1490 1004      15
1993110618 1 125 1480 1004      15
1993110700 1 130 1467 1004      15
1993110706 1 135 1447 1004      15
1993110712 1 136 1439 1004      15
1993110718 1 136 1429 1004      15
1993110800 1 141 1420 1004      15
1993110806 1 143 1409 1004      15
1993110812 1 149 1396 1000      15
1993110818 1 158 1380 1000      15
1993110900 2 175 1369  995      20
1993110906 2 181 1361  995      20
1993110912 2 186 1359  995      20
1993110918 2 190 1359  995      20
1993111000 2 195 1358  995      20
1993111006 3 203 1357  990      25
1993111012 3 215 1358  990      25
1993111018 3 219 1365  990      25
1993111100 3 220 1371  990      25
1993111106 3 220 1381  990      25
1993111112 3 221 1391  990      25
1993111118 2 221 1401  995      20
1993111200 2 222 1409  995      20
1993111206 2 223 1415  995      20
1993111212 1 225 1420 1000      15
66666 0000   21 0029 9325 1 6 Kyle                               20110729
1993111906 1 105 1295 1002      15
1993111912 2 107 1285  998      20
1993111918 2 107 1275  998      20
1993112000 2 107 1264  995      20
1993112006 2 108 1253  995      20
1993112012 2 110 1242  995      20
1993112018 2 114 1231  995      20
1993112100 2 116 1215  995      20
1993112106 2 118 1205  995      20
1993112112 3 119 1194  990      25
1993112118 3 120 1183  985      25
1993112200 3 121 1172  985      25
1993112206 3 125 1158  980      30
1993112212 4 127 1144  970      35
1993112218 4 129 1129  960      40
1993112300 4 128 1117  960      40
1993112306 4 129 1104  955      40
1993112312 4 131 1090  970      35
1993112318 3 133 1072  980      30
1993112400 3 135 1062  990      25
1993112406 2 138 1048  995      20
66666 0000   31 0030 9326 1 6 Lola                               20110729
1993120118 0  72 1455 1004      10
1993120200 0  80 1440 1004      10
1993120206 1  88 1423 1002      12
1993120212 1  96 1406 1000      15
1993120218 1 102 1385 1000      15
1993120300 2 111 1360  998      20
1993120306 2 117 1337  995      20
1993120312 3 122 1324  985      25
1993120318 3 127 1309  985      25
1993120400 3 133 1294  980      30
1993120406 3 139 1280  980      30
1993120412 4 142 1268  970      35
1993120418 4 143 1259  960      40
1993120500 4 143 1249  960      40
1993120506 4 143 1238  960      40
1993120512 4 142 1231  960      40
1993120518 4 139 1223  965      35
1993120600 3 136 1209  975      30
1993120606 3 134 1200  980      30
1993120612 3 132 1192  980      30
1993120618 3 127 1183  985      25
1993120700 3 124 1178  985      25
1993120706 3 121 1169  985      25
1993120712 3 117 1157  985      25
1993120718 3 115 1150  980      30
1993120800 4 112 1137  970      35
1993120806 4 113 1118  965      35
1993120812 4 115 1104  960      40
1993120818 4 119 1091  970      35
1993120900 4 129 1077  985      35
1993120906 2 132 1063  990      20
66666 0000   42 0031 9327 1 6 Manny                              20110729
1993120412 1  80 1440  998      12
1993120418 1  82 1427  998      12
1993120500 2  88 1407  995      20
1993120506 3  94 1390  990      25
1993120512 3 100 1374  980      30
1993120518 3 106 1356  980      30
1993120600 3 116 1346  980      30
1993120606 3 125 1336  980      30
1993120612 3 134 1324  980      30
1993120618 3 140 1313  980      30
1993120700 3 149 1304  980      30
1993120706 3 156 1300  980      30
1993120712 3 161 1296  980      30
1993120718 3 166 1296  980      30
1993120800 4 168 1299  975      35
1993120806 4 163 1301  975      35
1993120812 4 160 1300  975      35
1993120818 4 154 1294  975      35
1993120900 4 146 1286  970      35
1993120906 4 140 1276  965      40
1993120912 4 134 1264  965      40
1993120918 4 129 1250  965      40
1993121000 4 126 1239  970      35
1993121006 4 125 1230  975      35
1993121012 3 123 1222  980      30
1993121018 3 121 1214  985      25
1993121100 2 119 1207  995      20
1993121106 2 116 1196  995      20
1993121112 2 113 1186  995      20
1993121118 2 110 1178  995      20
1993121200 2 108 1172  995      20
1993121206 2 108 1166  995      20
1993121212 1 108 1158 1000      15
1993121218 1 110 1150 1000      15
1993121300 1 110 1142 1000      15
1993121306 1 110 1135 1000      15
1993121312 1 110 1128 1000      15
1993121318 1 110 1120 1000      15
1993121400 1 110 1108 1000      15
1993121406 1 105 1096 1002      12
1993121412 1  90 1080 1002      12
1993121418 1  70 1060 1002      12
66666 0000   22 0032 9328 0 6 Nell                               20110729
1993122318 1  75 1395 1000      12
1993122400 1  78 1386 1000      12
1993122406 1  81 1374 1000      12
1993122412 1  82 1356 1000      15
1993122418 1  83 1340  998      15
1993122500 1  85 1325  995      15
1993122506 2  87 1312  990      20
1993122512 3  88 1296  985      25
1993122518 3  89 1280  980      30
1993122600 3  92 1267  980      30
1993122606 4  96 1256  975      35
1993122612 4 103 1243  975      35
1993122618 4 110 1231  980      35
1993122700 3 113 1220  980      30
1993122706 3 118 1208  985      30
1993122712 3 117 1199  985      25
1993122718 3 116 1189  985      25
1993122800 2 115 1181  990      20
1993122806 2 113 1175  995      20
1993122812 1 110 1168  998      15
1993122818 1 109 1163 1000      15
1993122900 1 107 1158 1004      12
