66666 0000   24 0001 7601 0 6 Kathy                              20110729
1976012800 2  56 1477 1000      20
1976012806 2  62 1466  989      20
1976012812 2  66 1452  995      20
1976012818 2  68 1442  995      20
1976012900 2  68 1436  997      20
1976012906 3  69 1430  997      25
1976012912 3  78 1415  990      25
1976012918 3  93 1401  985      30
1976013000 4 102 1395  980      35
1976013006 4 110 1386  975      40
1976013012 4 122 1383  971      40
1976013018 4 135 1382  971      40
1976013100 5 146 1384  971      45
1976013106 5 156 1387  971      50
1976013112 5 166 1398  975      45
1976013118 5 174 1411  985      45
1976020100 4 179 1425  990      40
1976020106 4 186 1443  995      35
1976020112 4 196 1460  995      35
1976020118 3 207 1482  995      30
1976020200 3 217 1509  995      25
1976020206 2 222 1536  995      20
1976020212 2 226 1570  997      20
1976020218 1 226 1600 1000      15
66666 0000   22 0002 0000 0 6 (nameless)                         20110729
1976012800 0 100 1300 1006      10
1976012806 1  99 1295 1003      15
1976012812 1  98 1290 1003      15
1976012818 1  96 1287 1003      15
1976012900 1  92 1285 1003      15
1976012906 1  90 1282 1003      15
1976012912 1  86 1280 1003      15
1976012918 1  83 1278 1003      15
1976013000 1  77 1277 1003      15
1976013006 1  72 1278 1003      15
1976013012 1  70 1283 1003      15
1976013018 1  68 1292 1003      15
1976013100 1  67 1303 1003      15
1976013106 1  66 1315 1001      15
1976013112 1  70 1327 1001      15
1976013118 1  78 1340 1001      15
1976020100 1  83 1357 1001      12
1976020106 1  84 1371 1001      12
1976020112 0  83 1381 1002      10
1976020118 0  82 1389 1002      10
1976020200 0  81 1395 1002      10
1976020206 0  80 1403 1003      10
66666 0000    8 0003 0000 0 6 (nameless)                         20110729
1976020118 0 172 1438 1002      10
1976020200 1 170 1430 1000      15
1976020206 1 165 1425 1000      15
1976020212 1 160 1420 1000      15
1976020218 1 150 1412 1000      12
1976020300 1 137 1406 1000      12
1976020306 0 126 1412 1002      10
1976020312 0 125 1429 1005      10
66666 0000   12 0004 7602 0 6 Lorna                              20110729
1976022706 1  81 1520 1004      12
1976022712 1  85 1511 1004      12
1976022718 1  89 1503 1004      15
1976022800 1  93 1497 1000      15
1976022806 2  96 1493  998      20
1976022812 2  99 1491  998      20
1976022818 2 101 1486  998      20
1976022900 2 102 1478  998      20
1976022906 1  94 1469 1000      15
1976022912 1  82 1462 1000      15
1976022918 1  68 1454 1002      15
1976030100 0  56 1444 1004      10
66666 0000   53 0005 7603 1 6 Marie                              20110729
1976040300 1  84 1399  990      15
1976040306 2  82 1405  989      20
1976040312 2  81 1408  985      20
1976040318 2  81 1409  983      20
1976040400 2  81 1411  980      20
1976040406 2  83 1410  980      20
1976040412 3  78 1403  979      25
1976040418 3  75 1399  979      25
1976040500 3  73 1396  976      30
1976040506 4  72 1394  973      35
1976040512 4  72 1392  972      35
1976040518 4  73 1389  972      35
1976040600 4  74 1384  972      35
1976040606 4  78 1379  972      35
1976040612 4  80 1371  972      35
1976040618 4  81 1365  972      35
1976040700 4  82 1361  970      35
1976040706 4  83 1356  970      35
1976040712 4  83 1349  965      35
1976040718 4  83 1342  965      40
1976040800 4  84 1335  962      40
1976040806 4  87 1327  960      40
1976040812 4  89 1321  958      40
1976040818 4  93 1315  955      40
1976040900 4  99 1311  950      40
1976040906 4 105 1309  945      40
1976040912 4 110 1301  940      40
1976040918 5 118 1296  938      45
1976041000 5 126 1295  935      45
1976041006 5 131 1291  932      50
1976041012 5 138 1289  931      50
1976041018 5 145 1288  930      50
1976041100 5 152 1287  930      50
1976041106 5 161 1290  930      50
1976041112 5 169 1293  933      50
1976041118 5 180 1301  935      50
1976041200 5 191 1307  935      50
1976041206 5 202 1315  940      45
1976041212 4 212 1322  950      40
1976041218 4 222 1331  950      40
1976041300 4 232 1340  950      35
1976041306 3 243 1350  960      30
1976041312 3 256 1360  970      30
1976041318 3 269 1370  975      25
1976041400 3 281 1381  985      25
1976041406 3 300 1403  985      25
1976041412 2 320 1429  990      20
1976041418 9 340 1455  990      20
1976041500 9 360 1480  990      20
1976041506 9 385 1515  992      15
1976041512 9 410 1552  992       0
1976041518 9 435 1594  992       0
1976041600 9 460 1630  992       0
66666 0000   31 0006 7604 0 6 Nancy                              20110729
1976042500 0 110 1640 1004       0
1976042506 0 113 1628 1004       0
1976042512 0 116 1615 1002      10
1976042518 1 118 1601 1002      12
1976042600 1 119 1589 1000      15
1976042606 2 122 1590  999      20
1976042612 2 120 1588  998      20
1976042618 2 125 1588  998      20
1976042700 2 136 1589  995      20
1976042706 3 143 1582  993      25
1976042712 3 144 1578  993      25
1976042718 3 146 1573  995      25
1976042800 3 150 1569  990      25
1976042806 3 151 1564  981      30
1976042812 3 152 1560  981      30
1976042818 3 153 1556  981      30
1976042900 3 154 1551  984      30
1976042906 3 154 1544  984      30
1976042912 3 154 1536  985      30
1976042918 3 156 1529  985      30
1976043000 3 157 1521  985      30
1976043006 3 160 1512  985      30
1976043012 3 161 1503  985      30
1976043018 3 160 1492  990      25
1976050100 2 156 1482 1005      20
1976050106 2 160 1467 1005      20
1976050112 2 158 1452 1005      20
1976050118 1 149 1441 1005      15
1976050200 1 140 1431 1005      12
1976050206 0 131 1424 1008      10
1976050212 0 121 1418 1008      10
66666 0000   65 0007 7605 2 6 Olga                               20110729
1976051112 0 104 1418 1005      10
1976051118 0 108 1404 1004      10
1976051200 0 109 1390 1004      10
1976051206 0 108 1377 1004      10
1976051212 1 103 1363 1004      12
1976051218 1 110 1362 1004      12
1976051300 1 119 1354 1004      15
1976051306 2 120 1343 1000      20
1976051312 2 118 1342 1000      20
1976051318 2 116 1341 1000      20
1976051400 2 113 1339 1000      20
1976051406 2 111 1337 1000      20
1976051412 2 109 1335 1000      20
1976051418 2 107 1333 1000      20
1976051500 2 105 1331  999      20
1976051506 2 105 1324  999      20
1976051512 2 108 1318  999      20
1976051518 2 111 1313  999      20
1976051600 2 116 1309  999      20
1976051606 3 123 1305  995      25
1976051612 3 129 1303  995      25
1976051618 3 136 1299  995      25
1976051700 3 139 1292  991      25
1976051706 3 144 1282  991      25
1976051712 3 146 1274  991      25
1976051718 3 146 1266  991      25
1976051800 3 147 1259  991      30
1976051806 3 151 1256  990      30
1976051812 3 150 1254  989      30
1976051818 3 153 1254  989      30
1976051900 3 156 1249  989      30
1976051906 3 156 1245  989      30
1976051912 3 155 1247  985      30
1976051918 3 157 1247  982      30
1976052000 3 161 1244  980      30
1976052006 4 163 1239  975      35
1976052012 4 164 1233  960      35
1976052018 4 165 1229  934      40
1976052100 4 165 1225  945      40
1976052106 4 164 1223  960      35
1976052112 4 163 1222  960      35
1976052118 4 162 1221  960      35
1976052200 4 161 1220  960      35
1976052206 4 161 1215  960      35
1976052212 3 163 1212  970      30
1976052218 3 165 1209  970      30
1976052300 3 166 1205  980      25
1976052306 3 165 1201  980      25
1976052312 3 164 1199  980      25
1976052318 3 163 1197  980      25
1976052400 3 164 1195  980      25
1976052406 3 166 1193  980      25
1976052412 3 169 1193  980      25
1976052418 3 172 1193  980      25
1976052500 2 175 1193  985      20
1976052506 2 180 1194  985      20
1976052512 2 190 1200  985      20
1976052518 2 198 1209  985      20
1976052600 2 210 1220  990      20
1976052606 2 220 1230  990      20
1976052612 2 233 1241  990      20
1976052618 2 251 1257  990      20
1976052700 2 267 1273  990      20
1976052706 1 276 1284  993      15
1976052712 1 286 1302  995      15
66666 0000   63 0008 7606 1 6 Pamela                             20110729
1976051406 0  80 1520 1003      10
1976051412 0  86 1513 1003      10
1976051418 1  83 1502 1000      15
1976051500 2  83 1511  999      20
1976051506 2  81 1512  998      20
1976051512 2  76 1508  998      20
1976051518 2  70 1511  995      20
1976051600 2  69 1521  994      20
1976051606 3  67 1529  990      25
1976051612 3  64 1532  985      25
1976051618 3  65 1536  981      30
1976051700 4  68 1537  978      35
1976051706 4  72 1536  975      35
1976051712 4  74 1535  970      35
1976051718 4  76 1531  965      40
1976051800 4  82 1525  962      40
1976051806 5  86 1518  945      45
1976051812 5  91 1510  940      45
1976051818 5  94 1501  940      45
1976051900 5  95 1490  930      50
1976051906 5  99 1482  925      50
1976051912 6 102 1476  921      65
1976051918 6 106 1471  921      65
1976052000 6 111 1465  921      65
1976052006 6 112 1462  925      55
1976052012 6 116 1460  930      55
1976052018 6 121 1457  931      55
1976052100 6 130 1453  932      55
1976052106 6 136 1449  933      55
1976052112 6 143 1443  934      55
1976052118 6 150 1438  934      55
1976052200 6 158 1433  935      55
1976052206 6 166 1426  935      60
1976052212 6 174 1419  935      60
1976052218 6 183 1412  935      60
1976052300 6 194 1406  936      65
1976052306 6 202 1401  936      65
1976052312 6 210 1398  940      60
1976052318 6 216 1398  945      55
1976052400 5 223 1402  950      50
1976052406 5 230 1409  955      45
1976052412 4 237 1413  955      40
1976052418 4 246 1418  960      35
1976052500 4 253 1421  965      35
1976052506 4 261 1427  965      35
1976052512 4 269 1434  965      35
1976052518 4 276 1441  970      35
1976052600 4 281 1450  970      35
1976052606 4 291 1465  970      35
1976052612 4 301 1479  975      35
1976052618 3 312 1493  975      30
1976052700 3 325 1505  975      25
1976052706 3 341 1521  975      25
1976052712 3 359 1532  975      25
1976052718 2 378 1542  980      20
1976052800 9 400 1557  975      20
1976052806 9 415 1570  975       0
1976052812 9 430 1585  975       0
1976052818 9 446 1600  975       0
1976052900 9 460 1610  975       0
1976052906 9 480 1620  980       0
1976052912 9 500 1625  980       0
1976052918 9 520 1630  980       0
66666 0000   11 0009 0000 0 6 (nameless)                         20110729
1976061506 1 142 1282 1004      15
1976061512 1 147 1281 1004      15
1976061518 1 152 1278 1004      15
1976061600 1 156 1275 1004      15
1976061606 1 160 1271 1003      15
1976061612 1 166 1270 1002      15
1976061618 1 176 1270 1002      15
1976061700 1 186 1265 1000      15
1976061706 1 193 1258 1000      15
1976061712 1 199 1251 1002      12
1976061718 0 207 1249 1002      10
66666 0000   10 0010 0000 0 6 (nameless)                         20110729
1976062012 0 168 1116 1003      10   12
1976062018 0 174 1119 1002      10   12
1976062100 1 179 1116 1001      15
1976062106 1 183 1113 1001      15
1976062112 1 189 1112 1000      15
1976062118 0 197 1108 1000      10   15
1976062200 0 203 1102 1000      10   12
1976062206 0 209 1099  999      10
1976062212 0 215 1094  999       9
1976062218 0 221 1086 1001       9
66666 0000   55 0011 7607 1 6 Ruby                               20110729
1976062100 0  89 1365 1006       0
1976062106 0  93 1353 1004       0
1976062112 0  96 1345 1004       0
1976062118 0 100 1336 1004       0
1976062200 1 106 1325 1004      12
1976062206 1 111 1316 1002      15
1976062212 1 116 1307 1002      15
1976062218 1 120 1300 1002      15
1976062300 1 125 1291 1002      15
1976062306 1 122 1282 1000      15
1976062312 2 120 1271  998      20
1976062318 2 123 1264  995      20
1976062400 3 126 1256  990      25
1976062406 3 133 1248  985      30
1976062412 3 139 1239  985      30
1976062418 3 147 1232  985      30
1976062500 4 158 1222  980      35
1976062506 4 161 1210  975      35
1976062512 4 166 1198  970      35
1976062518 4 174 1186  970      35
1976062600 3 181 1177  980      30
1976062606 3 185 1173  985      30
1976062612 3 190 1169  985      30
1976062618 3 193 1162  985      30
1976062700 3 198 1162  985      30
1976062706 3 202 1165  985      30
1976062712 3 203 1170  985      30
1976062718 3 205 1175  985      30
1976062800 4 210 1180  980      35
1976062806 4 210 1185  980      35
1976062812 4 211 1190  980      35
1976062818 4 210 1195  980      35
1976062900 4 210 1202  975      35
1976062906 4 210 1210  975      35
1976062912 4 210 1215  975      35
1976062918 4 212 1221  970      35
1976063000 4 213 1225  967      35
1976063006 4 216 1232  965      40
1976063012 4 219 1242  960      40
1976063018 4 224 1253  955      40
1976070100 4 231 1261  950      40
1976070106 4 236 1271  945      40
1976070112 5 242 1285  940      45
1976070118 5 248 1298  934      50
1976070200 5 257 1310  940      50
1976070206 5 265 1328  947      50
1976070212 5 272 1342  950      50
1976070218 5 285 1359  960      45
1976070300 4 296 1375  965      40
1976070306 4 306 1396  970      35
1976070312 4 321 1423  970      35
1976070318 4 333 1449  975      35
1976070400 3 343 1473  980      30
1976070406 9 350 1498  980      30
1976070412 9 360 1520  985      25
66666 0000   42 0012 7608 1 6 Sally                              20110729
1976062318 0  88 1460 1005      10
1976062400 1  94 1453 1003      15
1976062406 1  99 1446 1002      15
1976062412 2 102 1437 1000      20
1976062418 2 109 1431  999      20
1976062500 2 117 1423  999      20
1976062506 2 128 1412  999      20
1976062512 3 135 1396  999      25
1976062518 3 143 1385  999      25
1976062600 3 150 1376  998      25
1976062606 3 158 1364  995      25
1976062612 3 165 1355  990      25
1976062618 3 171 1349  975      30
1976062700 3 177 1343  970      30
1976062706 4 182 1338  965      35
1976062712 4 186 1332  940      40
1976062718 5 190 1325  935      45
1976062800 5 193 1325  930      45
1976062806 5 196 1327  923      45
1976062812 5 200 1328  930      45
1976062818 5 206 1330  940      45
1976062900 5 214 1338  940      45
1976062906 5 221 1346  941      45
1976062912 5 226 1353  941      45
1976062918 5 233 1362  945      45
1976063000 5 243 1373  945      45
1976063006 5 252 1385  950      45
1976063012 5 260 1400  950      45
1976063018 4 267 1417  955      40
1976070100 4 271 1434  960      40
1976070106 4 276 1456  960      40
1976070112 4 282 1476  960      40
1976070118 4 289 1495  970      35
1976070200 4 296 1520  970      35
1976070206 4 309 1549  970      35
1976070212 4 331 1576  970      35
1976070218 4 354 1603  970      35
1976070300 3 380 1626  980      30
1976070306 9 407 1655  980      30
1976070312 9 434 1680  975       0
1976070318 9 452 1692  975       0
1976070400 9 470 1710  970       0
66666 0000   47 0013 7609 0 6 Therese                            20110729
1976070912 0  90 1600 1004       0
1976070918 0  91 1594 1004       0
1976071000 0  92 1587 1004       0
1976071006 0  92 1581 1004      10
1976071012 0  93 1574 1004      10
1976071018 1  94 1566 1002      15
1976071100 3  94 1557  995      25
1976071106 3  96 1549  990      25
1976071112 3  97 1540  990      25
1976071118 3  98 1532  980      30
1976071200 4 101 1519  979      35
1976071206 4 105 1504  975      40
1976071212 5 109 1498  950      45
1976071218 5 113 1492  940      50
1976071300 6 118 1488  915      60
1976071306 6 126 1481  911      65
1976071312 6 137 1475  910      65
1976071318 6 150 1466  910      65
1976071400 6 164 1456  910      65
1976071406 6 175 1444  915      60
1976071412 6 188 1429  920      55
1976071418 5 198 1413  925      50
1976071500 5 206 1397  930      50
1976071506 6 213 1384  925      55
1976071512 6 222 1372  898      65
1976071518 6 230 1360  910      60
1976071600 5 236 1347  940      50
1976071606 5 242 1336  945      45
1976071612 5 248 1324  947      45
1976071618 5 254 1312  947      45
1976071700 5 263 1300  950      45
1976071706 5 272 1293  950      45
1976071712 5 280 1289  950      45
1976071718 4 289 1283  950      40
1976071800 4 299 1281  955      40
1976071806 4 306 1281  960      35
1976071812 4 314 1284  960      35
1976071818 4 319 1289  960      35
1976071900 4 322 1291  970      35
1976071906 3 323 1293  985      30
1976071912 2 324 1295  995      20
1976071918 1 325 1297 1000      15
1976072000 1 326 1299 1003      12
1976072006 0 323 1299 1004      10
1976072012 0 320 1290 1006      10
1976072018 0 322 1282 1008      10
1976072100 0 326 1275 1009       0
66666 0000   28 0014 7610 0 6 Violet                             20110729
1976072006 1 141 1161 1003      12
1976072012 1 146 1167 1002      12
1976072018 1 155 1165 1002      12
1976072100 1 160 1160 1000      15
1976072106 1 165 1154  999      15
1976072112 1 171 1149  998      15
1976072118 2 175 1144  995      20
1976072200 2 177 1137  990      20
1976072206 2 182 1129  990      20
1976072212 2 184 1122  990      20
1976072218 3 185 1115  985      25
1976072300 3 186 1113  980      30
1976072306 3 188 1109  980      30
1976072312 3 191 1108  980      30
1976072318 3 193 1108  980      30
1976072400 3 196 1111  985      25
1976072406 3 198 1115  985      25
1976072412 3 201 1121  980      25
1976072418 3 204 1125  975      30
1976072500 4 205 1128  970      35
1976072506 4 209 1130  970      35
1976072512 4 212 1128  970      35
1976072518 3 216 1122  970      30
1976072600 2 218 1112  980      20
1976072606 1 222 1102  990      15
1976072612 1 226 1093  995      12
1976072618 1 231 1080  995      12
1976072700 0 234 1066  995      10
66666 0000   20 0015 7612 0 6 Anita                              20110729
1976072106 1 162 1320 1001      12
1976072112 1 158 1314 1001      12
1976072118 1 157 1310 1001      12
1976072200 1 158 1305 1001      12
1976072206 1 165 1304 1000      15
1976072212 1 172 1310 1000      15
1976072218 1 181 1320  995      15
1976072300 2 189 1327  985      20
1976072306 3 209 1329  980      25
1976072312 4 231 1329  978      35
1976072318 4 253 1327  983      35
1976072400 3 271 1325  987      30
1976072406 3 287 1321  988      25
1976072412 3 305 1314  990      25
1976072418 2 319 1308  992      20
1976072500 1 330 1301  995      15
1976072506 0 346 1299 1000      10
1976072512 0 364 1301 1002      10
1976072518 0 383 1301 1004      10
1976072600 0 402 1300 1007      10
66666 0000   11 0016 7611 0 6 Wilda                              20110729
1976072200 0 187 1366 1002      10
1976072206 1 203 1378  992      15
1976072212 3 223 1376  990      25
1976072218 3 243 1371  985      25
1976072300 3 263 1362  985      25
1976072306 3 281 1350  990      25
1976072312 3 295 1330  995      25
1976072318 2 320 1320  995      20
1976072400 1 343 1319 1001      15
1976072406 0 363 1318 1003      10
1976072412 0 384 1308 1004      10
66666 0000   37 0017 7613 0 6 Billie                             20110729
1976080300 1 138 1465 1002      15
1976080306 1 145 1464  996      15
1976080312 1 150 1462  996      15
1976080318 2 156 1458  994      20
1976080400 3 157 1452  991      25
1976080406 3 157 1445  990      30
1976080412 3 154 1444  990      30
1976080418 3 152 1440  988      30
1976080500 4 152 1435  982      35
1976080506 4 152 1432  980      35
1976080512 4 155 1426  976      35
1976080518 4 161 1415  975      35
1976080600 4 169 1405  970      35
1976080606 4 176 1395  965      35
1976080612 4 183 1383  960      35
1976080618 4 191 1372  950      40
1976080700 5 199 1358  940      50
1976080706 6 211 1341  910      60
1976080712 6 223 1325  928      60
1976080718 6 227 1318  935      60
1976080800 6 231 1310  940      55
1976080806 6 235 1296  942      55
1976080812 6 237 1282  944      55
1976080818 5 239 1267  945      50
1976080900 5 242 1255  945      50
1976080906 5 245 1245  945      45
1976080912 5 247 1230  945      45
1976080918 5 248 1215  955      45
1976081000 4 250 1201  965      35
1976081006 3 254 1183  975      30
1976081012 2 258 1166  985      20
1976081018 1 262 1150  988      15   20
1976081100 1 266 1138  990      15   20
1976081106 1 272 1130  994      12
1976081112 1 278 1124  995      12
1976081118 0 283 1120  999      10
1976081200 0 290 1119 1002       9
66666 0000    7 0017 7613 2 6 Billie(-)1                         20110729
1976081112 0 316 1155  998       9
1976081118 0 322 1160  998       9
1976081200 9 327 1163 1000       9   15
1976081206 9 333 1169 1000       9   15
1976081212 9 339 1173 1001       9   15
1976081218 9 352 1181 1001       9
1976081300 9 361 1195 1001       9
66666 0000   19 0018 7614 0 6 Clara                              20110729
1976080300 0 209 1149 1004       0
1976080306 0 205 1150 1003       0
1976080312 0 201 1151 1003       0
1976080318 0 197 1150 1002       0
1976080400 0 195 1147 1001      10
1976080406 1 195 1144 1000      12
1976080412 1 193 1140 1000      12
1976080418 1 192 1136 1000      15
1976080500 2 189 1136  998      20
1976080506 2 191 1140  992      20
1976080512 3 197 1141  980      30
1976080518 4 201 1140  978      35
1976080600 4 206 1139  978      35
1976080606 4 211 1135  980      35
1976080612 3 216 1132  985      30
1976080618 2 221 1121  990      20
1976080700 1 224 1108  995      15
1976080706 1 227 1097  997      15
1976080712 0 228 1088  999      10
66666 0000   31 0019 7615 0 6 Dot                                20110729
1976081700 0 128 1400 1008      10
1976081706 0 144 1414 1006      10
1976081712 0 163 1413 1006      10
1976081718 0 182 1407 1006      10
1976081800 1 195 1395 1006      12
1976081806 1 203 1382 1004      12
1976081812 1 211 1370 1000      15
1976081818 1 218 1357  998      15
1976081900 3 224 1342  996      25
1976081906 3 232 1325  994      25
1976081912 3 240 1308  994      25
1976081918 3 249 1292  994      25
1976082000 3 256 1280  993      25
1976082006 3 262 1265  991      25
1976082012 3 269 1253  989      30
1976082018 3 274 1246  990      25
1976082100 3 281 1239  990      25
1976082106 3 291 1230  992      25
1976082112 3 302 1226  995      25
1976082118 3 312 1225  995      25
1976082200 3 321 1227  995      25
1976082206 2 329 1233  995      20
1976082212 2 336 1247  998      20
1976082218 2 347 1266 1000      20
1976082300 9 355 1295 1002      15
1976082306 9 361 1319 1003      15
1976082312 9 366 1348 1003      15
1976082318 9 366 1372 1005      12
1976082400 9 364 1380 1006      12
1976082406 9 362 1385 1006      12
1976082412 9 360 1390 1010      10
66666 0000   18 0020 7616 0 6 Ellen                              20110729
1976082018 0 143 1320 1000      10
1976082100 2 150 1305  994      20
1976082106 2 155 1290  994      20
1976082112 2 161 1275  994      20
1976082118 2 167 1260  994      20
1976082200 2 172 1240  994      20
1976082206 2 178 1224  994      20
1976082212 2 182 1215  996      20
1976082218 2 188 1199  996      20
1976082300 2 193 1188  996      20
1976082306 3 200 1176  994      25
1976082312 3 207 1170  990      30
1976082318 3 216 1162  985      30
1976082400 3 226 1152  985      30
1976082406 2 229 1139  993      20
1976082412 1 234 1129  996      12
1976082418 0 237 1120  998      10
1976082500 0 242 1110 1001       9
66666 0000   49 0021 7617 0 6 Fran                               20110729
1976090400 0  94 1492 1000      10
1976090406 1 100 1485 1000      15
1976090412 2 106 1476  999      20
1976090418 2 114 1466  996      20
1976090500 3 122 1456  990      25
1976090506 3 131 1449  985      25
1976090512 3 140 1437  985      25
1976090518 3 149 1427  983      25
1976090600 3 159 1418  978      30
1976090606 4 171 1406  970      35
1976090612 5 184 1393  965      45
1976090618 6 192 1381  948      55
1976090700 6 200 1365  930      65
1976090706 6 206 1350  920      65
1976090712 6 213 1334  917      65
1976090718 6 219 1323  915      65
1976090800 6 227 1312  912      65
1976090806 6 236 1306  917      65
1976090812 6 244 1301  922      65
1976090818 6 253 1293  925      60
1976090900 6 259 1290  930      60
1976090906 6 265 1289  935      55
1976090912 5 273 1289  940      50
1976090918 5 280 1290  945      50
1976091000 5 287 1291  945      50
1976091006 5 293 1294  945      45
1976091012 5 296 1295  945      45
1976091018 5 299 1295  950      45
1976091100 5 302 1294  950      45
1976091106 4 301 1293  955      40
1976091112 4 299 1291  960      35
1976091118 4 288 1289  960      35
1976091200 4 301 1288  960      35
1976091206 4 307 1288  970      35
1976091212 4 317 1291  970      35
1976091218 3 330 1300  970      30
1976091300 3 346 1310  975      25
1976091306 3 366 1322  975      25
1976091312 2 384 1337  980      20
1976091318 2 402 1350  985      20
1976091400 2 416 1360  990      20
1976091406 9 422 1367  990      25
1976091412 9 429 1375  990      25
1976091418 9 433 1384  995      25
1976091500 9 438 1394 1000      20
1976091506 9 439 1403 1005      15
1976091512 9 432 1401 1005      15
1976091518 9 428 1396 1008      10
1976091600 9 425 1382 1010      10
66666 0000   22 0022 7618 0 6 Georgia                            20110729
1976090900 1  93 1563  991      15
1976090906 2  96 1557  991      20
1976090912 2  99 1546  990      20
1976090918 2 100 1538  990      20
1976091000 3 101 1529  990      25
1976091006 3 101 1522  990      25
1976091012 3  98 1519  990      25
1976091018 2  99 1509  995      20
1976091100 2 105 1498  995      20
1976091106 2 115 1490  995      20
1976091112 2 119 1479  995      20
1976091118 2 123 1471  995      20
1976091200 2 125 1461  995      20
1976091206 2 123 1453  995      20
1976091212 2 121 1443  995      20
1976091218 2 128 1434  995      20
1976091300 2 133 1427  995      20
1976091306 2 141 1419  995      20
1976091312 2 146 1412  995      20
1976091318 1 149 1406  998      15
1976091400 1 155 1402  998      15
1976091406 0 161 1402  998      10
66666 0000   15 0022 7618 0 6 Georgia(-)1                        20110729
1976091300 1 143 1456  997      12
1976091306 1 142 1454  997      15
1976091312 1 141 1450  996      15
1976091318 2 142 1445  996      20
1976091400 2 144 1445  996      20
1976091406 2 151 1454  996      20
1976091412 2 148 1466  996      20
1976091418 1 146 1481  996      15
1976091500 1 154 1494  996      15
1976091506 0 169 1503  996      10
1976091512 0 184 1509  996       0
1976091518 0 199 1515  996       0
1976091600 0 215 1520  996       0
1976091606 0 229 1524  996       0
1976091612 0 245 1525  996       0
66666 0000   75 0023 7619 0 6 Iris                               20110729
1976091218 0 148 1129 1003      10
1976091300 0 151 1143 1000      10
1976091306 1 153 1155 1000      15
1976091312 1 158 1167 1000      15
1976091318 1 161 1175 1000      15
1976091400 1 161 1184 1000      15
1976091406 1 160 1190  998      15
1976091412 1 162 1193  998      15
1976091418 1 163 1194  998      15
1976091500 1 165 1195  995      15
1976091506 2 166 1191  995      20
1976091512 2 169 1187  993      20
1976091518 2 173 1184  993      20
1976091600 3 178 1183  993      25
1976091606 3 183 1182  990      30
1976091612 3 186 1178  990      30
1976091618 3 189 1173  990      30
1976091700 3 191 1169  985      30
1976091706 4 194 1165  983      35
1976091712 4 196 1161  980      35
1976091718 4 197 1157  980      35
1976091800 4 199 1153  980      35
1976091806 4 201 1149  975      35
1976091812 4 204 1143  975      35
1976091818 4 208 1138  975      35
1976091900 4 212 1133  975      35
1976091906 4 212 1126  975      35
1976091912 4 213 1118  975      35
1976091918 4 213 1113  980      35
1976092000 3 213 1107  980      30
1976092006 3 212 1102  980      30
1976092012 3 212 1099  980      30
1976092018 3 212 1097  985      25
1976092100 3 211 1095  990      25
1976092106 3 211 1094  995      25
1976092112 3 210 1093  998      25
1976092118 2 207 1092  998      20
1976092200 2 205 1091 1000      20
1976092206 1 203 1092 1000      15
1976092212 1 200 1093 1000      15
1976092218 1 196 1094 1002      15
1976092300 1 190 1095 1003      12
1976092306 1 185 1098 1003      12
1976092312 1 182 1102 1003      12
1976092318 1 180 1104 1003      12
1976092400 0 178 1107 1004      10
1976092406 0 177 1109 1004      10
1976092412 0 175 1109 1004      10
1976092418 1 173 1107 1004      15
1976092500 1 170 1110 1003      15
1976092506 1 174 1113 1002      15
1976092512 1 182 1112 1002      15
1976092518 1 187 1109 1001      15
1976092600 1 190 1103 1001      15
1976092606 1 188 1103 1001      15
1976092612 1 190 1104 1001      15
1976092618 1 195 1105 1001      15
1976092700 1 196 1104 1002      15
1976092706 1 198 1106 1002      15   30
1976092712 1 199 1108 1003      15   30
1976092718 1 201 1111 1003      12   15
1976092800 1 202 1112 1004      12   15
1976092806 1 203 1115 1004      12   15
1976092812 0 205 1118 1005      10   15
1976092818 0 207 1121 1005      10   15
1976092900 0 208 1123 1007      10   15
1976092906 0 210 1131 1007      10   15
1976092912 0 212 1140 1007      10   15
1976092918 0 213 1149 1006      10
1976093000 0 215 1156 1006      10
1976093006 1 216 1164 1005      12
1976093012 1 216 1170 1005      12
1976093018 1 216 1176 1005      12
1976100100 1 216 1182 1005      12
1976100106 0 215 1189 1005      10
66666 0000   20 0024 7620 1 6 Hope                               20110729
1976091400 1 182 1546 1000      15
1976091406 2 188 1548  995      20
1976091412 3 202 1542  995      25
1976091418 3 213 1537  985      30
1976091500 3 224 1533  985      30
1976091506 4 234 1528  975      35
1976091512 4 247 1518  970      35
1976091518 4 257 1507  970      35
1976091600 4 273 1492  965      35
1976091606 4 290 1480  965      35
1976091612 4 300 1479  965      35
1976091618 4 313 1479  965      35
1976091700 3 333 1483  975      30
1976091706 3 349 1495  975      25
1976091712 3 382 1510  975      25
1976091718 3 414 1519  975      25
1976091800 9 454 1520  975      25
1976091806 9 468 1528  975       0
1976091812 9 480 1540  975       0
1976091818 9 490 1550  975       0
66666 0000   28 0025 0000 1 6 Joan                               20110729
1976091812 0 140 1520 1004       0
1976091818 0 146 1510 1004       0
1976091900 1 158 1505 1002      15
1976091906 1 169 1512 1002      15
1976091912 1 179 1520 1002      15
1976091918 1 190 1520 1000      15
1976092000 2 200 1518 1000      20
1976092006 2 209 1515 1000      20
1976092012 2 219 1515  995      20
1976092018 2 230 1516  990      20
1976092100 3 239 1517  980      25
1976092106 3 247 1517  970      30
1976092112 4 256 1518  965      35
1976092118 4 265 1520  965      35
1976092200 3 271 1525  970      30
1976092206 3 276 1530  975      30
1976092212 3 281 1535  980      25
1976092218 3 286 1541  980      25
1976092300 3 291 1548  980      25
1976092306 3 302 1560  980      25
1976092312 3 312 1569  980      25
1976092318 2 323 1580  985      20
1976092400 2 336 1590  985      20
1976092406 3 360 1610  980      25
1976092412 3 389 1650  975      30
1976092418 3 422 1700  975      30
1976092500 9 450 1745  985      20
1976092506 9 470 1790  985      20
66666 0000   45 0026 7621 1 6 Louise                             20110729
1976102800 0  63 1528 1008       0
1976102806 0  62 1540 1004       0
1976102812 0  70 1548 1004       0
1976102818 0  80 1540 1004       0
1976102900 0  86 1523 1004       0
1976102906 0  90 1515 1004       0
1976102912 0  95 1506 1004       0
1976102918 1 100 1499 1004      12
1976103000 1 103 1488 1004      12
1976103006 1 100 1478 1004      12
1976103012 1  97 1470 1000      15
1976103018 1  98 1460 1000      15
1976103100 2 102 1449  995      20
1976103106 3 106 1435  993      25
1976103112 3 110 1423  990      25
1976103118 3 112 1408  980      30
1976110100 3 112 1397  970      30
1976110106 4 113 1386  965      35
1976110112 5 114 1374  955      50
1976110118 6 117 1362  947      55
1976110200 6 122 1348  940      60
1976110206 6 128 1335  935      60
1976110212 6 135 1320  925      65
1976110218 6 144 1306  915      65
1976110300 6 151 1295  910      65
1976110306 6 157 1284  896      65
1976110312 6 164 1274  896      65
1976110318 6 168 1270  896      65
1976110400 6 174 1269  900      65
1976110406 6 183 1269  905      65
1976110412 6 191 1271  910      65
1976110418 6 199 1272  915      65
1976110500 6 208 1273  920      65
1976110506 6 218 1278  925      60
1976110512 6 227 1284  930      60
1976110518 6 235 1292  935      60
1976110600 6 246 1303  940      55
1976110606 6 260 1317  950      55
1976110612 5 272 1331  960      50
1976110618 5 285 1346  970      45
1976110700 4 300 1370  980      35
1976110706 4 309 1408  985      35
1976110712 3 314 1434  990      30
1976110718 3 320 1460  995      25
1976110800 2 324 1475  995      20
66666 0000   35 0027 7622 2 6 Marge                              20110729
1976110312 0  50 1600 1004       0
1976110318 0  53 1578 1004       0
1976110400 0  59 1554 1004       0
1976110406 0  64 1534 1004       0
1976110412 0  69 1510 1000       0
1976110418 0  74 1490 1000       0
1976110500 0  79 1471 1000       0
1976110506 0  84 1454 1000       0
1976110512 0  90 1440 1000       0
1976110518 0  96 1426 1000       0
1976110600 1 103 1416 1000      15
1976110606 1 110 1403 1000      15
1976110612 1 111 1374 1000      15
1976110618 1 116 1349 1000      15
1976110700 1 134 1345 1000      15
1976110706 1 146 1334 1000      15
1976110712 1 152 1313 1000      15
1976110718 1 160 1299 1000      15
1976110800 2 169 1288  995      20
1976110806 3 177 1276  975      30
1976110812 3 189 1270  975      30
1976110818 3 198 1262  975      30
1976110900 3 208 1254  978      30
1976110906 4 218 1252  978      35
1976110912 4 226 1245  980      35
1976110918 3 238 1243  995      25
1976111000 2 250 1250  995      20
1976111006 2 261 1259  998      20
1976111012 2 271 1271  998      20
1976111018 1 280 1292 1004      15
1976111100 1 286 1311 1004      15
1976111106 9 291 1335 1004      25
1976111112 9 293 1356 1005      20
1976111118 9 295 1378 1005      20
1976111200 9 296 1403 1006      20
66666 0000   23 0028 7623 0 6 Nora                               20110729
1976120200 1  95 1315 1002      15
1976120206 1  98 1306 1002      15
1976120212 1 104 1296 1002      15
1976120218 1 113 1286 1002      15
1976120300 1 117 1276 1002      15
1976120306 1 117 1271 1000      15
1976120312 2 119 1267  998      20
1976120318 2 123 1265  995      20
1976120400 3 126 1262  990      25
1976120406 3 128 1257  992      25
1976120412 3 127 1251  992      25
1976120418 2 126 1245  992      20
1976120500 2 127 1242  992      20
1976120506 2 129 1239  992      20
1976120512 2 131 1237  992      20
1976120518 2 132 1234  992      20
1976120600 2 132 1231  995      20
1976120606 2 133 1229  995      20
1976120612 1 134 1227  998      15
1976120618 1 136 1228  998      12
1976120700 0 137 1230 1000      10
1976120706 0 138 1232 1000      10
1976120712 0 139 1235 1005      10
66666 0000   13 0029 7624 0 6 Opal                               20110729
1976120712 0 153 1306 1006      10
1976120718 0 156 1314 1006      10
1976120800 0 161 1321 1005      10
1976120806 1 166 1326 1003      12
1976120812 1 171 1332 1000      15
1976120818 1 176 1336 1000      15
1976120900 2 181 1342  996      20
1976120906 2 187 1348  996      20
1976120912 2 195 1354  996      20
1976120918 2 199 1364  998      20
1976121000 2 200 1375  998      20
1976121006 2 198 1386 1000      20
1976121012 1 196 1399 1005      15
