66666 0000   41 0001 0000 0 6 (nameless)                         20110729
1980031718 1  85 1420 1008      12
1980031800 1  85 1410 1006      15
1980031806 1  85 1400 1005      15
1980031812 1  86 1393 1005      15
1980031818 1  86 1386 1005      15
1980031900 1  87 1379 1005      15
1980031906 1  87 1373 1003      15
1980031912 1  88 1368 1003      15
1980031918 1  89 1363 1003      15
1980032000 1  90 1360 1003      15
1980032006 1  92 1356 1003      15
1980032012 1  92 1352 1003      15
1980032018 1  92 1347 1003      15
1980032100 1  93 1342 1003      15
1980032106 1  94 1336 1000      15
1980032112 1  97 1325 1000      15
1980032118 1 100 1312 1000      15
1980032200 1 103 1300 1000      15
1980032206 1 106 1293 1002      15
1980032212 1 107 1284 1002      15
1980032218 1 111 1276 1002      15
1980032300 1 114 1269 1002      15
1980032306 1 116 1261 1001      15
1980032312 1 118 1251 1001      15
1980032318 1 121 1241 1002      15
1980032400 1 125 1232 1004      15
1980032406 1 128 1225 1004      15
1980032412 1 130 1220 1006      12
1980032418 1 132 1213 1006      12
1980032500 1 134 1208 1008      12
1980032506 1 132 1197 1008      12
1980032512 1 131 1188 1008      12
1980032518 1 129 1182 1008      12
1980032600 1 128 1174 1008      12
1980032606 1 127 1168 1008      12
1980032612 1 124 1162 1008      12
1980032618 1 123 1156 1009      12
1980032700 1 123 1150 1009      12
1980032706 1 122 1144 1009      12
1980032712 1 122 1136 1009      12
1980032718 1 121 1126 1009      12
66666 0000   16 0002 0000 1 6 Carmen                             20110729
1980040306 0  60 1807 1006      10
1980040312 0  67 1809 1006      10
1980040318 0  73 1808 1006      10
1980040400 1  80 1807 1004      12
1980040406 1  85 1804 1004      12
1980040412 1  90 1800 1002      15
1980040418 1  90 1800 1000      15
1980040500 1  95 1794 1000      15
1980040506 1 105 1788  998      15
1980040512 2 117 1781  994      20
1980040518 2 132 1774  992      20
1980040600 3 147 1768  990      25
1980040606 3 161 1772  985      30
1980040612 3 170 1779  985      30
1980040618 3 181 1787  985      30
1980040700 3 186 1794  990      25
66666 0000   53 0003 8001 0 6 Dom                                20110729
1980050712 0  96 1446 1007      10
1980050718 0  90 1434 1007      10
1980050800 1  85 1424 1004      12
1980050806 1  82 1418 1002      12
1980050812 1  79 1410 1002      12
1980050818 1  77 1401 1002      12
1980050900 1  77 1391 1002      15
1980050906 1  80 1381 1002      15
1980050912 1  84 1372 1002      15
1980050918 1  92 1363 1002      15
1980051000 1 100 1355 1000      15
1980051006 1 103 1347 1000      15
1980051012 1 111 1335  999      15
1980051018 1 114 1325  999      15
1980051100 2 118 1314  995      20
1980051106 2 121 1303  993      20
1980051112 3 126 1292  990      25
1980051118 3 131 1280  988      25
1980051200 3 136 1270  985      30
1980051206 3 142 1259  980      30
1980051212 4 150 1249  975      35
1980051218 4 158 1243  972      35
1980051300 4 162 1240  965      35
1980051306 4 165 1237  961      40
1980051312 5 168 1234  956      45
1980051318 5 172 1231  960      45
1980051400 4 173 1228  965      40
1980051406 4 173 1226  970      35
1980051412 4 175 1224  980      35
1980051418 3 177 1225  982      30
1980051500 3 180 1225  985      30
1980051506 3 183 1226  985      30
1980051512 3 186 1226  990      25
1980051518 3 190 1227  990      25
1980051600 3 195 1229  980      25
1980051606 3 200 1233  977      25
1980051612 3 201 1240  977      30
1980051618 3 202 1245  977      30
1980051700 3 205 1255  974      30
1980051706 3 210 1263  977      30
1980051712 3 212 1265  977      30
1980051718 3 212 1272  980      25
1980051800 3 210 1275  985      25
1980051806 2 205 1276  985      20
1980051812 9 201 1274  990      20
1980051818 9 200 1268  995      15
1980051900 9 204 1260  995      15
1980051906 9 214 1257  998      15
1980051912 9 214 1260  998      15
1980051918 9 215 1262  998      15
1980052000 9 216 1264  998      15
1980052006 9 218 1269 1000      15
1980052012 9 224 1272 1002      12
66666 0000   50 0004 8002 1 6 Ellen                              20110729
1980051206 1  70 1460 1002      15
1980051212 1  70 1455 1002      15
1980051218 1  70 1450 1000      15
1980051300 1  71 1446 1000      15
1980051306 2  73 1443  998      20
1980051312 2  75 1439  994      20
1980051318 2  78 1436  994      20
1980051400 3  81 1432  992      25
1980051406 3  84 1428  990      25
1980051412 3  87 1425  985      25
1980051418 3  91 1422  975      30
1980051500 3  95 1421  975      30
1980051506 4 104 1421  968      35
1980051512 4 111 1418  955      40
1980051518 5 116 1418  934      50
1980051600 5 120 1415  933      50
1980051606 5 123 1412  940      50
1980051612 5 127 1413  940      50
1980051618 5 129 1415  935      50
1980051700 5 134 1414  935      50
1980051706 5 138 1413  935      50
1980051712 5 144 1412  936      50
1980051718 5 150 1409  937      50
1980051800 5 155 1404  939      50
1980051806 5 162 1400  940      50
1980051812 5 168 1392  943      50
1980051818 5 176 1384  946      50
1980051900 5 182 1381  950      50
1980051906 5 190 1376  953      50
1980051912 5 201 1372  960      45
1980051918 5 213 1368  965      45
1980052000 4 225 1362  968      40
1980052006 4 240 1357  970      40
1980052012 4 258 1358  974      35
1980052018 4 279 1360  978      35
1980052100 4 299 1370  980      35
1980052106 4 315 1392  980      35
1980052112 4 336 1412  980      35
1980052118 9 359 1435  980      30
1980052200 9 381 1459  980      30
1980052206 9 404 1483  980      30
1980052212 9 422 1512  980      30
1980052218 9 438 1540  976      35
1980052300 9 455 1580  972      35
1980052306 9 470 1610  972      35
1980052312 9 485 1635  972      35
1980052318 9 488 1658  975      35
1980052400 9 490 1680  975      35
1980052406 9 493 1715  980      30
1980052412 9 495 1750  980      30
66666 0000   33 0005 8003 0 6 Forrest                            20110729
1980051900 0  65 1548 1007      10
1980051906 0  64 1535 1005      10
1980051912 0  64 1527 1005      10
1980051918 1  65 1518 1002      15
1980052000 1  67 1512 1002      15
1980052006 1  76 1503 1001      15
1980052012 1  81 1487 1000      15
1980052018 2  85 1470 1000      20
1980052100 2  92 1455  999      20
1980052106 2  92 1436  999      20
1980052112 2  93 1420  999      20
1980052118 2 100 1400  999      20
1980052200 2 105 1383  999      20
1980052206 2 106 1375  999      20
1980052212 2 109 1360  998      20
1980052218 2 109 1343  998      20
1980052300 3 108 1325  998      25
1980052306 3 111 1308  998      25
1980052312 3 115 1295  996      25
1980052318 3 120 1280  994      25
1980052400 3 125 1266  992      25
1980052406 3 135 1251  991      30
1980052412 3 140 1239  994      30
1980052418 3 147 1228  996      25
1980052500 3 154 1220  996      25
1980052506 3 162 1213  996      25
1980052512 2 168 1210  996      20
1980052518 2 174 1205  998      20
1980052600 1 179 1200 1000      12
1980052606 1 189 1199 1002      12
1980052612 0 200 1200 1002      10
1980052618 0 210 1203 1002      10
1980052700 0 206 1212 1005      10
66666 0000   24 0006 8004 0 6 Georgia                            20110729
1980051900 0 169 1170 1002      10   15
1980051906 0 164 1160 1002      10   15
1980051912 0 158 1150 1001      10   15
1980051918 0 153 1142 1000      10   15
1980052000 1 146 1140 1000      12
1980052006 1 145 1145 1000      12
1980052012 1 145 1153 1000      15
1980052018 1 148 1157 1000      15
1980052100 1 153 1159 1000      15
1980052106 1 157 1157 1000      15
1980052112 1 159 1156  998      15
1980052118 2 162 1153  994      20
1980052200 2 167 1150  990      20
1980052206 3 174 1146  986      25
1980052212 3 182 1146  988      25
1980052218 3 190 1147  988      25
1980052300 3 196 1149  988      25
1980052306 3 206 1151  985      25
1980052312 3 217 1157  985      25
1980052318 3 223 1161  985      25
1980052400 2 236 1165  988      20
1980052406 2 244 1175  988      20
1980052412 1 252 1185  998      15
1980052418 1 264 1191  998      12
66666 0000   29 0007 8005 1 6 Herbert                            20110729
1980062200 1  92 1315 1008      12
1980062206 1  94 1302 1006      12
1980062212 1  98 1288 1006      12
1980062218 1 102 1275 1006      12
1980062300 1 108 1263 1005      12
1980062306 1 113 1248 1004      12
1980062312 1 115 1239 1004      12
1980062318 1 116 1230 1004      12
1980062400 1 118 1215 1004      12
1980062406 1 122 1194 1000      15
1980062412 1 128 1178 1000      15
1980062418 2 136 1163  996      20
1980062500 2 142 1150  996      20
1980062506 2 149 1139  996      20
1980062512 3 158 1129  992      25
1980062518 3 162 1123  990      25
1980062600 3 169 1114  990      25
1980062606 3 175 1108  990      25
1980062612 3 181 1105  985      25
1980062618 3 185 1102  985      25
1980062700 3 191 1099  985      25
1980062706 3 196 1093  985      25
1980062712 3 201 1097  983      25
1980062718 3 206 1091  983      25
1980062800 3 211 1086  982      25
1980062806 3 215 1082  983      25
1980062812 3 219 1074  990      25
1980062818 1 218 1068  995      15
1980062900 1 217 1040  996      12
66666 0000   17 0008 0000 0 6 (nameless)                         20110729
1980062818 0 100 1300 1005       0
1980062900 0 104 1290 1004      10
1980062906 1 110 1280 1002      12
1980062912 1 114 1264 1002      12
1980062918 1 120 1250 1002      12
1980063000 1 133 1260 1001      15
1980063006 1 140 1245 1000      15
1980063012 1 145 1227 1000      15
1980063018 1 151 1211  999      15
1980070100 1 159 1201  998      15
1980070106 1 165 1195  998      15
1980070112 1 170 1190  998      15
1980070118 1 174 1183  999      15
1980070200 1 177 1175  999      15
1980070206 1 180 1166  999      15
1980070212 1 187 1160 1000      12
1980070218 1 197 1160 1002      12
66666 0000   38 0009 8006 0 6 Ida                                20110729
1980070518 0 108 1416 1004      10
1980070600 0 114 1407 1002      10
1980070606 1 120 1398 1002      12
1980070612 1 129 1387 1002      12
1980070618 1 137 1375 1000      15
1980070700 2 146 1364  998      20
1980070706 2 156 1354  994      20
1980070712 3 166 1339  992      25
1980070718 3 172 1320  992      25
1980070800 3 177 1302  990      25
1980070806 3 181 1288  985      25
1980070812 3 185 1275  984      25
1980070818 3 189 1259  984      30
1980070900 3 194 1243  979      30
1980070906 3 199 1231  980      30
1980070912 3 202 1224  982      30
1980070918 3 203 1215  985      30
1980071000 3 209 1205  985      30
1980071006 3 211 1198  985      30
1980071012 3 214 1190  985      25
1980071018 3 217 1184  985      25
1980071100 3 219 1179  985      25
1980071106 3 223 1173  985      25
1980071112 3 232 1168  983      25
1980071118 2 238 1161  985      20
1980071200 1 244 1156  992      15
1980071206 1 255 1155  996      15
1980071212 9 272 1160  997      15
1980071218 9 286 1173  997      15
1980071300 9 297 1193  998      15   25
1980071306 9 309 1206  998      15   25
1980071312 9 329 1225  996      15   20
1980071318 9 350 1250  996      15
1980071400 9 358 1278  996      15
1980071406 9 364 1299  998      12
1980071412 9 370 1315  998      12
1980071418 9 375 1328  999      12
1980071500 9 380 1340 1000      12
66666 0000   22 0010 8008 0 6 (nameless)                         20110729
1980071418 0 145 1325 1006      10
1980071500 1 145 1310 1006      12
1980071506 1 145 1290 1004      12
1980071512 1 142 1275 1004      12
1980071518 1 147 1254 1004      12
1980071600 1 150 1235 1004      15
1980071606 1 150 1220 1004      15
1980071612 1 152 1203 1004      15
1980071618 1 152 1188 1004      15
1980071700 1 154 1175 1002      15
1980071706 1 165 1162 1000      15
1980071712 1 168 1152 1000      15
1980071718 1 175 1145 1000      15
1980071800 1 185 1135 1000      15
1980071806 2 195 1134  999      20
1980071812 2 202 1128  998      20
1980071818 2 205 1121  998      20
1980071900 2 211 1119  998      20
1980071906 1 222 1113  999      12
1980071912 0 221 1079 1000      10
1980071918 0 210 1058 1000      10
1980072000 0 205 1040 1002      10
66666 0000   30 0011 8007 1 6 Joe                                20110729
1980071606 0 100 1470 1006      10
1980071612 0 110 1460 1006      10
1980071618 0 120 1450 1004      10
1980071700 1 127 1438 1000      12
1980071706 1 123 1432 1000      12
1980071712 1 125 1420 1000      12
1980071718 1 131 1402 1000      12
1980071800 1 135 1389  998      15
1980071806 2 140 1375  995      20
1980071812 2 142 1362  990      20
1980071818 3 143 1347  986      25
1980071900 3 147 1331  982      25
1980071906 3 150 1317  976      30
1980071912 4 152 1301  972      35
1980071918 4 157 1284  970      35
1980072000 4 161 1267  955      40
1980072006 5 163 1253  945      45
1980072012 5 164 1238  940      45
1980072018 4 171 1221  950      40
1980072100 4 174 1208  960      40
1980072106 4 181 1190  970      40
1980072112 4 187 1172  970      40
1980072118 4 191 1153  970      40
1980072200 4 195 1136  965      40
1980072206 4 201 1122  965      40
1980072212 4 202 1103  961      40
1980072218 3 204 1084  975      30
1980072300 3 209 1067  980      25
1980072306 2 209 1053  990      20
1980072312 1 205 1030  995      12
66666 0000   34 0012 8009 0 6 Kim                                20110729
1980071912 0  97 1516 1006      10
1980071918 0 100 1506 1006      10
1980072000 1  97 1493 1006      12
1980072006 1  88 1486 1004      12
1980072012 1  84 1472 1002      15
1980072018 1  90 1456 1002      15
1980072100 1  94 1439 1002      15
1980072106 1  99 1424 1002      15
1980072112 1 100 1402 1000      15
1980072118 1 103 1385 1000      15
1980072200 2 110 1367  998      20
1980072206 2 110 1356  995      20
1980072212 2 114 1337  992      20
1980072218 3 123 1323  990      25
1980072300 3 132 1308  980      30
1980072306 4 135 1296  980      35
1980072312 4 138 1284  975      35
1980072318 4 141 1272  965      40
1980072400 5 145 1258  955      45
1980072406 5 150 1250  940      50
1980072412 6 154 1245  912      55
1980072418 6 164 1233  908      60
1980072500 5 167 1219  920      50
1980072506 4 172 1214  950      40
1980072512 4 180 1202  965      35
1980072518 4 185 1192  988      35
1980072600 4 191 1187  988      35
1980072606 3 197 1181  988      30
1980072612 3 202 1173  988      30
1980072618 3 208 1169  988      30
1980072700 3 217 1165  988      30
1980072706 3 225 1160  988      30
1980072712 3 234 1158  993      25
1980072718 1 242 1135 1000      15
66666 0000   51 0013 8010 2 6 Lex                                20110729
1980072800 0 235 1499 1004      10
1980072806 0 233 1493 1004      10
1980072812 0 234 1487 1004      10
1980072818 0 236 1484 1002      10
1980072900 0 238 1485 1002      10
1980072906 1 241 1488 1000      15
1980072912 1 244 1490 1000      15
1980072918 1 247 1492  998      15
1980073000 2 250 1493  994      20
1980073006 2 252 1492  990      20
1980073012 3 253 1490  984      25
1980073018 3 254 1487  982      25
1980073100 3 253 1483  976      30
1980073106 3 252 1480  973      30
1980073112 3 250 1477  972      30
1980073118 3 248 1473  972      30
1980080100 3 245 1467  972      30
1980080106 3 242 1462  970      30
1980080112 4 240 1455  965      35
1980080118 4 238 1450  965      35
1980080200 4 237 1447  965      35
1980080206 4 238 1445  965      35
1980080212 4 244 1445  965      35
1980080218 4 251 1444  964      40
1980080300 4 256 1441  962      40
1980080306 4 261 1444  963      40
1980080312 4 267 1444  963      40
1980080318 4 273 1444  965      35
1980080400 4 279 1448  968      35
1980080406 3 285 1450  970      30
1980080412 3 291 1453  970      30
1980080418 3 297 1458  975      30
1980080500 3 301 1463  975      30
1980080506 3 306 1469  980      30
1980080512 3 312 1477  980      30
1980080518 3 317 1483  980      30
1980080600 3 321 1492  980      30
1980080606 3 326 1501  980      30
1980080612 3 332 1513  980      30
1980080618 3 338 1529  985      25
1980080700 3 345 1542  985      25
1980080706 3 360 1555  985      25
1980080712 3 375 1560  985      25
1980080718 3 386 1562  985      25
1980080800 3 400 1565  985      25
1980080806 2 412 1565  995      20
1980080812 2 422 1566  995      20
1980080818 1 436 1567  995      15
1980080900 9 450 1568  996      15
1980080906 9 470 1569 1000      15
1980080912 9 490 1570 1002      12
66666 0000   39 0014 0000 1 6 Marge                              20110729
1980080700 0 145 1617 1004      10
1980080706 0 149 1610 1004      10
1980080712 0 150 1600 1004      10
1980080718 0 150 1590 1000      10
1980080800 1 149 1581 1000      15
1980080806 1 144 1576  998      15
1980080812 2 140 1570  995      20
1980080818 2 142 1563  994      20
1980080900 2 147 1562  992      20
1980080906 2 155 1561  990      20
1980080912 3 164 1558  985      25
1980080918 3 172 1550  980      30
1980081000 4 185 1551  965      40
1980081006 5 200 1552  944      50
1980081012 5 213 1552  945      50
1980081018 5 230 1552  945      50
1980081100 5 240 1556  945      50
1980081106 5 255 1557  945      50
1980081112 5 269 1560  950      45
1980081118 5 275 1560  950      45
1980081200 4 286 1559  960      40
1980081206 4 290 1559  960      40
1980081212 4 297 1559  960      40
1980081218 4 303 1560  965      35
1980081300 4 308 1561  970      35
1980081306 4 315 1563  975      35
1980081312 3 323 1564  975      30
1980081318 3 330 1570  980      30
1980081400 3 333 1580  980      30
1980081406 3 334 1595  980      30
1980081412 3 335 1607  980      30
1980081418 3 335 1621  985      25
1980081500 3 335 1635  985      25
1980081506 3 337 1648  985      25
1980081512 3 341 1666  985      25
1980081518 3 360 1700  985      25
1980081600 9 380 1720  985      25
1980081606 9 399 1743  985      25
1980081612 9 425 1770  985      25
66666 0000   25 0015 8011 0 6 (nameless)                         20110729
1980081400 0 120 1310 1005      10   12
1980081406 0 128 1295 1004      10   12
1980081412 0 135 1275 1004      10   12
1980081418 0 142 1254 1004      10   12
1980081500 0 150 1240 1004      10   12
1980081506 1 155 1230 1002      12
1980081512 1 159 1220 1002      12
1980081518 1 162 1210 1002      12   15
1980081600 1 165 1201 1002      12
1980081606 1 173 1192 1002      12
1980081612 1 185 1185 1002      12
1980081618 1 190 1178 1000      12
1980081700 1 185 1162 1000      12
1980081706 1 185 1149  998      12   15
1980081712 1 184 1138  998      15   20
1980081718 1 186 1130  998      15   20
1980081800 1 190 1125  998      15
1980081806 1 198 1121  998      15
1980081812 1 207 1118  998      15
1980081818 1 213 1114  998      15
1980081900 2 212 1097  995      20
1980081906 3 213 1086  992      30
1980081912 2 214 1072  995      20
1980081918 1 212 1055 1000      12
1980082000 0 205 1045 1002      10
66666 0000   27 0016 8012 0 6 Norris                             20110729
1980082306 0 155 1415 1004      10
1980082312 1 158 1405 1004      12
1980082318 1 163 1395 1002      15
1980082400 1 168 1383 1002      15
1980082406 1 172 1374 1002      15
1980082412 1 178 1364 1002      15
1980082418 1 184 1353 1000      15
1980082500 1 182 1342  998      15
1980082506 2 187 1333  995      20
1980082512 2 190 1322  994      20
1980082518 2 194 1307  990      20
1980082600 3 200 1296  985      25
1980082606 3 208 1285  980      30
1980082612 3 215 1272  978      30
1980082618 4 223 1261  970      35
1980082700 4 231 1248  960      40
1980082706 5 238 1236  954      45
1980082712 4 243 1228  960      40
1980082718 4 247 1215  975      35
1980082800 3 251 1205  980      30
1980082806 3 256 1195  980      30
1980082812 2 261 1186  990      20
1980082818 1 266 1174  995      15
1980082900 1 274 1167  998      15
1980082906 1 286 1165 1000      12
1980082912 9 290 1165 1003      10
1980082918 9 295 1165 1004      10
66666 0000   19 0017 0000 0 6 (nameless)                         20110729
1980082618 0 172 1190 1001      10
1980082700 0 164 1176 1001      10
1980082706 0 157 1166 1000      10
1980082712 1 150 1155 1000      12
1980082718 1 149 1143 1000      12
1980082800 1 150 1129  998      15
1980082806 1 141 1131 1001      12
1980082812 1 155 1144 1001      12
1980082818 1 161 1132 1002      12
1980082900 1 163 1120 1002      12
1980082906 0 170 1110 1002      10
1980082912 0 180 1109 1002      10
1980082918 0 187 1111 1002      10
1980083000 0 189 1105 1001      10
1980083006 0 185 1097 1001      10
1980083012 0 182 1090 1001      10
1980083018 0 188 1080 1001      10
1980083100 0 189 1069 1002      10
1980083106 0 190 1056 1003      10
66666 0000   14 0018 0000 0 6 (nameless)                         20110729
1980083006 0  90 1335 1006       9
1980083012 0  92 1328 1005      10
1980083018 0  94 1323 1005      10   12
1980083100 0  96 1317 1005      10   12
1980083106 0  97 1314 1006      10   12
1980083112 0  98 1310 1006      10   12
1980083118 1  99 1305 1006      12
1980090100 1 100 1300 1006      12
1980090106 1 102 1295 1006      12
1980090112 1 105 1290 1006      12
1980090118 1 108 1285 1006      12
1980090200 1 111 1280 1006      12
1980090206 1 115 1273 1006      12
1980090212 0 120 1268 1008      10
66666 0000   13 0019 0000 0 6 (nameless)                         20110729
1980090300 0  85 1495 1005      10
1980090306 0  87 1489 1002      10
1980090312 0  90 1483 1002      10
1980090318 0  89 1476 1002      10
1980090400 1  88 1471 1002      12
1980090406 1  92 1463 1000      15
1980090412 1  97 1454 1000      15
1980090418 1 102 1445  998      15
1980090500 1 109 1437  998      15
1980090506 1 116 1430  998      15
1980090512 1 123 1420  998      15
1980090518 1 130 1410  997      15
1980090600 1 135 1401  999      15
66666 0000   11 0020 0000 0 6 (nameless)                         20110729
1980090318 1 105 1140 1004      12
1980090400 1 115 1136 1002      15
1980090406 1 123 1131 1000      15
1980090412 1 132 1125 1000      15
1980090418 1 140 1117 1000      15
1980090500 1 149 1109 1000      15
1980090506 1 157 1100  998      15
1980090512 0 165 1090 1000      10
1980090518 0 172 1080 1000      10
1980090600 0 178 1068 1002      10   15
1980090606 0 180 1054 1004      10   15
66666 0000   25 0021 8013 0 6 Orchid                             20110729
1980090606 1 150 1443  996      15
1980090612 1 158 1441  996      15
1980090618 2 169 1435  994      20
1980090700 2 180 1428  994      20
1980090706 2 184 1413  992      20
1980090712 3 189 1396  992      25
1980090718 3 195 1388  985      25
1980090800 3 202 1382  985      25
1980090806 3 208 1375  980      30
1980090812 3 215 1366  975      30
1980090818 3 222 1353  972      30
1980090900 3 228 1343  972      30
1980090906 3 234 1335  970      30
1980090912 3 241 1329  970      30
1980090918 4 248 1320  960      35
1980091000 4 250 1310  960      35
1980091006 4 269 1305  960      35
1980091012 4 285 1305  965      35
1980091018 4 300 1305  965      35
1980091100 4 318 1307  965      35
1980091106 3 342 1314  975      25
1980091112 3 371 1325  980      25
1980091118 3 413 1356  980      25
1980091200 3 456 1376  980      25
1980091206 9 456 1376  985      15
66666 0000   27 0022 8014 1 6 Ruth                               20110729
1980091000 0 135 1120 1002      10
1980091006 0 140 1125 1000      10
1980091012 0 145 1131 1000      10
1980091018 0 152 1133 1000      10
1980091100 0 160 1130 1000      10
1980091106 0 164 1132 1000      10   15
1980091112 0 168 1130 1000      10   15
1980091118 0 172 1129 1000      10   15
1980091200 1 175 1130  998      15
1980091206 1 179 1132  998      15
1980091212 1 185 1139  996      15
1980091218 1 191 1143  996      15
1980091300 1 188 1145  996      15
1980091306 1 188 1141  996      15
1980091312 1 187 1138  996      15
1980091318 2 187 1138  993      20
1980091400 2 185 1134  990      20
1980091406 3 187 1126  985      25
1980091412 3 191 1121  980      30
1980091418 3 194 1109  979      30
1980091500 3 196 1098  985      25
1980091506 3 198 1091  985      25
1980091512 3 199 1079  980      30
1980091518 3 201 1064  980      30
1980091600 3 196 1054  985      30
1980091606 2 191 1044 1000      20
1980091612 1 185 1025 1004      15
66666 0000   26 0023 8015 0 6 Percy                              20110729
1980091306 1 180 1319 1002      12
1980091312 1 180 1319 1002      12
1980091318 1 180 1319 1000      12
1980091400 1 180 1319  998      15
1980091406 2 184 1311  994      20
1980091412 2 187 1300  992      20
1980091418 2 188 1291  990      20
1980091500 3 190 1282  988      25
1980091506 3 195 1269  988      25
1980091512 3 188 1267  986      25
1980091518 3 187 1264  980      30
1980091600 4 187 1264  976      35
1980091606 4 190 1261  968      35
1980091612 4 193 1260  966      35
1980091618 4 198 1255  955      40
1980091700 5 200 1249  950      45
1980091706 5 203 1240  935      50
1980091712 6 208 1232  920      60
1980091718 6 212 1222  915      60
1980091800 6 220 1212  925      55
1980091806 6 224 1197  940      55
1980091812 5 229 1188  955      50
1980091818 5 235 1180  960      50
1980091900 4 243 1171  980      35
1980091906 2 246 1157 1000      20
1980091912 1 260 1151 1005      12
66666 0000   32 0024 8016 0 6 Sperry                             20110729
1980091400 0 160 1510 1006      10
1980091406 0 173 1505 1006      10
1980091412 1 185 1500 1002      15
1980091418 1 195 1490 1002      15
1980091500 1 200 1475 1000      15
1980091506 2 206 1460  995      20
1980091512 2 211 1444  995      20
1980091518 2 218 1427  995      20
1980091600 2 222 1412  995      20
1980091606 2 228 1395  995      20
1980091612 3 234 1382  990      25
1980091618 3 245 1371  990      25
1980091700 3 255 1364  980      30
1980091706 3 270 1360  980      30
1980091712 3 284 1361  980      30
1980091718 3 296 1367  980      30
1980091800 3 303 1375  980      30
1980091806 3 309 1387  980      30
1980091812 3 312 1400  980      30
1980091818 3 314 1415  980      30
1980091900 4 315 1425  975      35
1980091906 4 316 1437  975      35
1980091912 3 315 1450  980      30
1980091918 3 313 1460  980      30
1980092000 3 310 1468  985      25
1980092006 3 306 1476  985      25
1980092012 2 307 1483  995      20
1980092018 2 310 1490  995      20
1980092100 1 314 1495 1000      15
1980092106 1 319 1499 1000      15
1980092112 1 324 1499 1000      15
1980092118 0 330 1496 1004      10
66666 0000   23 0025 8017 1 6 Thelma                             20110729
1980092500 0 145 1470 1006       9
1980092506 0 142 1460 1003      10
1980092512 0 140 1450 1003      10   15
1980092518 0 144 1437 1003      10   15
1980092600 1 150 1425 1003      15
1980092606 1 154 1415 1000      15
1980092612 1 160 1406 1000      15
1980092618 1 170 1401  998      15
1980092700 1 182 1402  998      15
1980092706 1 197 1405  994      15
1980092712 1 215 1419  994      15
1980092718 2 219 1428  992      20
1980092800 2 217 1421  992      20
1980092806 2 230 1422  992      20
1980092812 3 243 1428  990      25
1980092818 3 257 1430  990      25
1980092900 3 269 1432  985      30
1980092906 3 283 1437  982      30
1980092912 3 293 1442  982      30
1980092918 3 313 1454  980      30
1980093000 3 336 1476  980      30
1980093006 3 370 1500  978      30
1980093012 3 400 1530  980      25
66666 0000   28 0026 8018 0 6 Vernon                             20110729
1980092706 0 121 1617 1006      10
1980092712 0 121 1606 1006      10
1980092718 1 122 1594 1000      15
1980092800 1 125 1584 1000      15
1980092806 1 130 1576  997      15
1980092812 1 137 1570  997      15
1980092818 2 143 1562  990      20
1980092900 2 150 1557  990      20
1980092906 3 156 1555  985      25
1980092912 3 165 1552  975      30
1980092918 3 173 1548  975      30
1980093000 4 180 1544  970      35
1980093006 4 190 1540  970      35
1980093012 4 200 1530  965      35
1980093018 4 212 1523  952      40
1980100100 4 223 1517  948      40
1980100106 5 233 1510  944      45
1980100112 5 248 1501  940      45
1980100118 5 256 1492  937      50
1980100200 5 265 1487  940      50
1980100206 5 275 1483  940      50
1980100212 5 286 1486  940      50
1980100218 5 300 1490  945      50
1980100300 5 311 1497  955      45
1980100306 4 330 1515  965      35
1980100312 3 351 1540  980      25
1980100318 2 374 1586  990      20
1980100400 1 390 1650  997      15
66666 0000   50 0027 8019 1 6 Wynne                              20110729
1980100218 1  77 1569 1006      12
1980100300 1  75 1557 1006      12
1980100306 1  70 1547 1000      15
1980100312 1  65 1539 1000      15
1980100318 1  63 1531 1000      15
1980100400 2  62 1523  995      20
1980100406 2  63 1513  995      20
1980100412 2  67 1504  995      20
1980100418 1  76 1496 1000      15
1980100500 1  80 1494 1000      15
1980100506 1  90 1491 1000      15
1980100512 1  90 1480 1000      15
1980100518 1 102 1469 1000      15
1980100600 2 117 1465  995      20
1980100606 3 128 1463  990      25
1980100612 3 134 1460  990      25
1980100618 3 147 1452  990      25
1980100700 3 153 1447  990      25
1980100706 3 158 1441  988      25
1980100712 3 163 1435  988      25
1980100718 3 168 1428  980      30
1980100800 4 170 1418  980      35
1980100806 4 173 1409  965      40
1980100812 5 178 1400  950      45
1980100818 6 184 1391  930      65
1980100900 6 188 1380  890      70
1980100906 6 191 1371  898      70
1980100912 6 194 1360  898      70
1980100918 6 200 1349  905      65
1980101000 6 205 1335  910      65
1980101006 6 210 1321  910      65
1980101012 6 216 1307  906      65
1980101018 6 221 1297  908      65
1980101100 6 226 1288  915      60
1980101106 6 231 1280  915      60
1980101112 6 236 1271  915      60
1980101118 6 242 1266  920      55
1980101200 5 248 1261  920      50
1980101206 5 253 1257  925      50
1980101212 5 261 1255  925      50
1980101218 5 269 1259  930      50
1980101300 5 280 1263  930      50
1980101306 5 289 1273  935      45
1980101312 5 296 1284  945      45
1980101318 4 305 1304  945      40
1980101400 4 314 1330  950      40
1980101406 4 327 1361  960      40
1980101412 4 337 1402  965      35
1980101418 3 347 1450  975      30
1980101500 3 358 1500  980      25
66666 0000   18 0028 0000 0 6 Alex                               20110729
1980100918 0 190 1580 1009      10
1980101000 0 190 1562 1009      10
1980101006 1 195 1544 1006      12
1980101012 1 200 1533 1006      12
1980101018 1 207 1522 1006      12
1980101100 1 215 1513 1006      15
1980101106 1 222 1500 1000      15
1980101112 1 226 1488 1000      15
1980101118 1 229 1476 1000      15
1980101200 1 233 1463 1000      15
1980101206 1 239 1451 1000      15
1980101212 1 245 1441 1000      15
1980101218 1 251 1430 1000      15
1980101300 2 261 1418  999      20
1980101306 2 271 1402  999      20
1980101312 2 287 1401  999      20
1980101318 1 303 1410 1002      15
1980101400 0 320 1424 1008      10
66666 0000   47 0029 8021 0 6 Betty                              20110729
1980102800 0  60 1540 1004      10
1980102806 0  64 1536 1001      10
1980102812 1  68 1531 1001      12
1980102818 1  73 1527 1000      15
1980102900 2  80 1530 1000      20
1980102906 2  89 1540 1000      20
1980102912 2 100 1532  995      20
1980102918 3 106 1520  990      25
1980103000 3 109 1506  990      25
1980103006 3 116 1490  985      30
1980103012 3 122 1475  985      30
1980103018 4 128 1456  970      35
1980103100 4 133 1435  970      35
1980103106 4 136 1417  965      40
1980103112 4 138 1393  965      40
1980103118 4 140 1378  965      40
1980110100 5 140 1362  960      45
1980110106 5 142 1346  960      45
1980110112 5 144 1327  960      45
1980110118 5 147 1317  955      45
1980110200 5 147 1310  955      45
1980110206 5 149 1303  945      50
1980110212 5 150 1294  945      50
1980110218 5 146 1288  945      50
1980110300 6 142 1281  940      55
1980110306 6 143 1276  930      55
1980110312 6 144 1267  930      60
1980110318 6 146 1259  925      60
1980110400 6 147 1249  925      60
1980110406 6 152 1237  925      60
1980110412 6 158 1228  925      60
1980110418 5 160 1216  945      50
1980110500 4 164 1208  965      40
1980110506 4 174 1203  980      35
1980110512 3 184 1203  988      30
1980110518 3 191 1203  990      25
1980110600 3 197 1207  990      25
1980110606 3 202 1210  990      25
1980110612 2 212 1221  992      20
1980110618 2 221 1233  995      20
1980110700 2 231 1245  995      20
1980110706 2 245 1265  995      20
1980110712 2 254 1286  995      20
1980110718 2 265 1315  995      20
1980110800 1 280 1360 1000      15
1980110806 1 285 1400 1000      15
1980110812 1 290 1440 1000      15
66666 0000   21 0030 8020 0 6 Cary                               20110729
1980102800 1 112 1297 1006      12
1980102806 1 115 1280 1004      15
1980102812 1 120 1262 1004      15
1980102818 1 127 1246 1002      15
1980102900 1 134 1230 1002      15
1980102906 1 143 1214 1000      15
1980102912 2 150 1200  995      20
1980102918 2 155 1185  995      20
1980103000 3 161 1170  990      25
1980103006 3 165 1162  990      25
1980103012 3 170 1155  990      25
1980103018 3 170 1148  990      25
1980103100 3 161 1150  990      25
1980103106 3 151 1150  990      25
1980103112 2 140 1150  995      20
1980103118 2 144 1138  995      20
1980110100 1 145 1130 1000      12   20
1980110106 1 144 1120 1000      12   15
1980110112 1 141 1109 1002      15
1980110118 1 138 1100 1002      15
1980110200 1 134 1094 1006      12
66666 0000   18 0031 0000 0 6 (nameless)                         20110729
1980111200 0  87 1177 1008       0
1980111206 0 100 1172 1006       0
1980111212 0 113 1168 1006      10
1980111218 0 121 1159 1006      10
1980111300 1 123 1148 1005      12
1980111306 1 120 1142 1003      15
1980111312 1 120 1138 1003      15
1980111318 1 122 1134 1003      15
1980111400 1 125 1131 1003      15
1980111406 1 130 1129 1002      15
1980111412 1 135 1125 1002      15
1980111418 1 140 1117 1004      15
1980111500 1 138 1108 1004      15
1980111506 1 130 1104 1005      12
1980111512 1 120 1103 1005      12
1980111518 1 114 1095 1005      12
1980111600 0 110 1085 1006      10
1980111606 0 105 1074 1006       0
66666 0000   23 0032 8022 1 6 Dinah                              20110729
1980112006 1  60 1656 1002      12
1980112012 1  76 1640 1002      12
1980112018 1  88 1620 1000      15
1980112100 2  95 1597  998      20
1980112106 2 104 1577  995      20
1980112112 2 108 1554  995      20
1980112118 3 110 1535  990      25
1980112200 4 115 1515  970      35
1980112206 4 130 1494  970      35
1980112212 4 140 1475  970      35
1980112218 5 149 1460  955      45
1980112300 5 162 1447  941      50
1980112306 5 172 1441  950      45
1980112312 5 187 1439  955      45
1980112318 4 200 1440  965      40
1980112400 4 213 1447  965      40
1980112406 4 229 1462  965      40
1980112412 4 245 1487  965      40
1980112418 4 258 1514  965      40
1980112500 4 275 1550  970      35
1980112506 3 290 1594  980      30
1980112512 3 305 1650  990      25
1980112518 2 320 1700  995      20
66666 0000   30 0033 8023 0 6 Ed                                 20110729
1980121506 0 117 1313 1005      10
1980121512 1 120 1307 1004      12
1980121518 1 122 1299 1002      15
1980121600 2 126 1292 1000      20
1980121606 3 127 1287  996      25
1980121612 3 130 1281  996      25
1980121618 3 134 1277  995      25
1980121700 3 135 1275  992      25
1980121706 3 135 1273  991      25
1980121712 3 134 1270  991      25
1980121718 3 131 1269  991      25
1980121800 3 131 1272  990      25
1980121806 3 133 1274  990      25
1980121812 3 137 1275  990      25
1980121818 3 139 1274  990      25
1980121900 3 139 1274  989      25
1980121906 3 143 1274  989      25
1980121912 3 144 1276  990      25
1980121918 3 145 1280  990      25
1980122000 2 142 1281  992      20
1980122006 2 142 1278  995      20
1980122012 2 144 1275  995      20
1980122018 2 145 1273  995      20
1980122100 1 139 1272  998      15
1980122106 1 128 1272 1000      15
1980122112 1 118 1269 1004      12
1980122118 1 112 1268 1004      12
1980122200 1 105 1267 1004      12
1980122206 0 100 1265 1004      10
1980122212 0  95 1260 1006      10
