66666 0000   26 0001 0000 1 6 Freda                              20110729
1981031200 1  60 1680 1004      12
1981031206 1  66 1674 1004      15
1981031212 1  70 1668 1000      15
1981031218 2  75 1660  994      20
1981031300 2  82 1652  992      20
1981031306 2  90 1643  992      20
1981031312 2  99 1634  990      20
1981031318 3 106 1626  987      25
1981031400 3 115 1620  980      30
1981031406 3 127 1613  979      30
1981031412 3 142 1611  975      30
1981031418 4 146 1616  970      35
1981031500 4 155 1619  960      40
1981031506 5 169 1629  947      50
1981031512 5 181 1639  945      50
1981031518 5 191 1650  944      50
1981031600 5 200 1660  945      50
1981031606 5 210 1672  950      45
1981031612 5 219 1683  955      45
1981031618 4 230 1694  960      40
1981031700 4 240 1705  966      35
1981031706 3 252 1717  975      30
1981031712 3 271 1733  982      25
1981031718 3 280 1746  980      25
1981031800 3 290 1760  985      25
1981031806 2 316 1810  990      20
66666 0000   25 0002 8101 0 6 Gerald                             20110729
1981041406 0  43 1575 1005      10
1981041412 0  47 1567 1005      10
1981041418 0  51 1558 1005      10
1981041500 0  53 1550 1005      10
1981041506 0  55 1541 1003      10
1981041512 1  57 1530 1000      12
1981041518 1  60 1520  998      15
1981041600 2  63 1513  996      20
1981041606 3  70 1497  990      25
1981041612 3  78 1480  988      25
1981041618 3  83 1466  982      30
1981041700 3  90 1460  985      30
1981041706 3 101 1459  989      25
1981041712 3 111 1459  990      25
1981041718 3 116 1456  990      25
1981041800 2 122 1457  990      20
1981041806 2 128 1460  991      20
1981041812 2 132 1462  991      20
1981041818 2 140 1468  992      20
1981041900 2 147 1470  992      20
1981041906 2 153 1473  993      20
1981041912 1 162 1481  995      15
1981041918 1 177 1505  995      15
1981042000 1 178 1515 1000      12
1981042006 1 179 1521 1002      12
66666 0000   10 0002 8101 0 6 Gerald(-)1                         20110729
1981042000 2 154 1459  992      20
1981042006 2 157 1455  994      20
1981042012 1 162 1452  998      15
1981042018 1 170 1450 1000      12
1981042100 1 176 1451 1004      12
1981042106 1 182 1452 1004      12
1981042112 1 189 1454 1004      12
1981042118 0 196 1457 1006      10
1981042200 0 202 1460 1008       9
1981042206 0 210 1465 1008       9
66666 0000   38 0003 8102 0 6 Holly                              20110729
1981042900 0  55 1628 1003      10
1981042906 1  58 1625 1003      12
1981042912 1  61 1623 1003      12
1981042918 1  66 1620 1003      15
1981043000 1  71 1615 1002      15
1981043006 1  76 1607 1002      15
1981043012 1  81 1596 1002      15
1981043018 1  86 1586 1002      15
1981050100 2  91 1574 1001      20
1981050106 2  93 1562 1001      20
1981050112 2  93 1552 1001      20
1981050118 2  92 1540 1001      20
1981050200 2  96 1533 1000      20
1981050206 2  98 1527  997      20
1981050212 2 100 1520  997      20
1981050218 2 100 1513  997      20
1981050300 2 101 1510  997      20
1981050306 2 103 1507  997      20
1981050312 2 111 1505  997      20
1981050318 2 115 1510  997      20
1981050400 2 111 1509  997      20
1981050406 2 111 1505  997      20
1981050412 2 112 1502  998      20
1981050418 2 114 1500  998      20
1981050500 2 113 1497  998      20
1981050506 2 112 1498  998      20
1981050512 2 120 1495  998      20
1981050518 2 121 1490  998      20
1981050600 1 117 1486 1000      15
1981050606 1 117 1480 1000      15
1981050612 1 118 1474 1000      15
1981050618 1 119 1469 1000      12
1981050700 0 120 1464 1004      10
1981050706 0 120 1455 1004      10
1981050712 0 120 1447 1006      10
1981050718 0 120 1439 1006      10
1981050800 0 120 1432 1007      10
1981050806 0 120 1420 1007      10
66666 0000   41 0004 8103 0 6 Ike                                20110729
1981060712 0 173 1183 1003      10
1981060718 0 174 1173 1003      10
1981060800 1 178 1165 1002      12
1981060806 1 179 1159 1000      15
1981060812 1 180 1150  998      15
1981060818 1 179 1133  998      15
1981060900 1 173 1120  998      15
1981060906 2 172 1118  996      20
1981060912 2 170 1115  995      20
1981060918 3 171 1112  993      25
1981061000 3 172 1110  993      25
1981061006 3 174 1109  993      25
1981061012 3 177 1111  993      25
1981061018 3 179 1114  993      25
1981061100 3 181 1117  990      25
1981061106 3 183 1123  990      25
1981061112 3 185 1130  985      25
1981061118 3 188 1138  985      25
1981061200 3 193 1145  980      30
1981061206 3 197 1160  975      30
1981061212 3 204 1174  967      30
1981061218 3 210 1188  970      30
1981061300 3 220 1201  970      30
1981061306 3 230 1210  974      30
1981061312 3 239 1219  980      25
1981061318 3 254 1219  984      25
1981061400 3 268 1226  985      30
1981061406 3 278 1234  990      25
1981061412 2 280 1245  992      20
1981061418 1 279 1256  998      15
1981061500 9 285 1265 1000      15
1981061506 9 289 1250 1000      15
1981061512 9 300 1252 1002      15
1981061518 9 305 1259 1002      15
1981061600 9 307 1264 1004      10
1981061606 9 310 1272 1004      10
1981061612 9 316 1277 1006       9
1981061618 9 322 1280 1006       9
1981061700 9 329 1277 1007       9
1981061706 9 336 1275 1007       9
1981061712 9 341 1279 1007       9
66666 0000   27 0005 8104 2 6 June                               20110729
1981061518 0 120 1320 1004      10
1981061600 0 134 1320 1004      10
1981061606 0 147 1317 1002      10
1981061612 0 147 1309 1002      10
1981061618 0 140 1304 1002      10
1981061700 1 130 1302 1000      15
1981061706 1 140 1310  995      15
1981061712 2 154 1303  995      20
1981061718 2 164 1295  995      20
1981061800 3 175 1283  993      25
1981061806 3 187 1271  980      30
1981061812 3 192 1261  980      30
1981061818 4 199 1250  970      35
1981061900 4 203 1243  970      35
1981061906 4 208 1234  965      35
1981061912 4 213 1230  965      35
1981061918 4 218 1227  963      40
1981062000 4 228 1227  962      40
1981062006 4 241 1220  965      35
1981062012 3 247 1215  980      30
1981062018 3 256 1213  980      30
1981062100 3 266 1216  980      30
1981062106 3 281 1226  985      25
1981062112 2 286 1234  990      20
1981062118 2 294 1243  990      20
1981062200 2 304 1248  990      20
1981062206 2 323 1271  994      20
66666 0000   35 0006 8105 1 6 Kelly                              20110729
1981062700 0 125 1415 1010       0
1981062706 0 125 1400 1010       0
1981062712 0 132 1388 1010       0
1981062718 0 135 1375 1008      10
1981062800 0 135 1363 1008      10
1981062806 1 135 1350 1005      12
1981062812 1 134 1342 1005      12
1981062818 1 133 1333 1005      12
1981062900 1 131 1326 1005      12
1981062906 1 132 1315 1005      12
1981062912 1 136 1305 1004      15
1981062918 1 137 1292 1004      15
1981063000 1 139 1278 1002      15
1981063006 2 139 1257  998      20
1981063012 3 140 1237  996      25
1981063018 2 137 1224  996      20
1981070100 2 138 1212  996      20
1981070106 2 136 1200  996      20
1981070112 2 137 1189  994      20
1981070118 2 139 1174  992      20
1981070200 3 141 1164  985      25
1981070206 3 144 1156  981      30
1981070212 3 149 1145  980      30
1981070218 4 157 1139  975      35
1981070300 5 168 1128  964      45
1981070306 5 173 1114  962      45
1981070312 5 177 1107  965      45
1981070318 5 183 1097  965      45
1981070400 4 187 1085  980      35
1981070406 3 190 1076  985      30
1981070412 3 192 1068  985      30
1981070418 3 193 1056  985      30
1981070500 2 193 1050  994      20
1981070506 1 193 1035  995      15
1981070512 1 197 1024  995      12
66666 0000   29 0007 8106 0 6 Lynn                               20110729
1981070100 0  85 1395 1007       0
1981070106 0  85 1375 1005       0
1981070112 0  85 1360 1005       0
1981070118 0  86 1345 1005      10
1981070200 0  90 1330 1005      10
1981070206 1  97 1305 1005      12
1981070212 1 109 1290 1004      15
1981070218 1 120 1280 1000      15
1981070300 2 123 1272  998      20
1981070306 2 132 1258  992      20
1981070312 2 140 1239  992      20
1981070318 3 145 1230  990      25
1981070400 3 150 1224  990      25
1981070406 3 153 1217  990      25
1981070412 3 158 1208  990      25
1981070418 3 163 1200  990      25
1981070500 3 171 1190  990      25
1981070506 3 182 1177  990      25
1981070512 3 189 1170  990      25
1981070518 3 197 1157  985      30
1981070600 3 200 1148  980      30
1981070606 3 203 1140  980      30
1981070612 3 209 1135  980      30
1981070618 3 213 1130  980      30
1981070700 3 219 1126  986      30
1981070706 2 225 1116  990      20
1981070712 2 230 1104  995      20
1981070718 1 235 1085  998      12
1981070800 0 236 1065 1000      10
66666 0000   32 0008 8107 0 6 Maury                              20110729
1981071706 1 184 1285 1000      12
1981071712 1 184 1292 1000      15
1981071718 1 190 1295  998      15
1981071800 2 201 1290  995      20
1981071806 3 213 1280  992      25
1981071812 3 225 1270  992      25
1981071818 3 234 1260  990      25
1981071900 3 247 1246  988      25
1981071906 3 252 1230  987      25
1981071912 3 255 1217  987      30
1981071918 3 252 1207  987      30
1981072000 3 258 1197  987      30
1981072006 1 258 1176  994      15
1981072012 1 256 1158  997      12
1981072018 1 253 1149  997      12
1981072100 0 250 1142  998      10
1981072106 0 238 1138  998      10
1981072112 0 232 1128  997      10
1981072118 0 229 1116  997      10
1981072200 0 228 1110  997      10
1981072206 0 227 1107  995      10
1981072212 0 229 1100  995      10
1981072218 1 219 1090  995      12
1981072300 1 216 1095  995      12
1981072306 1 213 1093  994      15
1981072312 0 221 1092  995      10   15
1981072318 0 228 1094  995      10   15
1981072400 0 232 1102  995      10   12
1981072406 0 242 1103  996      10
1981072412 0 254 1112  997      10
1981072418 0 260 1125  998      10
1981072500 0 273 1120 1000      10
66666 0000   29 0009 8108 0 6 (nameless)                         20110729
1981072100 1 240 1238 1000      15
1981072106 1 246 1236 1000      15
1981072112 1 246 1236 1000      15
1981072118 1 250 1230  998      15
1981072200 1 255 1225  997      15
1981072206 2 261 1220  995      20
1981072212 3 264 1217  994      25
1981072218 2 268 1215  994      20
1981072300 2 273 1213  995      20
1981072306 2 283 1210  996      20
1981072312 1 295 1194  998      15
1981072318 1 298 1176  998      15
1981072400 1 311 1173  998      15
1981072406 1 314 1171  998      15
1981072412 1 320 1171  998      15
1981072418 1 325 1166  998      15
1981072500 9 332 1164  998      15
1981072506 9 336 1168  998      15
1981072512 9 338 1171  998      15
1981072518 9 338 1171 1000      12
1981072600 9 341 1172 1001      12
1981072606 9 347 1174  999      15
1981072612 9 347 1174 1000      15
1981072618 9 350 1175 1000      15
1981072700 9 350 1175 1000      15
1981072706 9 355 1175  998      15
1981072712 9 367 1179  998      15
1981072718 9 375 1184 1001      12
1981072800 9 390 1205 1001      12
66666 0000   13 0010 0000 2 6 (nameless)                         20110729
1981071918 0 255 1470 1008       0
1981072000 0 265 1468 1006       0
1981072006 0 275 1464 1004      10
1981072012 1 284 1454 1004      12
1981072018 1 292 1444 1004      12
1981072100 1 300 1435 1002      15
1981072106 1 306 1426 1002      15
1981072112 1 316 1425 1002      15
1981072118 1 325 1426 1002      15
1981072200 1 332 1432 1000      15
1981072206 1 337 1437 1000      15
1981072212 1 347 1448 1000      15
1981072218 1 363 1460 1000      15
66666 0000   26 0011 8109 0 6 Ogden                              20110729
1981072612 0 217 1502 1005      10
1981072618 1 224 1496 1005      12
1981072700 1 230 1490 1002      15
1981072706 1 235 1485  998      15
1981072712 1 239 1480  998      15
1981072718 1 243 1475  997      15
1981072800 1 247 1470  995      15
1981072806 2 253 1459  992      20
1981072812 2 261 1446  990      20
1981072818 2 269 1434  987      20
1981072900 3 277 1421  985      25
1981072906 3 283 1409  984      25
1981072912 3 288 1394  981      25
1981072918 3 294 1382  982      25
1981073000 3 299 1365  984      25
1981073006 3 306 1347  980      30
1981073012 3 312 1327  976      30
1981073018 3 320 1310  985      25
1981073100 2 328 1294  990      20
1981073106 2 333 1280  992      20
1981073112 2 342 1269  992      20
1981073118 1 350 1256  995      15
1981080100 1 360 1250  997      15
1981080106 1 374 1248 1002      12
1981080112 1 388 1248 1005      12
1981080118 0 400 1250 1004      10
66666 0000   24 0012 8110 3 6 Phyllis                            20110729
1981073118 0 160 1395 1000      10
1981080100 1 170 1405  996      12
1981080106 1 180 1420  996      12
1981080112 1 191 1430  995      15
1981080118 1 197 1445  996      15
1981080200 2 205 1455  995      20
1981080206 2 220 1452  994      20
1981080212 2 235 1450  993      20
1981080218 2 248 1458  990      20
1981080300 2 260 1464  990      20
1981080306 2 277 1467  990      20
1981080312 2 292 1466  985      20
1981080318 2 310 1470  985      20
1981080400 2 317 1458  985      20
1981080406 2 331 1453  985      20
1981080412 3 345 1450  980      25
1981080418 3 359 1451  980      25
1981080500 3 371 1450  980      25
1981080506 3 385 1450  975      30
1981080512 3 400 1450  980      25
1981080518 3 430 1435  980      25
1981080600 9 470 1400  985      20
1981080606 9 475 1375  984      15
1981080612 9 480 1350  984      15
66666 0000   35 0013 8111 0 6 Roy                                20110729
1981080200 0 130 1120 1002      10
1981080206 1 135 1125 1000      12
1981080212 1 136 1133 1000      12
1981080218 1 140 1139 1000      12
1981080300 1 145 1145 1000      12
1981080306 1 155 1145 1000      15
1981080312 1 158 1140  999      15
1981080318 1 153 1142  999      15
1981080400 1 150 1145  997      15
1981080406 1 151 1150  997      15
1981080412 1 151 1150  996      15
1981080418 2 154 1157  995      20
1981080500 2 158 1161  993      20
1981080506 2 163 1167  993      20
1981080512 2 167 1172  992      20
1981080518 2 174 1175  990      20
1981080600 3 180 1180  990      25
1981080606 3 186 1184  986      25
1981080612 2 194 1185  990      20
1981080618 2 200 1183  990      20
1981080700 2 204 1180  993      20
1981080706 2 206 1175  995      20
1981080712 2 205 1170  995      20
1981080718 1 202 1164  998      15
1981080800 1 198 1158  998      15
1981080806 1 195 1152  998      15
1981080812 1 192 1143  998      15
1981080818 1 188 1135  998      12
1981080900 1 186 1125  997      12
1981080906 1 187 1114  995      12
1981080912 1 190 1103  995      12
1981080918 1 190 1092  996      12
1981081000 1 195 1080  996      12
1981081006 0 197 1070  997      10
1981081012 0 200 1045  997      10
66666 0000   16 0014 0000 0 6 (nameless)                         20110729
1981080200 1 164 1330 1003      12
1981080206 1 167 1335 1000      12
1981080212 1 170 1341 1000      12
1981080218 1 173 1348 1000      12
1981080300 1 175 1355  998      15
1981080306 1 178 1369  995      15
1981080312 1 184 1382  992      15
1981080318 1 194 1400  992      15
1981080400 1 207 1417  992      15
1981080406 1 223 1434  991      15
1981080412 1 240 1450  990      15
1981080418 1 265 1473  990      15
1981080500 1 290 1500  990      15
1981080506 1 310 1520  992      15
1981080512 1 330 1540  992      15
1981080518 1 355 1559  992      15
66666 0000   30 0015 0000 0 6 Susan                              20110729
1981080700 0 205 1660 1004      10
1981080706 1 210 1655 1000      12
1981080712 1 216 1653  998      15
1981080718 1 224 1651  998      15
1981080800 2 230 1650  992      20
1981080806 2 241 1658  992      20
1981080812 3 250 1663  990      25
1981080818 3 268 1660  990      25
1981080900 3 282 1652  990      25
1981080906 3 290 1635  985      25
1981080912 3 301 1629  985      25
1981080918 3 308 1623  985      25
1981081000 3 312 1617  985      25
1981081006 3 316 1614  980      30
1981081012 3 320 1611  980      30
1981081018 3 324 1608  980      30
1981081100 3 328 1600  980      30
1981081106 3 331 1595  978      30
1981081112 3 338 1589  985      25
1981081118 3 343 1579  985      25
1981081200 2 347 1569  985      20
1981081206 2 351 1564  990      20
1981081212 2 355 1555  990      20
1981081218 1 359 1547  995      15
1981081300 1 366 1541  998      15
1981081306 1 375 1539 1000      15
1981081312 1 382 1540 1002      15
1981081318 1 389 1540 1004      12
1981081400 1 410 1540 1004      12
1981081406 1 440 1550 1004      12
66666 0000   32 0016 0000 1 6 Vanessa                            20110729
1981081406 0 170 1420 1004      10
1981081412 0 180 1425 1004      10
1981081418 1 190 1435 1002      12
1981081500 1 200 1450 1000      12
1981081506 1 200 1465  998      15
1981081512 1 205 1485  998      15
1981081518 1 211 1513  995      15
1981081600 1 220 1533  995      15
1981081606 1 235 1550  993      15
1981081612 1 245 1560  993      15
1981081618 2 260 1565  990      20
1981081700 2 270 1570  985      20
1981081706 3 287 1593  983      25
1981081712 3 297 1601  980      25
1981081718 3 309 1613  980      25
1981081800 3 314 1623  980      25
1981081806 3 320 1635  983      25
1981081812 2 328 1649  985      20
1981081818 2 335 1655  985      20
1981081900 2 345 1663  990      20
1981081906 2 360 1670  990      20
1981081912 2 372 1662  992      20
1981081918 2 385 1662  992      20
1981082000 2 400 1655  994      20
1981082006 2 410 1650  994      20
1981082012 9 430 1655  994      20
1981082018 9 460 1660  994      15
1981082100 9 480 1650  994      15
1981082106 9 500 1655  994      15
1981082112 9 520 1660  994      15
1981082118 9 535 1675  990      15
1981082200 9 550 1690  988      15
66666 0000   26 0017 8113 0 6 Warren                             20110729
1981081406 0 155 1185 1000      10
1981081412 1 158 1180  999      12
1981081418 1 160 1174  998      12
1981081500 1 163 1167  998      12
1981081506 1 164 1162  998      12
1981081512 1 163 1157  998      12
1981081518 1 162 1153  998      12
1981081600 1 162 1148  996      15
1981081606 1 162 1143  995      15
1981081612 1 164 1139  995      15
1981081618 1 168 1136  995      15
1981081700 1 173 1133  995      15
1981081706 1 175 1130  995      15
1981081712 1 178 1128  995      15
1981081718 1 179 1124  995      15
1981081800 1 180 1118  995      15
1981081806 2 181 1113  993      20
1981081812 2 183 1110  991      20
1981081818 2 184 1106  990      20
1981081900 2 191 1099  990      20
1981081906 3 195 1085  990      25
1981081912 3 196 1078  990      25
1981081918 3 197 1068  990      25
1981082000 3 200 1062  990      25
1981082006 3 204 1055  990      25
1981082012 1 210 1050  995      15
66666 0000   38 0018 8112 1 6 Thad                               20110729
1981081506 0 180 1298 1000      10
1981081512 1 182 1304  998      12
1981081518 1 183 1312  996      15
1981081600 1 187 1320  994      15
1981081606 2 191 1318  992      20
1981081612 2 195 1320  990      20
1981081618 2 198 1321  988      20
1981081700 3 200 1323  985      25
1981081706 3 200 1328  982      30
1981081712 3 205 1329  982      30
1981081718 3 211 1335  980      30
1981081800 3 217 1332  975      30
1981081806 4 223 1332  965      35
1981081812 4 230 1334  965      35
1981081818 4 237 1338  962      40
1981081900 4 243 1341  962      40
1981081906 4 250 1343  960      40
1981081912 4 253 1345  958      40
1981081918 4 256 1349  956      40
1981082000 4 259 1352  957      40
1981082006 4 262 1358  959      40
1981082012 4 266 1361  960      40
1981082018 4 270 1365  961      40
1981082100 4 276 1369  963      40
1981082106 4 285 1374  965      35
1981082112 4 293 1376  965      35
1981082118 4 300 1375  965      35
1981082200 4 307 1376  965      35
1981082206 4 312 1380  965      35
1981082212 4 322 1382  965      35
1981082218 3 345 1395  965      30
1981082300 3 378 1405  964      30
1981082306 9 423 1410  968      25
1981082312 9 460 1420  970      20
1981082318 9 482 1417  980      15
1981082400 9 505 1415  982      15
1981082406 9 525 1412  982      15
1981082412 9 550 1410  982      15
66666 0000   50 0019 8114 1 6 Agnes                              20110729
1981082506 1 160 1480 1005      12
1981082512 1 163 1468 1005      12
1981082518 1 165 1457 1005      12
1981082600 1 167 1443 1005      12
1981082606 1 167 1430 1002      15
1981082612 1 169 1420 1002      15
1981082618 1 172 1408 1000      15
1981082700 2 177 1397  996      20
1981082706 2 182 1383  994      20
1981082712 3 183 1372  992      25
1981082718 3 188 1358  990      25
1981082800 3 193 1351  987      25
1981082806 3 200 1340  985      25
1981082812 3 205 1330  984      30
1981082818 3 210 1320  976      30
1981082900 3 216 1312  976      30
1981082906 4 225 1303  974      35
1981082912 4 232 1292  972      35
1981082918 4 240 1282  968      35
1981083000 4 245 1274  962      40
1981083006 4 252 1267  960      40
1981083012 4 258 1260  955      40
1981083018 4 265 1253  955      40
1981083100 5 272 1248  950      45
1981083106 5 282 1243  949      45
1981083112 5 292 1237  950      45
1981083118 5 299 1232  950      45
1981090100 4 304 1231  955      40
1981090106 4 307 1232  955      40
1981090112 4 311 1233  960      35
1981090118 4 316 1234  965      35
1981090200 3 320 1235  975      30
1981090206 3 323 1238  980      30
1981090212 3 327 1246  984      25
1981090218 3 332 1256  984      25
1981090300 3 337 1263  984      25
1981090306 3 341 1273  986      25
1981090312 3 345 1287  987      25
1981090318 3 360 1320  987      25
1981090400 2 385 1365  985      20
1981090406 9 420 1415  980      25
1981090412 9 442 1445  980      25
1981090418 9 460 1470  980      25
1981090500 9 480 1490  980      25
1981090506 9 500 1520  980      25
1981090512 9 505 1540  980      25
1981090518 9 510 1570  980      25
1981090600 9 515 1620  980      25
1981090606 9 523 1670  980      25
1981090612 9 530 1740  980      25
66666 0000   29 0020 8115 1 6 Bill                               20110729
1981090112 0 225 1605 1008      10
1981090118 0 225 1596 1008      10
1981090200 0 224 1583 1008      10
1981090206 1 220 1570 1004      12
1981090212 1 215 1560 1002      15
1981090218 1 215 1550 1002      15
1981090300 1 220 1540 1000      15
1981090306 2 224 1532  993      20
1981090312 2 227 1522  993      20
1981090318 3 229 1513  990      25
1981090400 3 233 1503  987      25
1981090406 3 240 1492  980      30
1981090412 3 247 1482  975      30
1981090418 4 257 1473  968      35
1981090500 4 261 1465  958      40
1981090506 4 270 1460  961      40
1981090512 4 283 1457  961      40
1981090518 4 294 1455  960      40
1981090600 4 310 1456  959      40
1981090606 4 326 1462  965      40
1981090612 4 347 1473  970      35
1981090618 3 368 1495  975      30
1981090700 3 386 1530  983      25
1981090706 9 402 1570  990      20
1981090712 9 422 1616  990      20
1981090718 9 439 1675  992      20
1981090800 9 450 1720  992      20
1981090806 9 460 1770  994      15
1981090812 9 470 1820  996      15
66666 0000   35 0021 8116 0 6 Clara                              20110729
1981091400 0 110 1440 1006       0
1981091406 0 112 1428 1006      10
1981091412 0 115 1412 1006      10
1981091418 0 117 1399 1006      10
1981091500 1 118 1387 1004      12
1981091506 1 119 1378 1002      15
1981091512 1 120 1370 1002      15
1981091518 2 121 1360 1000      20
1981091600 2 122 1351  998      20
1981091606 2 123 1345  996      20
1981091612 2 124 1339  996      20
1981091618 2 124 1333  996      20
1981091700 2 125 1325  996      20
1981091706 3 131 1316  993      25
1981091712 3 137 1308  992      25
1981091718 3 142 1300  988      30
1981091800 3 145 1292  979      30
1981091806 4 147 1282  975      35
1981091812 4 152 1273  969      35
1981091818 4 157 1263  960      35
1981091900 4 166 1254  950      40
1981091906 5 174 1245  945      50
1981091912 6 181 1235  934      55
1981091918 6 186 1227  924      60
1981092000 6 187 1220  940      55
1981092006 5 191 1211  948      50
1981092012 5 196 1204  952      45
1981092018 4 202 1193  956      40
1981092100 4 206 1185  960      40
1981092106 4 210 1177  960      35
1981092112 4 216 1170  960      35
1981092118 4 225 1162  960      35
1981092200 3 235 1151  985      25
1981092206 1 242 1144  995      15
1981092212 0 248 1140 1000      10
66666 0000   25 0022 0000 0 6 Doyle                              20110729
1981091718 1 245 1740 1010      12
1981091800 1 246 1730 1010      15
1981091806 1 248 1720 1010      15
1981091812 1 250 1710 1010      15
1981091818 1 251 1700 1010      15
1981091900 1 253 1690 1010      15
1981091906 1 255 1680 1010      15
1981091912 1 257 1669 1008      15
1981091918 1 260 1659 1005      15
1981092000 1 265 1650 1000      15
1981092006 2 267 1642  995      20
1981092012 3 269 1633  995      25
1981092018 3 270 1624  990      30
1981092100 4 271 1614  985      35
1981092106 4 278 1611  980      35
1981092112 4 284 1612  980      35
1981092118 4 291 1616  970      35
1981092200 4 293 1623  965      35
1981092206 4 299 1631  965      35
1981092212 4 308 1642  965      35
1981092218 4 323 1658  970      35
1981092300 3 338 1674  978      30
1981092306 3 360 1700  986      25
1981092312 2 375 1722  990      20
1981092318 1 390 1750 1000      12
66666 0000    9 0023 0000 0 6 (nameless)                         20110729
1981092200 1 140 1165 1002      12
1981092206 1 150 1155 1002      12
1981092212 1 167 1167 1002      12
1981092218 1 180 1165 1002      12
1981092300 1 190 1162 1000      15
1981092306 1 200 1150 1002      12
1981092312 1 210 1155 1002      12
1981092318 1 223 1150 1000      12
1981092400 0 235 1150 1004      10
66666 0000   42 0024 8117 3 6 Elsie                              20110729
1981092218 0  90 1510 1008       9
1981092300 0  93 1500 1006      10
1981092306 0  96 1490 1006      10
1981092312 0  97 1482 1006      10
1981092318 0  98 1475 1006      10
1981092400 0 102 1467 1004      10
1981092406 0 103 1461 1004      10
1981092412 1 106 1454 1004      12
1981092418 1 110 1448 1000      15
1981092500 1 116 1441  997      15
1981092506 2 119 1433  994      20
1981092512 3 123 1423  989      25
1981092518 3 128 1413  978      30
1981092600 3 129 1403  972      30
1981092606 4 130 1394  964      35
1981092612 4 132 1385  954      40
1981092618 5 135 1379  940      45
1981092700 6 140 1369  928      55
1981092706 6 147 1369  904      60
1981092712 6 153 1367  900      65
1981092718 6 163 1360  900      65
1981092800 6 168 1353  893      70
1981092806 6 171 1350  895      70
1981092812 6 178 1345  895      70
1981092818 6 187 1342  895      70
1981092900 6 195 1337  900      70
1981092906 6 204 1331  902      70
1981092912 6 215 1326  905      65
1981092918 6 225 1321  910      60
1981093000 6 233 1318  915      60
1981093006 6 242 1317  920      55
1981093012 6 254 1319  925      55
1981093018 5 266 1322  932      50
1981100100 5 274 1336  938      45
1981100106 5 289 1352  941      45
1981100112 4 300 1373  950      40
1981100118 4 315 1402  955      40
1981100200 4 332 1442  962      35
1981100206 3 357 1485  970      30
1981100212 9 385 1526  980      25
1981100218 9 420 1560  990      20
1981100300 9 470 1540  990      20
66666 0000   15 0025 0000 0 6 (nameless)                         20110729
1981100312 0 205 1160 1006      10
1981100318 1 202 1145 1004      12
1981100400 1 200 1135 1004      12
1981100406 1 200 1125 1004      12   20
1981100412 1 200 1115 1004      12   15
1981100418 1 205 1105 1004      12
1981100500 1 205 1105 1004      12
1981100506 1 205 1095 1004      12
1981100512 1 205 1095 1004      12
1981100518 0 210 1097 1004      10
1981100600 0 210 1097 1004      10
1981100606 0 212 1092 1004      10
1981100612 0 217 1100 1004      10
1981100618 0 225 1100 1004      10
1981100700 0 235 1100 1006      10
66666 0000   21 0026 8118 1 6 Fabian                             20110729
1981101018 0  80 1290 1004      10
1981101100 0  80 1290 1004      10
1981101106 0  90 1280 1004      10
1981101112 0  95 1270 1004      10
1981101118 1 102 1262 1004      12
1981101200 1 112 1246 1004      12
1981101206 1 114 1235 1004      12
1981101212 1 115 1222 1004      12
1981101218 1 116 1208 1004      15
1981101300 1 118 1191 1004      15
1981101306 2 116 1158 1002      20
1981101312 2 116 1143 1000      20
1981101318 2 115 1125  996      20
1981101400 2 115 1112  994      20
1981101406 2 113 1097  995      20
1981101412 2 116 1083  996      20
1981101418 1 123 1070 1000      15
1981101500 1 134 1060 1002      12
1981101506 0 140 1047 1004      10
1981101512 0 150 1028 1004      10
1981101518 0 153 1008 1004      10
66666 0000   38 0027 8119 0 6 Gay                                20110729
1981101400 0  95 1490 1002      10
1981101406 0 105 1485 1002      10
1981101412 1 115 1475 1000      12
1981101418 1 130 1473 1000      12
1981101500 1 147 1472  998      15
1981101506 1 161 1470  998      15
1981101512 2 170 1460  998      20
1981101518 2 173 1440  996      20
1981101600 2 174 1425  994      20
1981101606 2 175 1415  990      20
1981101612 3 174 1407  985      25
1981101618 3 174 1401  980      25
1981101700 3 174 1393  980      25
1981101706 3 173 1387  975      25
1981101712 3 174 1381  970      25
1981101718 3 180 1376  965      30
1981101800 4 183 1367  960      35
1981101806 4 184 1359  955      35
1981101812 4 189 1348  947      35
1981101818 4 193 1339  945      40
1981101900 4 196 1326  945      40
1981101906 4 199 1316  945      40
1981101912 4 204 1305  945      40
1981101918 5 209 1296  945      45
1981102000 5 213 1289  945      45
1981102006 5 218 1287  945      45
1981102012 5 228 1284  945      45
1981102018 5 235 1285  950      45
1981102100 4 246 1290  950      40
1981102106 4 256 1295  955      40
1981102112 4 264 1304  955      35
1981102118 4 276 1320  960      35
1981102200 3 294 1338  965      30
1981102206 3 314 1365  970      30
1981102212 3 330 1395  970      25
1981102218 2 355 1425  975      20
1981102300 9 390 1470  975      20
1981102306 9 420 1540  978      15
66666 0000   16 0028 0000 0 6 (nameless)                         20110729
1981110700 0  80 1190 1008      10
1981110706 1  85 1182 1005      12
1981110712 1  91 1174 1005      12
1981110718 1  97 1167 1005      12
1981110800 1 102 1160 1005      15
1981110806 1 105 1153 1005      15
1981110812 1 108 1146 1005      15
1981110818 1 110 1138 1004      15
1981110900 1 112 1132 1003      15
1981110906 1 110 1121 1003      15
1981110912 1 102 1108 1001      15
1981110918 1  97 1100 1001      15
1981111000 1  94 1095 1001      15
1981111006 1  93 1087 1003      12
1981111012 1  97 1082 1003      12
1981111018 0 105 1080 1005      10
66666 0000   42 0029 8120 3 6 Hazen                              20110729
1981111300 0 146 1518 1008      10
1981111306 1 148 1508 1008      12
1981111312 1 151 1499 1007      12
1981111318 1 154 1492 1006      15
1981111400 1 156 1486 1004      15
1981111406 1 156 1481 1000      15
1981111412 2 156 1475  997      20
1981111418 2 155 1470  992      20
1981111500 2 154 1464  986      20
1981111506 3 147 1452  981      25
1981111512 3 140 1440  973      30
1981111518 4 137 1423  962      35
1981111600 5 135 1406  955      45
1981111606 5 134 1389  955      45
1981111612 5 137 1374  959      45
1981111618 4 140 1362  972      40
1981111700 4 144 1347  980      40
1981111706 4 146 1333  984      40
1981111712 4 148 1318  985      35
1981111718 3 151 1304  985      30
1981111800 3 150 1294  985      30
1981111806 3 147 1284  986      25
1981111812 3 144 1276  986      25
1981111818 3 141 1268  985      25
1981111900 3 139 1261  976      30
1981111906 3 137 1251  975      30
1981111912 3 135 1241  980      30
1981111918 3 134 1231  983      30
1981112000 3 133 1220  985      30
1981112006 3 133 1207  985      30
1981112012 3 138 1189  986      25
1981112018 3 142 1173  986      25
1981112100 3 144 1159  987      25
1981112106 3 154 1144  990      25
1981112112 2 160 1132  995      20
1981112118 2 164 1120  998      20
1981112200 2 172 1107  998      20
1981112206 2 183 1098  998      20
1981112212 1 194 1090 1005      15
1981112218 1 204 1095 1006      12
1981112300 1 206 1093 1006      12
1981112306 0 208 1090 1006      10
66666 0000   44 0030 8121 2 6 Irma                               20110729
1981111700 0 112 1590 1007      10
1981111706 0 114 1577 1006      10
1981111712 0 117 1565 1006      10
1981111718 0 123 1551 1006      10
1981111800 1 126 1539 1006      12
1981111806 1 128 1528 1005      12
1981111812 1 130 1516 1005      15
1981111818 1 132 1504 1005      15
1981111900 1 134 1492 1004      15
1981111906 2 136 1479 1001      20
1981111912 2 138 1469  998      20
1981111918 3 139 1456  995      25
1981112000 3 139 1447  991      25
1981112006 3 139 1438  986      25
1981112012 3 140 1428  979      25
1981112018 3 140 1416  973      30
1981112100 4 139 1404  964      35
1981112106 4 139 1394  956      35
1981112112 4 138 1383  946      40
1981112118 5 138 1370  923      50
1981112200 6 135 1358  912      55
1981112206 6 133 1344  905      60
1981112212 6 128 1329  906      65
1981112218 6 128 1313  908      70
1981112300 6 127 1298  913      65
1981112306 6 127 1283  920      65
1981112312 6 130 1263  932      60
1981112318 6 140 1248  947      60
1981112400 6 145 1235  960      55
1981112406 5 151 1219  968      50
1981112412 4 162 1208  976      40
1981112418 4 172 1195  982      35
1981112500 3 180 1192  985      30
1981112506 3 191 1195  988      25
1981112512 2 199 1199  990      20
1981112518 2 205 1205  992      20
1981112600 2 211 1214  993      20
1981112606 2 218 1226  994      20
1981112612 2 222 1235  995      20
1981112618 2 228 1248  996      20
1981112700 1 240 1262  997      15
1981112706 9 252 1286  997      15
1981112712 9 265 1323  997      12
1981112718 9 280 1360  998      12
66666 0000   23 0031 8122 0 6 Jeff                               20110729
1981112100 0 115 1526 1008      10
1981112106 0 118 1523 1006      10
1981112112 0 122 1518 1006      10
1981112118 0 126 1513 1006      10
1981112200 1 129 1508 1006      12
1981112206 1 132 1503 1006      15
1981112212 1 135 1496 1004      15
1981112218 1 138 1489 1000      15
1981112300 1 139 1481  999      15
1981112306 2 137 1469  998      20
1981112312 2 136 1455 1000      20
1981112318 2 130 1435 1000      20
1981112400 2 131 1417 1002      20
1981112406 2 132 1399 1002      20
1981112412 2 137 1378 1002      20
1981112418 2 145 1362 1002      20
1981112500 2 151 1347 1004      20
1981112506 2 160 1327 1004      20
1981112512 2 169 1308 1004      20
1981112518 2 182 1299 1004      20
1981112600 1 199 1290 1004      15
1981112606 1 225 1290 1004      15
1981112612 1 252 1315 1004      12
66666 0000   39 0032 8123 0 6 Kit                                20110729
1981121100 1  99 1477 1002      15
1981121106 2 102 1478  996      20
1981121112 2 104 1477  994      20
1981121118 3 107 1475  992      25
1981121200 3 111 1473  990      25
1981121206 3 114 1471  990      25
1981121212 3 115 1468  990      25
1981121218 3 117 1463  990      25
1981121300 3 120 1457  990      25
1981121306 3 123 1449  990      25
1981121312 3 124 1439  985      25
1981121318 3 124 1432  985      25
1981121400 3 125 1422  980      30
1981121406 3 127 1418  980      30
1981121412 4 133 1415  975      35
1981121418 4 141 1415  970      40
1981121500 5 148 1415  960      45
1981121506 5 151 1415  946      50
1981121512 5 153 1412  940      50
1981121518 5 154 1409  940      50
1981121600 5 154 1404  947      50
1981121606 5 153 1400  948      50
1981121612 5 153 1394  948      50
1981121618 5 153 1387  940      50
1981121700 6 153 1375  936      55
1981121706 6 154 1367  930      55
1981121712 6 159 1361  924      60
1981121718 6 160 1356  932      60
1981121800 6 162 1352  940      55
1981121806 5 163 1346  950      50
1981121812 5 163 1337  955      50
1981121818 5 163 1327  965      45
1981121900 4 163 1318  975      40
1981121906 4 163 1311  975      35
1981121912 3 164 1308  980      30
1981121918 3 167 1305  990      30
1981122000 3 170 1306  995      25
1981122006 3 175 1310 1000      25
1981122012 1 182 1320 1004      15
66666 0000   10 0032 8123 0 6 Kit(-)1                            20110729
1981122006 3 148 1304 1000      25
1981122012 2 140 1304 1000      20
1981122018 2 133 1300 1002      20
1981122100 1 123 1289 1005      15
1981122106 1 105 1285 1007      12
1981122112 1 100 1280 1007      12
1981122118 1  92 1275 1007      12
1981122200 1  88 1270 1007      12
1981122206 1  80 1262 1007      12
1981122212 0  70 1252 1008      10
66666 0000   27 0033 8124 0 6 Lee                                20110729
1981122218 0 100 1400 1008       9
1981122300 1 100 1380 1006      12
1981122306 1  98 1360  998      15
1981122312 2 105 1344  998      20
1981122318 2 113 1334  992      20
1981122400 3 117 1321  985      25
1981122406 3 121 1309  975      30
1981122412 4 122 1299  970      35
1981122418 4 127 1288  960      35
1981122500 4 126 1279  955      40
1981122506 5 125 1262  948      45
1981122512 5 125 1249  950      45
1981122518 4 129 1234  955      40
1981122600 4 133 1218  960      35
1981122606 3 136 1204  970      30
1981122612 3 137 1192  970      30
1981122618 3 139 1181  980      25
1981122700 3 143 1170  980      25
1981122706 3 146 1160  990      25
1981122712 3 153 1152  994      25
1981122718 2 159 1142  998      20
1981122800 2 166 1135  998      20
1981122806 2 172 1129  998      20
1981122812 1 182 1128 1000      15
1981122818 1 190 1132 1005      12
1981122900 1 196 1139 1008      12
1981122906 0 196 1139 1008      10
