66666 0000   42 0001 8201 0 6 Mimie                              20110729
1982031406 0  70 1520 1003      10
1982031412 0  75 1505 1003      10
1982031418 0  75 1490 1003      10
1982031500 1  80 1480 1003      12
1982031506 1  79 1477 1002      12
1982031512 1  78 1472 1002      12
1982031518 1  75 1465 1000      15
1982031600 2  72 1462  995      20
1982031606 3  71 1455  994      25
1982031612 3  72 1445  994      25
1982031618 3  75 1433  994      25
1982031700 3  78 1423  994      25
1982031706 3  78 1413  992      25
1982031712 3  79 1400  992      25
1982031718 3  80 1383  992      25
1982031800 3  80 1368  992      25
1982031806 3  82 1352  992      25
1982031812 3  83 1338  990      25
1982031818 3  83 1323  990      25
1982031900 3  82 1302  988      30
1982031906 3  81 1281  988      30
1982031912 3  82 1268  988      30
1982031918 3  85 1250  995      25
1982032000 2  85 1227  998      20
1982032006 2  85 1210  998      20
1982032012 2  88 1199  998      20
1982032018 2  93 1188  998      20
1982032100 1 101 1180 1000      15
1982032106 1 110 1170 1002      15
1982032112 1 113 1159 1004      15
1982032118 1 115 1150 1005      15
1982032200 1 115 1145 1005      15
1982032206 1 116 1141 1005      15
1982032212 1 117 1138 1006      15
1982032218 1 118 1135 1006      15
1982032300 1 120 1132 1006      15
1982032306 1 122 1125 1007      15
1982032312 1 123 1120 1007      15
1982032318 1 125 1116 1007      15
1982032400 1 125 1107 1008      12
1982032406 1 125 1100 1008      12
1982032412 1 120 1090 1008      12
66666 0000   53 0002 8202 0 6 Nelson                             20110729
1982031812 0  50 1580 1004      10
1982031818 1  51 1565 1004      12
1982031900 1  54 1553 1000      15
1982031906 1  59 1540  996      15
1982031912 1  63 1522  996      15
1982031918 1  68 1509  996      15
1982032000 1  68 1495  996      15
1982032006 2  69 1485  994      20
1982032012 2  70 1474  998      20
1982032018 2  73 1465  998      20
1982032100 2  76 1454  994      20
1982032106 2  78 1442  994      20
1982032112 3  80 1434  987      25
1982032118 3  81 1420  978      30
1982032200 3  83 1400  975      30
1982032206 3  84 1381  980      30
1982032212 3  87 1362  982      30
1982032218 3  90 1345  986      30
1982032300 3  90 1335  985      30
1982032306 3  91 1322  984      30
1982032312 3  92 1311  984      30
1982032318 3  93 1303  981      30
1982032400 4  95 1295  974      35
1982032406 4  98 1288  957      35
1982032412 4  98 1281  949      40
1982032418 5  99 1276  945      45
1982032500 5 100 1272  940      50
1982032506 5 102 1266  934      50
1982032512 5 103 1263  941      50
1982032518 5 105 1255  947      45
1982032600 5 106 1249  955      45
1982032606 4 107 1241  962      40
1982032612 4 108 1233  969      40
1982032618 4 110 1223  976      35
1982032700 3 114 1216  984      30
1982032706 3 115 1209  991      30
1982032712 3 118 1200  996      25
1982032718 3 121 1193  992      25
1982032800 3 124 1185  992      25
1982032806 2 128 1176  995      20
1982032812 2 132 1169  995      20
1982032818 3 139 1162  995      25
1982032900 3 146 1155  995      25
1982032906 3 153 1152  994      25
1982032912 3 157 1156  991      25
1982032918 2 149 1151  994      20
1982033000 2 143 1146  994      20
1982033006 1 138 1141  998      15
1982033012 1 137 1139  998      15
1982033018 1 137 1137  998      15
1982033100 1 135 1135  998      15
1982033106 1 135 1132 1000      15
1982033112 1 132 1128 1004      12
66666 0000   25 0003 0000 0 6 Odessa                             20110729
1982032906 1  64 1556  993      15
1982032912 2  72 1553  992      20
1982032918 2  77 1563  990      20
1982033000 2  80 1577  988      20
1982033006 3  83 1589  987      25
1982033012 3  87 1601  985      25
1982033018 3  88 1612  987      25
1982033100 3  89 1622  988      25
1982033106 3  90 1630  990      25
1982033112 3  93 1635  989      25
1982033118 3  98 1637  988      25
1982040100 3 102 1637  988      25
1982040106 3 104 1632  987      25
1982040112 3 107 1625  987      25
1982040118 3 108 1620  986      25
1982040200 3 110 1614  984      30
1982040206 4 116 1608  978      35
1982040212 4 121 1603  973      35
1982040218 4 127 1601  964      40
1982040300 4 132 1599  975      35
1982040306 3 135 1592  994      25
1982040312 1 133 1583 1000      15
1982040318 1 131 1572 1002      12
1982040400 0 130 1558 1004      10
1982040406 0 130 1545 1006      10
66666 0000   33 0004 8203 0 6 Pat                                20110729
1982051600 1  90 1385 1006      12
1982051606 1  92 1375 1006      12
1982051612 1  97 1365 1006      12
1982051618 1 101 1353 1006      15
1982051700 1 105 1343 1006      15
1982051706 1 109 1332 1004      15
1982051712 1 110 1319 1004      15
1982051718 1 111 1300 1002      15
1982051800 2 112 1284  998      20
1982051806 2 114 1276  993      20
1982051812 3 122 1265  988      25
1982051818 3 137 1257  981      25
1982051900 3 146 1255  974      25
1982051906 3 152 1250  967      30
1982051912 4 162 1243  960      35
1982051918 4 170 1241  953      40
1982052000 5 178 1242  946      45
1982052006 5 186 1247  944      50
1982052012 5 193 1251  945      50
1982052018 5 198 1258  946      50
1982052100 5 203 1269  947      50
1982052106 5 209 1280  947      50
1982052112 5 218 1291  955      45
1982052118 4 227 1311  965      40
1982052200 4 237 1333  974      35
1982052206 4 250 1355  983      35
1982052212 3 259 1377  990      30
1982052218 3 267 1406  992      25
1982052300 2 278 1434  994      20
1982052306 1 298 1465  998      15
1982052312 9 310 1500 1002      12
1982052318 9 320 1530 1006      10
1982052400 9 330 1560 1010      10
66666 0000   40 0005 8204 0 6 Ruby                               20110729
1982061818 0  96 1473 1006      10
1982061900 0  97 1458 1006      10
1982061906 0  98 1442 1006      10
1982061912 1  99 1430 1004      12
1982061918 1  97 1419 1004      12
1982062000 1  96 1410 1004      12
1982062006 1  96 1400 1002      15
1982062012 1  99 1395 1002      15
1982062018 1  98 1390 1000      15
1982062100 1  97 1392  998      15
1982062106 2  98 1395  995      20
1982062112 2  99 1400  995      20
1982062118 2 101 1408  995      20
1982062200 2 109 1420  995      20
1982062206 2 125 1428  995      20
1982062212 2 135 1431  995      20
1982062218 2 145 1433  992      20
1982062300 3 152 1434  992      25
1982062306 3 158 1434  988      30
1982062312 3 162 1430  988      30
1982062318 3 168 1423  988      30
1982062400 3 173 1418  988      30
1982062406 3 183 1415  988      30
1982062412 3 190 1412  987      30
1982062418 3 202 1408  984      30
1982062500 3 212 1401  982      30
1982062506 4 228 1396  978      35
1982062512 4 239 1396  977      35
1982062518 4 258 1395  977      35
1982062600 4 278 1398  977      35
1982062606 4 296 1405  969      35
1982062612 3 318 1415  972      30
1982062618 3 345 1421  972      30
1982062700 3 365 1433  975      30
1982062706 9 380 1441  980      25
1982062712 9 396 1449  982      20
1982062718 9 417 1455  984      15
1982062800 9 427 1449  986      15
1982062806 9 435 1444  990      15
1982062812 9 442 1439  996      15
66666 0000   27 0006 8205 0 6 Tess                               20110729
1982062512 0 200 1138 1001      10
1982062518 0 200 1145 1001      10
1982062600 0 191 1150 1001      10
1982062606 1 185 1140 1000      12
1982062612 1 175 1135 1000      12
1982062618 1 170 1132  997      15
1982062700 1 164 1134  997      15
1982062706 2 162 1138  995      20
1982062712 2 164 1141  994      20
1982062718 2 170 1141  993      20
1982062800 2 176 1140  992      20
1982062806 2 177 1132  992      20
1982062812 2 172 1126  990      20
1982062818 2 178 1130  990      20
1982062900 2 183 1131  988      20
1982062906 2 189 1128  988      20
1982062912 2 196 1122  988      20
1982062918 2 201 1121  988      20
1982063000 2 206 1128  990      20
1982063006 2 211 1134  990      20
1982063012 1 212 1141  994      15
1982063018 1 215 1147  995      15
1982070100 1 218 1152  995      15
1982070106 1 220 1157  995      12
1982070112 1 220 1164  996      12
1982070118 0 219 1171  996      10
1982070200 0 218 1184  996      10
66666 0000   16 0007 8206 0 6 Skip                               20110729
1982062800 0 192 1280 1001      10
1982062806 0 195 1286 1001      10
1982062812 1 201 1294 1000      12
1982062818 1 210 1302 1000      12
1982062900 1 218 1310 1000      15
1982062906 2 225 1325  998      20
1982062912 2 229 1340  998      20
1982062918 2 235 1355  996      20
1982063000 3 240 1370  991      25
1982063006 3 251 1391  992      25
1982063012 3 261 1411  992      25
1982063018 3 270 1433  992      25
1982070100 2 285 1460  996      20
1982070106 2 299 1492  996      20
1982070112 2 312 1525  998      20
1982070118 1 330 1555 1000      15
66666 0000   12 0008 8207 0 6 Val                                20110729
1982070206 1 218 1219  993      15
1982070212 1 230 1240  993      15
1982070218 1 240 1256  993      15
1982070300 2 250 1279  990      20
1982070306 3 262 1299  987      25
1982070312 3 272 1322  987      25
1982070318 3 283 1347  985      25
1982070400 2 290 1370  990      20
1982070406 2 291 1392  993      20
1982070412 2 293 1423  995      20
1982070418 1 300 1450 1000      15
1982070500 1 300 1475 1002      12
66666 0000   36 0009 8208 0 6 Winona                             20110729
1982070906 0  90 1478 1008      10
1982070912 0 101 1460 1008      10
1982070918 0  90 1445 1008      10
1982071000 0  74 1435 1008      10
1982071006 0  80 1424 1008      10
1982071012 0  92 1410 1008      10
1982071018 0 100 1405 1008      10
1982071100 1 103 1397 1006      12
1982071106 0 108 1388 1008      10
1982071112 0 115 1380 1008      10
1982071118 0 120 1365 1008      10
1982071200 0 120 1350 1008      10
1982071206 1 125 1340 1006      12
1982071212 1 120 1329 1005      15
1982071218 1 121 1318 1003      15
1982071300 1 128 1308 1001      15
1982071306 1 135 1300 1000      15
1982071312 1 135 1290  999      15
1982071318 1 139 1278  996      15
1982071400 2 144 1270  990      20
1982071406 2 147 1258  988      20
1982071412 3 148 1245  985      25
1982071418 3 152 1234  985      25
1982071500 3 153 1223  985      25
1982071506 3 157 1213  985      25
1982071512 3 162 1202  985      25
1982071518 3 168 1190  985      25
1982071600 3 178 1170  988      25
1982071606 3 188 1152  985      25
1982071612 3 196 1135  985      25
1982071618 2 201 1122  990      20
1982071700 2 204 1112  990      20
1982071706 2 209 1103  992      20
1982071712 2 213 1093  992      20
1982071718 1 219 1080  998      12
1982071800 0 223 1063 1001       9
66666 0000   33 0010 8209 0 6 Andy                               20110729
1982072112 1 120 1465 1003      12
1982072118 1 118 1460 1001      15
1982072200 2 115 1455  999      20
1982072206 2 117 1450  995      20
1982072212 3 117 1447  992      25
1982072218 3 117 1444  989      25
1982072300 3 120 1445  985      25
1982072306 3 120 1441  983      25
1982072312 3 120 1436  987      25
1982072318 3 125 1433  989      25
1982072400 3 133 1431  985      30
1982072406 3 137 1426  983      30
1982072412 4 143 1420  982      35
1982072418 4 150 1415  979      35
1982072500 4 158 1407  976      35
1982072506 4 170 1397  974      40
1982072512 4 177 1384  973      40
1982072518 4 181 1370  971      40
1982072600 4 184 1351  966      40
1982072606 5 184 1334  958      45
1982072612 5 185 1320  950      50
1982072618 5 189 1302  946      50
1982072700 5 194 1295  944      50
1982072706 6 198 1280  930      55
1982072712 6 202 1267  915      55
1982072718 6 205 1255  925      55
1982072800 6 209 1246  935      55
1982072806 6 213 1238  935      55
1982072812 6 220 1226  935      55
1982072818 5 225 1218  945      50
1982072900 4 234 1203  965      40
1982072906 4 238 1194  970      35
1982072912 2 246 1193  980      20
66666 0000   16 0010 8209 0 6 Andy(-)1                           20110729
1982072900 4 243 1210  965      40
1982072906 3 250 1203  975      30
1982072912 3 251 1197  980      25
1982072918 2 257 1187  980      20   30
1982073000 1 264 1182  985      15   25
1982073006 1 270 1170  990      15   20
1982073012 1 279 1162  990      15
1982073018 1 288 1160  992      12
1982073100 1 304 1154  993      12
1982073106 1 313 1137  995      12
1982073112 0 316 1136  995      10
1982073118 0 319 1138  996      10
1982080100 0 320 1139  996      10
1982080106 0 323 1141  996      10
1982080112 0 324 1143  997      10
1982080118 0 326 1146  998      10
66666 0000   60 0011 8210 0 6 Bess                               20110729
1982072206 1 120 1620 1006      12
1982072212 1 120 1610 1004      15
1982072218 1 125 1605 1002      15
1982072300 1 132 1602 1000      15
1982072306 1 137 1598 1000      15
1982072312 1 144 1587  995      15
1982072318 2 149 1579  990      20
1982072400 2 157 1569  986      20
1982072406 3 165 1565  981      25
1982072412 3 166 1557  976      25
1982072418 3 168 1548  971      30
1982072500 3 169 1540  967      30
1982072506 4 170 1531  963      35
1982072512 4 169 1525  960      35
1982072518 4 165 1522  957      40
1982072600 4 162 1520  955      40
1982072606 4 158 1519  952      40
1982072612 5 158 1516  949      45
1982072618 5 157 1514  950      45
1982072700 5 155 1510  949      45
1982072706 5 154 1505  948      45
1982072712 5 153 1502  948      45
1982072718 5 158 1502  948      45
1982072800 5 170 1496  948      45
1982072806 5 182 1483  943      45
1982072812 5 190 1470  936      45
1982072818 5 198 1456  913      50
1982072900 6 205 1446  901      65
1982072906 6 214 1435  904      65
1982072912 6 223 1422  907      65
1982072918 6 228 1412  911      65
1982073000 6 232 1402  916      65
1982073006 6 240 1394  924      65
1982073012 6 247 1386  933      60
1982073018 6 250 1381  937      55
1982073100 5 253 1379  941      50
1982073106 5 261 1377  946      50
1982073112 5 271 1375  951      45
1982073118 4 280 1373  955      40
1982080100 4 291 1371  959      35
1982080106 4 310 1370  966      35
1982080112 3 330 1369  970      30
1982080118 3 360 1371  974      25
1982080200 2 382 1365  985      20
1982080206 2 400 1360  990      20
1982080212 1 400 1360  992      15
1982080218 1 403 1361  996      12
1982080300 1 406 1362 1000      12
1982080306 0 402 1372 1000      10
1982080312 0 410 1397 1002      10
1982080318 0 418 1418 1002      10
1982080400 0 420 1443 1002      10
1982080406 0 413 1453 1002      10
1982080412 0 405 1462 1002      10
1982080418 0 402 1472 1002      10
1982080500 0 398 1482 1002      10
1982080506 0 402 1490 1002      10
1982080512 0 406 1498 1004       9
1982080518 0 411 1505 1005       9
1982080600 0 417 1512 1006       9
66666 0000   72 0012 8211 0 6 Cecil                              20110729
1982080106 0 130 1445 1006       9   12
1982080112 0 135 1435 1006       9   12
1982080118 0 137 1428 1006       9   12
1982080200 0 140 1420 1006       9   12
1982080206 0 148 1415 1006       9   12
1982080212 0 155 1405 1006       9   12
1982080218 0 165 1392 1006       9   12
1982080300 0 175 1375 1006      10
1982080306 0 180 1355 1006      10
1982080312 0 175 1335 1006      10
1982080318 1 180 1320 1004      12
1982080400 1 185 1305 1004      12
1982080406 1 190 1290 1003      12
1982080412 1 194 1285 1003      12
1982080418 1 198 1276 1003      12
1982080500 1 201 1271 1000      12
1982080506 1 204 1265  998      15
1982080512 1 203 1258  996      15
1982080518 1 206 1250  995      15
1982080600 2 204 1244  992      20
1982080606 2 200 1246  987      20
1982080612 3 204 1244  983      25
1982080618 3 206 1242  977      25
1982080700 3 209 1241  971      30
1982080706 4 209 1239  957      35
1982080712 5 210 1238  939      45
1982080718 5 210 1234  927      50
1982080800 6 214 1234  924      55
1982080806 6 219 1233  917      60
1982080812 6 223 1234  920      60
1982080818 6 229 1236  923      60
1982080900 6 239 1238  925      60
1982080906 6 248 1237  931      60
1982080912 6 254 1236  936      55
1982080918 5 259 1231  938      50
1982081000 5 262 1230  942      45
1982081006 5 267 1232  945      45
1982081012 4 271 1232  950      40
1982081018 4 275 1234  955      35
1982081100 4 277 1234  955      35
1982081106 4 278 1237  960      35
1982081112 4 285 1242  965      35
1982081118 4 290 1240  965      35
1982081200 3 297 1239  970      30
1982081206 3 303 1240  970      30
1982081212 3 312 1240  970      30
1982081218 3 322 1240  975      25
1982081300 3 333 1237  980      25
1982081306 3 345 1233  980      25
1982081312 3 354 1230  985      25
1982081318 3 363 1227  985      25
1982081400 2 374 1230  990      20
1982081406 2 380 1233  992      20
1982081412 2 382 1242  995      20
1982081418 1 387 1256 1000      15
1982081500 1 395 1280 1004      15
1982081506 1 396 1305 1004      15
1982081512 1 392 1322 1004      15
1982081518 1 387 1338 1004      15
1982081600 9 380 1352 1004      12
1982081606 9 378 1357 1004      12
1982081612 9 375 1359 1004      12
1982081618 9 372 1360 1005      12
1982081700 9 365 1360 1006      10
1982081706 9 358 1351 1006      10
1982081712 9 350 1343 1008       9
1982081718 9 339 1341 1008       9
1982081800 9 329 1343 1008       9
1982081806 9 327 1346 1009       9
1982081812 9 326 1350 1010       9
1982081818 9 327 1356 1010       9
1982081900 9 329 1361 1010       9
66666 0000   35 0013 8212 0 6 Dot                                20110729
1982080800 1  82 1536 1005      12
1982080806 1  90 1522 1005      12
1982080812 1  95 1510 1003      12
1982080818 1 103 1500 1002      12
1982080900 1 108 1489 1000      15
1982080906 1 110 1471 1000      15
1982080912 2 112 1448  998      20
1982080918 2 115 1430  998      20
1982081000 2 113 1410  996      20
1982081006 3 112 1396  990      25
1982081012 3 121 1380  985      25
1982081018 3 125 1368  980      30
1982081100 4 131 1356  977      35
1982081106 4 137 1345  971      35
1982081112 4 142 1333  976      35
1982081118 4 148 1325  986      35
1982081200 3 158 1316  987      30
1982081206 3 165 1310  990      25
1982081212 3 175 1300  992      25
1982081218 3 183 1290  990      25
1982081300 3 190 1279  987      25
1982081306 3 199 1270  987      25
1982081312 3 205 1258  987      25
1982081318 3 210 1249  986      25
1982081400 3 213 1241  986      25
1982081406 3 215 1231  988      30
1982081412 3 219 1223  988      30
1982081418 3 223 1212  988      30
1982081500 3 231 1199  990      25
1982081506 2 234 1190  992      20
1982081512 2 239 1178  995      20
1982081518 1 240 1160 1000      12
1982081600 0 240 1160 1000      10
1982081606 0 245 1145 1000      10
1982081612 0 252 1152 1002       9
66666 0000   53 0014 8213 1 6 Ellis                              20110729
1982081700 0  95 1535 1006      10
1982081706 0  85 1530 1005      10
1982081712 0  82 1525 1005      10
1982081718 0  80 1518 1005      10
1982081800 1  80 1511 1003      12
1982081806 1  83 1502 1003      12
1982081812 1  90 1490 1003      15
1982081818 1  93 1476 1003      15
1982081900 1  98 1462 1002      15
1982081906 1 100 1450 1002      15
1982081912 2 102 1442 1000      20
1982081918 2 109 1432  988      20
1982082000 3 116 1422  986      25
1982082006 3 123 1412  983      30
1982082012 3 126 1404  979      30
1982082018 3 133 1396  977      30
1982082100 4 139 1390  969      35
1982082106 4 144 1384  966      35
1982082112 4 150 1378  959      40
1982082118 4 158 1372  954      40
1982082200 5 162 1367  943      45
1982082206 6 167 1362  931      55
1982082212 6 174 1357  923      60
1982082218 6 183 1355  912      65
1982082300 6 192 1351  915      65
1982082306 6 202 1345  920      60
1982082312 6 213 1341  923      60
1982082318 6 221 1334  928      60
1982082400 6 229 1329  932      60
1982082406 6 237 1325  936      60
1982082412 6 244 1321  940      55
1982082418 5 253 1319  944      50
1982082500 5 261 1311  947      45
1982082506 5 270 1308  946      45
1982082512 4 274 1304  948      40
1982082518 4 282 1304  952      40
1982082600 4 289 1305  955      40
1982082606 4 298 1308  955      40
1982082612 4 307 1312  955      40
1982082618 4 318 1315  955      35
1982082700 3 335 1316  965      30
1982082706 3 359 1318  970      25
1982082712 3 383 1315  970      25
1982082718 3 400 1315  980      25
1982082800 3 420 1305  980      25
1982082806 2 440 1300  980      20
1982082812 2 456 1292  985      20
1982082818 9 468 1298  987      15
1982082900 9 475 1300  987      15
1982082906 9 475 1300  988      12
1982082912 9 490 1320  990      12
1982082918 9 508 1349  992      12
1982083000 9 526 1378  996      12
66666 0000   63 0015 8214 0 6 Faye                               20110729
1982081900 0 119 1277 1005      10
1982081906 0 119 1266 1005      10
1982081912 0 115 1259 1005      10
1982081918 0 110 1250 1005      10
1982082000 0 113 1240 1005      10
1982082006 0 116 1232 1005      10
1982082012 0 119 1227 1005      10
1982082018 1 118 1216 1004      12
1982082100 1 122 1208 1002      15
1982082106 1 120 1200 1002      15
1982082112 1 122 1194 1002      15
1982082118 1 122 1194 1000      15
1982082200 1 122 1194  998      15
1982082206 2 125 1194  990      20
1982082212 3 128 1193  983      25
1982082218 3 128 1189  975      30
1982082300 3 128 1189  970      30
1982082306 4 128 1188  965      35
1982082312 4 128 1188  962      35
1982082318 4 130 1190  961      40
1982082400 4 133 1193  960      40
1982082406 4 141 1195  960      35
1982082412 4 151 1197  965      35
1982082418 3 159 1197  970      30
1982082500 3 172 1203  976      25
1982082506 2 183 1201  985      20
1982082512 2 189 1200  988      20
1982082518 2 195 1202  990      20
1982082600 2 199 1205  990      20
1982082606 2 205 1213  994      20
1982082612 2 211 1219  998      20
1982082618 1 215 1230  998      15
1982082700 1 218 1240  998      15
1982082706 1 225 1253  998      15
1982082712 1 231 1270 1002      12
1982082718 1 235 1280 1002      12
1982082800 1 240 1295  995      15
1982082806 2 242 1308  995      20
1982082812 3 242 1315  985      25
1982082818 3 241 1320  980      25
1982082900 3 244 1322  980      30
1982082906 3 246 1323  980      30
1982082912 3 244 1322  983      25
1982082918 3 241 1322  988      25
1982083000 3 237 1321  992      25
1982083006 2 233 1319  995      20
1982083012 2 231 1319  995      20
1982083018 2 230 1320  995      20
1982083100 2 228 1318  996      20
1982083106 2 230 1316  998      20
1982083112 1 230 1311  998      15
1982083118 1 230 1304  998      15
1982090100 1 230 1297 1000      12
1982090106 1 228 1288 1000      12
1982090112 1 229 1280 1000      12
1982090118 1 229 1270 1000      12
1982090200 1 230 1260 1000      12
1982090206 1 225 1247 1000      12
1982090212 1 222 1236 1002      12
1982090218 1 220 1228 1002      12
1982090300 1 215 1218 1002      12
1982090306 0 208 1206 1003      10
1982090312 0 199 1187 1004      10
66666 0000   58 0016 8215 1 6 Gordon                             20110729
1982082606 0 130 1580 1006      10
1982082612 0 130 1570 1006      10
1982082618 1 148 1552 1004      12
1982082700 1 145 1539 1000      15
1982082706 1 155 1524  995      15
1982082712 2 164 1515  989      20
1982082718 3 169 1510  983      25
1982082800 3 176 1506  977      30
1982082806 3 186 1505  973      30
1982082812 4 200 1507  964      35
1982082818 4 211 1506  956      35
1982082900 4 222 1502  950      40
1982082906 4 232 1500  946      40
1982082912 5 241 1495  945      45
1982082918 5 245 1490  945      45
1982083000 5 250 1485  945      45
1982083006 5 256 1480  945      45
1982083012 5 262 1477  945      45
1982083018 5 264 1473  946      45
1982083100 5 267 1467  947      45
1982083106 5 270 1462  947      45
1982083112 5 269 1458  948      45
1982083118 5 269 1451  949      45
1982090100 5 270 1447  950      45
1982090106 5 270 1439  950      45
1982090112 5 270 1432  954      45
1982090118 5 273 1425  958      45
1982090200 4 275 1416  960      40
1982090206 4 276 1410  960      40
1982090212 4 279 1403  963      35
1982090218 4 282 1398  968      35
1982090300 4 287 1395  969      35
1982090306 4 292 1393  965      35
1982090312 4 296 1396  968      35
1982090318 4 300 1401  966      35
1982090400 4 310 1412  963      35
1982090406 4 318 1427  965      35
1982090412 4 330 1445  966      35
1982090418 4 340 1460  970      35
1982090500 4 355 1480  970      35
1982090506 3 370 1490  970      30
1982090512 3 387 1500  970      30
1982090518 3 402 1510  975      30
1982090600 9 418 1520  980      30
1982090606 9 435 1530  980      30
1982090612 9 457 1550  980      25
1982090618 9 465 1560  982      25
1982090700 9 473 1570  984      25
1982090706 9 481 1590  984      25
1982090712 9 488 1610  984      25
1982090718 9 490 1641  984      25
1982090800 9 493 1673  984      25
1982090806 9 497 1721  990      20
1982090812 9 502 1770  996      20
1982090818 9 499 1819  997      15
1982090900 9 496 1868  998      12
1982090906 9 514 1910  998      12
1982090912 9 532 1952  998      12
66666 0000   13 0017 8216 1 6 Hope                               20110729
1982090400 1 170 1180 1002      15
1982090406 1 170 1180 1000      15
1982090412 2 170 1180  998      20
1982090418 2 168 1171  996      20
1982090500 3 165 1160  990      25
1982090506 3 165 1149  990      25
1982090512 3 166 1138  985      25
1982090518 3 165 1125  985      25
1982090600 3 161 1110  985      25
1982090606 3 159 1100  985      25
1982090612 3 157 1090  984      30
1982090618 2 155 1075  990      20
1982090700 1 156 1062  995      15
66666 0000   51 0018 8218 2 6 Judy                               20110729
1982090400 1 120 1470 1002      12
1982090406 1 121 1467 1002      15
1982090412 1 121 1460 1002      15
1982090418 1 129 1450 1002      15
1982090500 1 135 1440 1002      15
1982090506 1 130 1436 1000      15
1982090512 1 128 1440 1000      15
1982090518 2 127 1442  998      20
1982090600 2 130 1436  994      20
1982090606 2 132 1431  992      20
1982090612 2 135 1426  991      20
1982090618 3 141 1421  988      25
1982090700 3 145 1416  987      25
1982090706 3 150 1407  985      30
1982090712 3 158 1399  982      30
1982090718 3 167 1386  980      30
1982090800 3 174 1377  975      30
1982090806 4 182 1369  970      35
1982090812 4 193 1362  966      35
1982090818 4 206 1353  960      40
1982090900 5 216 1345  956      45
1982090906 5 226 1338  958      45
1982090912 5 232 1336  961      45
1982090918 4 239 1333  964      40
1982091000 4 248 1337  965      35
1982091006 4 255 1341  966      35
1982091012 4 260 1344  967      35
1982091018 4 264 1348  966      35
1982091100 4 269 1353  965      35
1982091106 4 277 1359  966      35
1982091112 4 284 1363  965      35
1982091118 4 296 1368  967      35
1982091200 4 316 1372  966      35
1982091206 3 336 1377  971      30
1982091212 9 355 1390  978      30
1982091218 9 391 1404  984      25
1982091300 9 417 1422  986      20
1982091306 9 443 1441  986      20
1982091312 9 470 1460  986      20
1982091318 9 484 1482  986      20
1982091400 9 498 1505  986      20
1982091406 9 503 1528  983      20
1982091412 9 508 1550  980      25
1982091418 9 500 1584  985      25
1982091500 9 491 1619  990      25
1982091506 9 481 1667  993      20
1982091512 9 459 1716  996      20
1982091518 9 462 1783  992      20
1982091600 9 466 1850  988      20
1982091606 9 472 1878  986      20
1982091612 9 478 1907  984      20
66666 0000   44 0019 8217 0 6 Irving                             20110729
1982090506 1 133 1322 1000      15
1982090512 1 135 1315 1000      15
1982090518 1 136 1297 1000      15
1982090600 1 138 1292  998      15
1982090606 2 137 1286  996      20
1982090612 2 135 1281  994      20
1982090618 3 133 1275  990      25
1982090700 3 132 1270  990      25
1982090706 3 131 1265  985      25
1982090712 3 130 1261  985      30
1982090718 3 130 1256  985      30
1982090800 3 131 1251  983      30
1982090806 3 131 1242  983      30
1982090812 3 132 1238  983      30
1982090818 3 134 1230  986      25
1982090900 3 135 1223  986      25
1982090906 3 138 1216  986      25
1982090912 3 144 1205  990      25
1982090918 3 147 1197  990      25
1982091000 3 149 1190  990      25
1982091006 3 151 1182  984      25
1982091012 3 154 1175  980      30
1982091018 3 155 1168  980      30
1982091100 3 157 1162  980      30
1982091106 3 159 1156  975      30
1982091112 3 160 1151  975      30
1982091118 4 163 1147  970      35
1982091200 4 164 1141  960      35
1982091206 4 168 1139  947      40
1982091212 4 171 1135  950      40
1982091218 4 174 1133  955      40
1982091300 4 177 1131  955      40
1982091306 4 180 1128  955      40
1982091312 4 185 1126  960      40
1982091318 4 189 1124  960      40
1982091400 4 192 1121  960      40
1982091406 4 195 1120  960      40
1982091412 4 197 1114  960      40
1982091418 4 201 1108  960      40
1982091500 4 204 1102  965      35
1982091506 4 207 1095  970      40
1982091512 4 213 1088  975      40
1982091518 3 215 1079  980      30
1982091600 1 220 1074  995      15
66666 0000   50 0020 8219 0 6 Ken                                20110729
1982091406 1 165 1395 1004      12
1982091412 1 165 1395 1004      12
1982091418 1 164 1380 1004      12
1982091500 1 166 1370 1004      12
1982091506 1 168 1359 1004      12
1982091512 1 171 1347 1004      12
1982091518 1 173 1336 1004      12
1982091600 1 176 1328 1002      15
1982091606 1 178 1322 1000      15
1982091612 2 179 1318  996      20
1982091618 2 181 1310  994      20
1982091700 3 185 1302  992      25
1982091706 3 187 1300  983      25
1982091712 3 189 1295  970      25
1982091718 3 192 1289  959      30
1982091800 4 198 1284  947      40
1982091806 5 200 1275  938      50
1982091812 5 200 1275  943      50
1982091818 5 205 1265  946      50
1982091900 5 205 1259  955      45
1982091906 5 206 1252  950      45
1982091912 5 207 1249  946      50
1982091918 5 208 1246  943      50
1982092000 6 209 1243  941      55
1982092006 6 210 1241  936      55
1982092012 6 210 1243  942      55
1982092018 5 210 1244  947      50
1982092100 5 211 1247  953      45
1982092106 5 215 1247  953      45
1982092112 5 214 1248  955      45
1982092118 4 216 1250  960      40
1982092200 4 222 1252  966      35
1982092206 4 226 1256  966      35
1982092212 4 230 1261  966      35
1982092218 4 235 1266  966      35
1982092300 4 240 1275  966      35
1982092306 4 247 1282  966      35
1982092312 4 258 1292  964      35
1982092318 4 267 1301  967      35
1982092400 4 277 1308  970      35
1982092406 4 293 1317  970      35
1982092412 4 311 1323  970      35
1982092418 3 331 1326  975      30
1982092500 2 354 1324  985      20
1982092506 1 369 1327  992      15
1982092512 1 377 1334  994      15
1982092518 1 385 1344  995      15
1982092600 1 393 1354  996      12
1982092606 0 408 1378  997      10
1982092612 0 424 1403  998      10
66666 0000   22 0021 0000 1 6 Lola                               20110729
1982091506 1 230 1675 1002      15
1982091512 1 240 1663 1002      15
1982091518 1 244 1644 1002      15
1982091600 1 248 1635 1002      15
1982091606 1 253 1625 1000      15
1982091612 1 257 1613 1000      15
1982091618 1 262 1603 1000      15
1982091700 2 275 1593  996      20
1982091706 2 281 1593  992      20
1982091712 2 287 1595  990      20
1982091718 2 300 1596  990      20
1982091800 2 311 1596  990      20
1982091806 2 325 1610  990      20
1982091812 2 337 1634  990      20
1982091818 2 345 1662  990      20
1982091900 2 358 1700  990      20
1982091906 1 371 1736  992      15
1982091912 9 384 1773  992      15
1982091918 9 396 1816  992      15
1982092000 9 408 1860  996      20
1982092006 9 428 1899  995      20
1982092012 9 448 1937  994      20
66666 0000   20 0022 0000 0 6 (nameless)                         20110729
1982091712 1 200 1500 1008      12
1982091718 1 202 1492 1008      12
1982091800 1 204 1482 1008      12
1982091806 1 202 1476 1006      12
1982091812 1 200 1470 1006      12
1982091818 1 190 1460 1006      12
1982091900 1 179 1447 1006      12
1982091906 1 170 1440 1006      12
1982091912 1 165 1430 1006      12
1982091918 1 168 1421 1006      12
1982092000 1 171 1412 1004      15
1982092006 1 173 1403 1004      15
1982092012 1 180 1395 1004      15
1982092018 1 179 1388 1004      15
1982092100 1 178 1380 1002      15
1982092106 1 185 1375 1002      15
1982092112 1 191 1375 1004      12
1982092118 1 202 1373 1006      12
1982092200 1 214 1368 1006      12
1982092206 1 220 1360 1006      12
66666 0000   38 0023 8220 1 6 Mac                                20110729
1982100106 0 110 1510 1003      10
1982100112 0 115 1503 1003      10
1982100118 1 118 1492 1002      12
1982100200 1 120 1485 1000      15
1982100206 2 124 1475  993      20
1982100212 2 126 1465  993      20
1982100218 3 126 1455  982      25
1982100300 3 129 1446  970      30
1982100306 4 133 1437  961      35
1982100312 4 137 1430  954      40
1982100318 4 141 1421  954      40
1982100400 5 145 1414  940      45
1982100406 5 151 1407  919      50
1982100412 6 155 1400  908      60
1982100418 6 158 1390  895      70
1982100500 6 162 1383  895      70
1982100506 6 168 1377  904      70
1982100512 6 173 1369  913      65
1982100518 6 178 1361  917      60
1982100600 6 185 1358  919      60
1982100606 6 195 1356  921      60
1982100612 6 203 1354  913      60
1982100618 6 212 1352  910      60
1982100700 6 220 1353  919      60
1982100706 6 233 1356  922      55
1982100712 6 246 1360  925      55
1982100718 5 261 1366  929      50
1982100800 5 276 1374  937      45
1982100806 5 298 1387  948      45
1982100812 4 317 1400  952      40
1982100818 4 338 1428  957      35
1982100900 4 345 1446  962      35
1982100906 3 350 1463  970      25
1982100912 3 354 1481  974      25
1982100918 2 352 1500  980      20
1982101000 9 348 1520  996      20
1982101006 9 340 1538 1000      20
1982101012 9 335 1560 1004      15
66666 0000   38 0024 8221 0 6 Nancy                              20110729
1982101000 0 135 1485 1008      10
1982101006 1 140 1465 1006      12
1982101012 1 146 1447 1004      12
1982101018 1 150 1432 1004      12
1982101100 1 156 1416 1002      15
1982101106 2 162 1399  998      20
1982101112 2 159 1385  998      20
1982101118 2 158 1371  998      20
1982101200 2 159 1356  998      20
1982101206 3 159 1343  988      25
1982101212 3 160 1329  982      30
1982101218 3 161 1314  977      30
1982101300 3 164 1305  975      30
1982101306 4 167 1295  970      35
1982101312 4 171 1281  965      40
1982101318 5 176 1265  953      45
1982101400 5 177 1250  947      50
1982101406 6 178 1236  939      55
1982101412 6 176 1223  933      55
1982101418 5 177 1210  953      45
1982101500 4 176 1197  967      40
1982101506 4 175 1183  981      35
1982101512 4 173 1172  983      35
1982101518 4 171 1160  976      35
1982101600 4 168 1146  972      35
1982101606 4 168 1134  970      40
1982101612 5 170 1122  965      45
1982101618 5 171 1109  960      45
1982101700 5 176 1100  965      45
1982101706 5 179 1089  965      45
1982101712 4 186 1078  970      40
1982101718 4 189 1070  970      40
1982101800 4 190 1060  970      40
1982101806 4 190 1054  975      35
1982101812 3 190 1054  985      25
1982101818 1 186 1046  995      15
1982101900 1 170 1030 1003      12
1982101906 0 160 1025 1005      10
66666 0000   16 0025 0000 0 6 (nameless)                         20110729
1982101312 1 216 1367 1008      12
1982101318 1 225 1353 1008      12
1982101400 1 230 1330 1008      12
1982101406 1 235 1320 1008      12
1982101412 1 238 1313 1008      12
1982101418 1 240 1301 1008      12
1982101500 1 241 1289 1006      15
1982101506 1 240 1281 1006      15
1982101512 0 240 1281 1008      10
1982101518 0 234 1282 1008      10
1982101600 1 231 1284 1008      12   20
1982101606 1 225 1286 1008      12   20
1982101612 0 217 1287 1010      10
1982101618 0 208 1287 1010      10
1982101700 0 200 1286 1010      10
1982101706 0 194 1282 1010      10
66666 0000   17 0026 0000 3 6 (nameless)                         20110729
1982101400 0 165 1435 1007      10
1982101406 0 175 1416 1007      10
1982101412 0 178 1401 1007      10
1982101418 0 182 1392 1007      10
1982101500 1 189 1385 1005      12
1982101506 1 186 1380 1005      12
1982101512 1 188 1365 1005      12
1982101518 1 195 1355 1004      15
1982101600 1 195 1355 1002      15
1982101606 1 208 1358 1002      15
1982101612 1 205 1363 1002      15
1982101618 1 212 1368 1002      15
1982101700 1 218 1358 1002      15
1982101706 1 220 1352 1002      15
1982101712 1 220 1350 1002      15
1982101718 1 215 1344 1002      15
1982101800 1 210 1340 1002      15
66666 0000   55 0027 8222 0 6 Owen                               20110729
1982101500 1 112 1579 1005      15
1982101506 1 125 1560 1003      15
1982101512 1 131 1548 1001      15
1982101518 1 136 1536  999      15
1982101600 2 144 1523  997      20
1982101606 2 151 1507  995      20
1982101612 2 155 1496  995      20
1982101618 3 159 1488  992      25
1982101700 3 163 1480  992      25
1982101706 3 166 1475  990      25
1982101712 3 166 1469  988      25
1982101718 3 169 1463  985      30
1982101800 3 171 1454  984      30
1982101806 3 172 1447  981      30
1982101812 3 173 1442  978      30
1982101818 4 180 1437  972      35
1982101900 4 188 1436  966      35
1982101906 4 200 1435  964      35
1982101912 4 210 1433  954      40
1982101918 4 221 1433  946      40
1982102000 5 232 1438  942      45
1982102006 5 247 1447  946      45
1982102012 5 261 1461  943      45
1982102018 5 276 1475  940      50
1982102100 5 286 1489  939      50
1982102106 5 299 1513  948      45
1982102112 4 309 1527  954      40
1982102118 4 312 1540  960      35
1982102200 3 308 1552  965      30
1982102206 3 302 1561  970      30
1982102212 3 294 1572  975      30
1982102218 3 284 1581  980      30
1982102300 3 271 1591  980      30
1982102306 3 260 1600  980      25
1982102312 3 255 1615  980      25
1982102318 3 256 1628  980      25
1982102400 3 254 1640  980      25
1982102406 3 255 1648  980      25
1982102412 3 255 1656  980      25
1982102418 3 255 1665  980      25
1982102500 3 256 1672  980      25
1982102506 3 261 1678  980      25
1982102512 3 267 1680  980      25
1982102518 3 274 1676  980      25
1982102600 2 279 1671  985      20
1982102606 2 283 1665  985      20
1982102612 2 289 1660  985      20
1982102618 2 293 1652  990      20
1982102700 1 300 1647  996      15
1982102706 1 303 1645  996      15
1982102712 1 314 1654  996      15
1982102718 1 323 1668  996      15
1982102800 1 331 1690 1000      15
1982102806 1 340 1710 1000      12
1982102812 1 350 1730 1000      12
66666 0000   64 0028 8223 0 6 Pamela                             20110729
1982112218 0  85 1779 1006       9
1982112300 0  83 1768 1006       9
1982112306 0  80 1763 1006       9
1982112312 0  77 1758 1006       9
1982112318 0  73 1752 1006       9
1982112400 0  70 1750 1006       9
1982112406 0  72 1744 1004      10
1982112412 0  75 1737 1004      10
1982112418 1  72 1730 1000      15
1982112500 3  71 1722  998      25
1982112506 3  74 1715  998      25
1982112512 3  76 1703  995      25
1982112518 3  77 1690  990      30
1982112600 3  78 1684  985      30
1982112606 3  84 1677  980      30
1982112612 4  89 1666  970      35
1982112618 4  97 1652  965      35
1982112700 4 100 1640  955      40
1982112706 5 105 1630  940      50
1982112712 5 110 1620  940      50
1982112718 5 117 1608  940      50
1982112800 5 119 1603  945      45
1982112806 4 123 1600  945      40
1982112812 4 129 1593  950      40
1982112818 4 135 1587  955      35
1982112900 4 137 1586  965      35
1982112906 3 136 1582  980      30
1982112912 3 136 1578  985      30
1982112918 3 134 1575  990      30
1982113000 3 125 1561  995      25
1982113006 3 120 1549  998      25
1982113012 2 126 1534  998      20
1982113018 2 114 1519 1002      20
1982120100 2 117 1498 1001      20
1982120106 2 120 1477  999      20
1982120112 2 117 1450  999      20
1982120118 2 121 1433  999      20
1982120200 2 122 1413  998      20
1982120206 2 123 1393  998      20
1982120212 2 125 1374  998      20
1982120218 2 129 1356  998      20
1982120300 2 136 1346  995      20
1982120306 3 144 1332  989      25
1982120312 3 150 1320  988      25
1982120318 3 154 1315  988      25
1982120400 3 155 1311  988      30
1982120406 3 157 1305  988      30
1982120412 3 159 1301  978      30
1982120418 4 162 1296  967      35
1982120500 4 163 1294  960      40
1982120506 4 163 1294  978      40
1982120512 4 165 1290  985      35
1982120518 3 168 1287  986      30
1982120600 3 159 1289  986      30
1982120606 3 153 1282  987      25
1982120612 3 146 1276  988      25
1982120618 3 142 1265  990      25
1982120700 3 134 1255  995      25
1982120706 3 130 1244 1000      25
1982120712 2 122 1230 1003      20
1982120718 2 115 1217 1003      20
1982120800 1 106 1194 1005      15
1982120806 1 102 1180 1005      15
1982120812 1 101 1165 1005      15
66666 0000   14 0029 8224 0 6 Roger                              20110729
1982120706 1 120 1320 1006      12
1982120712 1 115 1300 1004      15
1982120718 1 113 1279 1002      15
1982120800 2 123 1259  998      20
1982120806 2 130 1242  995      20
1982120812 3 141 1236  990      25
1982120818 3 144 1225  990      25
1982120900 3 150 1220  980      30
1982120906 3 156 1220  980      30
1982120912 3 169 1220  980      30
1982120918 3 175 1224  985      25
1982121000 3 180 1228  988      25
1982121006 2 187 1235  992      20
1982121012 1 190 1243  998      15
