66666 0000    9 0001 0000 0 6 HANNAH                             20110729
1997012012 1  85 1365 1004      15
1997012018 1  85 1355 1004      15
1997012100 1  88 1330 1004      15
1997012106 1  92 1326 1004      15
1997012112 1  98 1324 1000      15
1997012118 1 105 1322 1000      15
1997012200 1 113 1323 1000      15
1997012206 1 113 1330 1002      15
1997012212 1 112 1332 1002      15
66666 0000   51 0002 9701 0 6 ISA                                20110729
1997041200 0  75 1585 1002      10
1997041206 1  74 1581 1002      12
1997041212 1  74 1577 1000      15
1997041218 1  76 1573 1000      15
1997041300 1  80 1570 1000      15
1997041306 2  85 1570  995      18
1997041312 2  89 1569  995      18
1997041318 2  93 1565  995      18
1997041400 2  98 1554  995      20
1997041406 2 102 1543  992      20
1997041412 2 102 1532  990      23
1997041418 2 101 1521  990      23
1997041500 3 101 1506  990      25
1997041506 3 101 1492  985      25
1997041512 3 102 1482  985      25
1997041518 3 102 1473  980      30
1997041600 4 103 1467  975      33
1997041606 4 106 1459  975      33
1997041612 4 108 1451  975      33
1997041618 4 112 1443  975      33
1997041700 4 115 1435  970      35
1997041706 4 119 1428  965      40
1997041712 4 124 1420  960      40
1997041718 4 128 1412  960      40
1997041800 4 131 1405  960      40
1997041806 4 133 1398  960      40
1997041812 4 135 1393  960      40
1997041818 4 138 1389  960      40
1997041900 4 142 1385  960      40
1997041906 5 149 1381  955      45
1997041912 5 153 1379  945      50
1997041918 5 160 1377  945      50
1997042000 5 166 1376  945      50
1997042006 5 174 1376  945      50
1997042012 5 182 1375  945      50
1997042018 5 192 1375  945      50
1997042100 4 200 1376  955      40
1997042106 4 209 1380  960      40
1997042112 4 221 1387  960      40
1997042118 4 233 1390  970      35
1997042200 4 245 1397  975      33
1997042206 4 257 1411  975      33
1997042212 3 270 1427  980      30
1997042218 3 277 1440  985      28
1997042300 3 279 1457  990      25
1997042306 2 288 1482  995      20
1997042312 2 298 1513  995      20
1997042318 2 310 1547  995      20
1997042400 1 324 1582 1000      15
1997042406 1 344 1616 1000      15
1997042412 1 365 1646 1004      12
66666 0000   18 0003 0000 0 6 JIMMY                              20110729
1997042206 0 141 1550 1008      10
1997042212 0 144 1547 1006      10
1997042218 1 149 1544 1004      12
1997042300 1 155 1541 1004      12
1997042306 1 159 1537 1002      12
1997042312 1 164 1535 1000      15
1997042318 1 171 1535  996      15
1997042400 1 180 1539  996      15
1997042406 1 189 1546  996      15
1997042412 1 199 1555  996      15
1997042418 1 201 1555  996      15
1997042500 1 199 1552  995      15
1997042506 1 202 1557  995      15
1997042512 1 206 1562  995      15
1997042518 1 211 1569  998      15
1997042600 1 217 1581 1002      12
1997042606 1 226 1596 1004      12
1997042612 0 238 1613 1008      10
66666 0000   17 0004 0000 0 6 KELLY                              20110729
1997050618 0  98 1684 1004      10
1997050700 0 100 1680 1004      10
1997050706 0 103 1677 1004      10
1997050712 0 106 1674 1004      10
1997050718 1 109 1672 1002      12
1997050800 1 112 1672 1000      15
1997050806 1 115 1672  998      15
1997050812 1 118 1672  998      15
1997050818 1 121 1672  998      15
1997050900 1 124 1672  998      15
1997050906 1 127 1671  998      15
1997050912 1 131 1668  998      15
1997050918 1 136 1661  998      15
1997051000 1 140 1650  998      15
1997051006 1 142 1635  998      15
1997051012 1 146 1623 1000      15
1997051018 1 150 1613 1002      12
66666 0000   24 0005 9702 1 6 LEVI                               20110729
1997052600 1 163 1193 1002      12
1997052606 1 163 1207 1000      12
1997052612 1 163 1219 1000      12
1997052618 1 165 1232 1000      12
1997052700 1 168 1244 1000      15
1997052706 1 177 1254 1000      15
1997052712 1 183 1261 1000      15
1997052718 1 191 1263 1000      15
1997052800 2 200 1264  998      18
1997052806 2 209 1265  998      18
1997052812 2 217 1269  995      18
1997052818 2 226 1276  995      18
1997052900 2 240 1272  998      18
1997052906 2 251 1284  998      18
1997052912 1 262 1300  998      15
1997052918 1 274 1320  998      15
1997053000 1 284 1345  998      15
1997053006 2 291 1373  998      18
1997053012 2 299 1393  995      20
1997053018 2 307 1410  998      18
1997053100 2 316 1427  998      18
1997053106 2 324 1449  998      18
1997053112 2 331 1469  998      18
1997053118 2 338 1492  998      18
66666 0000   24 0006 9703 0 6 MARIE                              20110729
1997052718 0 117 1564 1002      10
1997052800 0 122 1569 1002      10
1997052806 0 126 1575 1002      10
1997052812 0 130 1580 1002      10
1997052818 1 135 1584 1000      12
1997052900 1 142 1588 1000      15
1997052906 1 148 1590 1000      15
1997052912 2 157 1593  998      18
1997052918 2 165 1596  995      20
1997053000 2 176 1598  995      20
1997053006 2 184 1599  990      23
1997053012 3 195 1599  985      25
1997053018 3 209 1601  980      30
1997053100 4 220 1602  975      33
1997053106 4 230 1608  975      33
1997053112 4 240 1615  975      33
1997053118 3 252 1625  980      30
1997060100 3 262 1640  980      30
1997060106 3 274 1659  985      25
1997060112 2 287 1683  990      23
1997060118 2 300 1711  995      20
1997060200 2 319 1739  998      18
1997060206 1 344 1774 1000      15
1997060212 1 363 1810 1000      15
66666 0000   30 0007 9704 1 6 NESTOR                             20110729
1997060706 0 113 1510 1006      10
1997060712 1 122 1506 1004      12
1997060718 1 128 1504 1000      15
1997060800 1 133 1502  998      15
1997060806 2 140 1499  995      20
1997060812 2 144 1498  990      23
1997060818 3 147 1497  990      25
1997060900 3 152 1495  980      30
1997060906 4 156 1492  970      35
1997060912 5 160 1491  955      45
1997060918 5 166 1489  955      45
1997061000 5 172 1486  950      45
1997061006 5 178 1480  940      50
1997061012 5 183 1475  940      50
1997061018 5 188 1469  940      50
1997061100 5 195 1461  940      50
1997061106 5 201 1452  950      45
1997061112 5 206 1445  950      45
1997061118 5 213 1436  950      45
1997061200 5 220 1429  950      45
1997061206 5 230 1421  955      45
1997061212 4 239 1418  960      40
1997061218 4 251 1415  960      40
1997061300 4 265 1416  970      35
1997061306 4 280 1420  970      35
1997061312 3 296 1430  980      30
1997061318 3 311 1443  980      30
1997061400 3 330 1459  985      28
1997061406 3 353 1491  990      25
1997061412 9 367 1517  995      20
66666 0000   28 0008 9705 1 6 OPAL                               20110729
1997061412 0 140 1337 1008      10
1997061418 0 143 1336 1008      10
1997061500 1 146 1335 1006      12
1997061506 1 148 1333 1004      12
1997061512 1 149 1331 1002      15
1997061518 1 150 1329 1000      15
1997061600 2 151 1327  998      18
1997061606 2 153 1325  995      20
1997061612 3 156 1324  985      25
1997061618 3 158 1324  985      25
1997061700 3 164 1324  980      30
1997061706 4 172 1324  975      33
1997061712 4 184 1327  970      35
1997061718 4 196 1332  970      35
1997061800 4 207 1336  960      40
1997061806 4 223 1337  960      40
1997061812 4 239 1337  960      40
1997061818 4 256 1336  960      40
1997061900 4 274 1337  970      35
1997061906 4 288 1337  970      35
1997061912 4 304 1353  970      35
1997061918 4 322 1360  975      33
1997062000 3 337 1367  980      30
1997062006 3 361 1388  985      28
1997062012 3 385 1412  990      25
1997062018 3 400 1434  990      25
1997062100 9 410 1464  990      23
1997062106 9 418 1504  990      23
66666 0000   28 0009 9706 1 6 PEPER                              20110729
1997062206 1 132 1323 1002      12
1997062212 1 132 1323 1002      12
1997062218 1 133 1321 1002      12
1997062300 1 134 1318 1002      12
1997062306 1 135 1313 1000      15
1997062312 1 137 1309  998      15
1997062318 1 140 1305  998      15
1997062400 1 145 1300  998      15
1997062406 1 154 1291  998      15
1997062412 1 161 1282  998      15
1997062418 1 169 1276  998      15
1997062500 2 176 1273  998      18
1997062506 2 183 1271  995      20
1997062512 2 188 1270  990      23
1997062518 3 197 1267  985      25
1997062600 3 207 1264  985      25
1997062606 3 221 1262  985      28
1997062612 3 235 1265  985      28
1997062618 3 249 1264  980      30
1997062700 3 264 1263  980      30
1997062706 4 287 1267  970      33
1997062712 3 300 1271  975      30
1997062718 3 316 1280  975      30
1997062800 3 328 1296  975      30
1997062806 3 340 1324  980      25
1997062812 3 357 1363  980      25
1997062818 3 370 1406  980      25
1997062900 9 401 1473  984      25
66666 0000   42 0010 9707 0 6 ROSIE                              20110729
1997071800 0  98 1387 1004      10
1997071806 0 101 1382 1004      10
1997071812 1 104 1381 1002      12
1997071818 1 107 1380 1002      12
1997071900 1 111 1378 1002      12
1997071906 1 117 1377 1000      15
1997071912 1 122 1374 1000      15
1997071918 1 128 1372 1000      15
1997072000 2 133 1369  998      18
1997072006 2 139 1365  995      20
1997072012 3 144 1359  985      25
1997072018 3 148 1354  985      28
1997072100 3 153 1348  980      30
1997072106 3 159 1341  980      30
1997072112 4 165 1335  970      35
1997072118 4 169 1332  970      35
1997072200 4 176 1326  960      40
1997072206 5 178 1322  950      50
1997072212 5 181 1321  945      50
1997072218 5 186 1319  945      50
1997072300 5 191 1319  945      50
1997072306 6 199 1319  935      55
1997072312 6 205 1319  935      55
1997072318 6 214 1321  935      55
1997072400 5 224 1324  945      50
1997072406 5 234 1327  945      50
1997072412 5 245 1332  955      45
1997072418 4 259 1336  965      40
1997072500 4 269 1338  965      40
1997072506 4 283 1342  965      40
1997072512 4 294 1348  965      40
1997072518 4 307 1351  970      35
1997072600 4 321 1351  970      35
1997072606 4 332 1348  975      33
1997072612 3 348 1342  980      30
1997072618 3 355 1326  985      25
1997072700 2 357 1323  990      20
1997072706 2 358 1326  995      20
1997072712 2 358 1329  995      20
1997072718 1 358 1333  998      15
1997072800 1 359 1339 1000      15
1997072806 1 360 1356 1002      12
66666 0000   27 0011 9708 1 6 SCOTT                              20110729
1997072700 1 223 1550 1002      15
1997072706 1 222 1557 1002      15
1997072712 1 227 1565 1000      15
1997072718 1 236 1566 1000      15
1997072800 1 238 1555 1000      15
1997072806 2 240 1554  998      18
1997072812 2 242 1555  998      18
1997072818 2 245 1556  995      20
1997072900 2 248 1557  995      20
1997072906 2 255 1559  990      23
1997072912 2 261 1562  990      23
1997072918 2 267 1568  990      23
1997073000 2 273 1574  990      23
1997073006 2 280 1582  990      23
1997073012 2 288 1592  990      23
1997073018 2 295 1600  995      20
1997073100 2 300 1607  998      18
1997073106 1 305 1616 1000      15
1997073112 1 308 1630 1000      15
1997073118 1 310 1645 1000      15
1997080100 1 313 1663 1000      15
1997080106 1 317 1683 1000      15
1997080112 1 325 1698 1000      15
1997080118 1 337 1709 1000      15
1997080200 1 348 1719 1000      15
1997080206 1 366 1732 1000      15
1997080212 1 389 1749 1000      15
66666 0000   44 0012 9709 0 6 TINA                               20110729
1997073100 1 134 1365 1000      15
1997073106 2 135 1355  998      18
1997073112 2 135 1350  998      18
1997073118 2 135 1350  995      20
1997080100 2 135 1350  995      20
1997080106 2 136 1347  990      23
1997080112 2 137 1345  990      23
1997080118 3 137 1341  985      25
1997080200 3 138 1332  980      30
1997080206 3 140 1325  980      30
1997080212 3 142 1321  980      30
1997080218 3 143 1318  980      30
1997080300 3 146 1315  980      30
1997080306 3 150 1309  980      30
1997080312 3 154 1303  980      30
1997080318 3 163 1300  980      30
1997080400 4 171 1291  975      33
1997080406 4 181 1287  975      33
1997080412 4 188 1279  975      33
1997080418 4 192 1275  975      33
1997080500 4 201 1270  970      35
1997080506 4 209 1266  960      40
1997080512 5 216 1264  955      45
1997080518 4 221 1262  960      40
1997080600 4 232 1262  960      40
1997080606 4 241 1264  960      40
1997080612 4 250 1264  960      40
1997080618 4 257 1264  960      40
1997080700 4 268 1264  960      40
1997080706 4 276 1263  970      35
1997080712 4 282 1262  970      35
1997080718 4 291 1262  975      33
1997080800 3 301 1262  980      30
1997080806 3 313 1262  980      30
1997080812 3 324 1262  980      28
1997080818 2 339 1270  985      20
1997080900 2 353 1286  990      18
1997080906 2 375 1310  990      18
1997080912 9 399 1348  995      18
1997080918 9 419 1390  995      18
1997081000 9 422 1446  995      18
1997081006 9 421 1494  995      18
1997081012 9 416 1546  998      18
1997081018 9 415 1577  998      15
66666 0000   18 0013 9710 3 6 VICTOR                             20110729
1997073100 1 167 1147  998      15
1997073106 2 170 1145  995      18
1997073112 2 171 1141  995      20
1997073118 2 169 1139  995      20
1997080100 2 174 1140  985      23
1997080106 2 182 1141  980      23
1997080112 3 187 1142  980      25
1997080118 3 193 1141  980      25
1997080200 3 203 1141  975      30
1997080206 3 211 1139  968      30
1997080212 3 223 1141  970      30
1997080218 3 237 1137  980      25
1997080300 1 252 1134  990      12   25
1997080306 0 268 1138  995      10   18
1997080312 0 284 1142  995      10   15
1997080318 0 300 1150  997      10   15
1997080400 0 314 1159  998      10   15
1997080406 0 325 1170  998      10
66666 0000   49 0014 9711 0 6 WINNIE                             20110729
1997080800 0 112 1589 1006      10
1997080806 0 119 1583 1006      10
1997080812 0 126 1574 1004      10
1997080818 1 136 1564 1002      12
1997080900 1 142 1557 1000      15
1997080906 1 145 1553 1000      15
1997080912 1 148 1550 1000      15
1997080918 2 151 1545  995      20
1997081000 2 154 1538  990      23
1997081006 3 158 1528  985      25
1997081012 3 160 1518  980      30
1997081018 4 161 1510  980      33
1997081100 4 163 1501  980      33
1997081106 4 164 1494  970      35
1997081112 4 166 1487  960      40
1997081118 5 169 1480  955      45
1997081200 5 173 1472  945      50
1997081206 6 178 1460  930      55
1997081212 6 181 1448  920      60
1997081218 6 184 1439  920      60
1997081300 6 188 1432  920      60
1997081306 6 196 1423  920      60
1997081312 6 201 1413  920      60
1997081318 6 206 1403  930      55
1997081400 5 209 1394  935      50
1997081406 5 216 1388  935      50
1997081412 5 222 1378  945      45
1997081418 5 224 1366  950      45
1997081500 5 227 1357  950      45
1997081506 5 230 1350  950      45
1997081512 5 233 1341  950      45
1997081518 5 236 1329  950      45
1997081600 5 238 1321  950      45
1997081606 5 240 1310  950      45
1997081612 5 241 1302  950      45
1997081618 5 243 1293  950      45
1997081700 4 248 1282  960      40
1997081706 4 252 1271  960      40
1997081712 4 254 1261  960      40
1997081718 4 260 1249  960      40
1997081800 4 267 1239  960      40
1997081806 4 274 1224  960      40
1997081812 4 280 1218  960      40
1997081818 4 291 1202  970      35
1997081900 3 300 1190  980      28
1997081906 2 308 1181  990      20
1997081912 2 317 1176  990      20
1997081918 2 326 1171  990      20
1997082000 2 347 1177  994      20
66666 0000    9 0014 9711 3 6 WINNIE(-)1                         20110729
1997082000 2 366 1185  994      20
1997082006 2 374 1185  994      20
1997082012 2 385 1195  994      20
1997082018 2 413 1225  994      20
1997082100 2 428 1235  992      20
1997082106 2 440 1240  990      18
1997082112 9 450 1260  985      18
1997082118 9 456 1282  985      18
1997082200 9 458 1310  985      18
66666 0000   20 0015 9712 1 6 YULE                               20110729
1997081900 1 150 1654 1002      12
1997081906 1 146 1668 1000      15
1997081912 1 160 1685  998      15
1997081918 2 180 1674  995      20
1997082000 2 187 1677  995      20
1997082006 2 194 1679  990      23
1997082012 2 202 1679  990      23
1997082018 3 207 1681  985      25
1997082100 3 220 1682  980      30
1997082106 3 231 1683  980      30
1997082112 3 240 1686  980      28
1997082118 3 252 1692  985      25
1997082200 3 273 1700  985      25
1997082206 3 297 1712  985      25
1997082212 3 318 1721  985      25
1997082218 2 339 1729  990      23
1997082300 2 391 1727  990      23
1997082306 2 415 1695  985      23
1997082312 2 434 1670  985      23
1997082318 2 453 1658  985      23
66666 0000   14 0016 9713 0 6 ZITA                               20110729
1997082000 1 175 1170 1000      15
1997082006 1 180 1175 1000      15
1997082012 1 186 1172  998      15
1997082018 1 190 1166  998      15
1997082100 2 194 1158  995      18
1997082106 3 197 1145  985      25
1997082112 3 200 1133  975      30
1997082118 3 202 1123  975      30
1997082200 3 204 1113  975      30
1997082206 3 207 1102  975      30
1997082212 3 208 1088  975      30
1997082218 3 210 1078  985      25
1997082300 2 214 1065  990      18
1997082306 1 217 1056  992      15
66666 0000   38 0017 9714 0 6 AMBER                              20110729
1997082100 1 133 1312 1002      12
1997082106 1 135 1315 1000      15
1997082112 1 138 1317 1000      15
1997082118 1 141 1318 1000      15
1997082200 2 145 1317  995      20
1997082206 2 149 1317  995      20
1997082212 3 153 1316  990      25
1997082218 3 155 1315  990      25
1997082300 3 158 1314  985      28
1997082306 3 162 1312  980      30
1997082312 4 163 1309  975      33
1997082318 4 165 1305  970      35
1997082400 4 168 1302  970      35
1997082406 4 171 1298  960      40
1997082412 4 172 1293  960      40
1997082418 5 173 1289  950      45
1997082500 5 174 1286  950      45
1997082506 5 175 1283  950      45
1997082512 5 177 1279  950      45
1997082518 4 178 1277  960      40
1997082600 4 180 1275  960      40
1997082606 4 182 1272  960      40
1997082612 5 184 1269  950      45
1997082618 5 187 1265  950      45
1997082700 5 191 1262  950      45
1997082706 5 194 1256  950      45
1997082712 5 198 1250  940      50
1997082718 5 203 1243  940      50
1997082800 5 207 1237  950      45
1997082806 5 214 1230  950      45
1997082812 4 222 1224  960      40
1997082818 4 234 1217  960      40
1997082900 4 242 1209  970      35
1997082906 4 251 1200  975      33
1997082912 2 263 1193  990      23
1997082918 1 274 1180  998      15
1997083000 1 281 1167 1000      12
1997083006 0 288 1150 1002      10
66666 0000   38 0018 9715 1 6 BING                               20110729
1997082700 1 122 1538 1004      12
1997082706 1 125 1525 1004      12
1997082712 1 124 1517 1004      12
1997082718 1 121 1508 1004      12
1997082800 1 120 1494 1004      12
1997082806 1 123 1484 1004      12
1997082812 1 126 1476 1002      15
1997082818 1 129 1464 1002      15
1997082900 1 134 1454 1002      15
1997082906 1 142 1441 1000      15
1997082912 1 146 1426  998      15
1997082918 2 150 1410  995      18
1997083000 2 155 1398  990      20
1997083006 2 161 1389  990      23
1997083012 3 165 1385  985      25
1997083018 3 170 1383  985      25
1997083100 3 176 1383  985      25
1997083106 3 186 1384  980      28
1997083112 4 199 1387  975      33
1997083118 4 212 1390  970      35
1997090100 4 225 1392  965      40
1997090106 5 239 1390  955      45
1997090112 5 251 1390  955      45
1997090118 5 263 1386  955      45
1997090200 5 271 1382  955      45
1997090206 5 281 1383  955      45
1997090212 5 289 1386  955      45
1997090218 4 300 1395  965      40
1997090300 4 311 1405  965      40
1997090306 4 323 1419  970      35
1997090312 4 335 1441  970      35
1997090318 4 349 1468  970      35
1997090400 4 367 1497  975      33
1997090406 3 385 1530  980      30
1997090412 3 402 1567  985      25
1997090418 9 419 1600  985      25
1997090500 9 443 1636  992      25
1997090506 9 462 1676  992      25
66666 0000   14 0019 0000 0 6 CASS                               20110729
1997082706 1 185 1141 1004      12
1997082712 1 183 1142 1004      12
1997082718 1 180 1145 1002      12
1997082800 1 178 1148 1002      12
1997082806 1 175 1149 1000      15
1997082812 1 172 1153 1000      15
1997082818 1 172 1157 1000      15
1997082900 1 172 1161  998      15
1997082906 1 178 1168  998      15
1997082912 2 188 1176  994      20
1997082918 2 203 1180  994      20
1997083000 2 222 1182  992      20
1997083006 1 248 1185  998      15
1997083012 0 260 1178 1002      10
66666 0000   46 0020 9716 1 6 OLIWA                             20110729
1997090518 2 149 1725  995      20
1997090600 2 152 1707  995      20
1997090606 2 158 1690  990      23
1997090612 2 163 1675  990      23
1997090618 3 167 1663  985      25
1997090700 3 171 1654  985      25
1997090706 3 175 1648  985      25
1997090712 3 178 1640  985      25
1997090718 3 181 1633  985      25
1997090800 3 183 1625  980      28
1997090806 3 182 1615  980      30
1997090812 3 181 1601  980      30
1997090818 3 181 1587  980      30
1997090900 4 180 1575  970      35
1997090906 4 182 1563  960      40
1997090912 5 183 1551  950      45
1997090918 5 185 1536  950      45
1997091000 5 187 1522  940      50
1997091006 6 189 1508  930      55
1997091012 6 190 1495  930      55
1997091018 6 192 1482  920      60
1997091100 6 194 1468  920      60
1997091106 6 199 1455  920      60
1997091112 6 202 1441  930      55
1997091118 6 206 1427  930      55
1997091200 6 211 1415  930      55
1997091206 6 218 1401  930      55
1997091212 6 224 1388  930      55
1997091218 5 232 1374  940      50
1997091300 5 241 1362  950      45
1997091306 5 251 1350  950      45
1997091312 5 258 1339  950      45
1997091318 4 267 1330  960      40
1997091400 4 277 1317  970      35
1997091406 4 281 1307  970      35
1997091412 4 284 1302  970      35
1997091418 4 286 1298  970      35
1997091500 4 289 1296  970      35
1997091506 4 293 1294  970      35
1997091512 4 298 1296  970      35
1997091518 4 305 1298  970      35
1997091600 3 316 1303  980      30
1997091606 3 330 1313  980      30
1997091612 2 343 1330  990      23
1997091618 2 353 1349  995      20
1997091700 1 374 1362 1002      15
66666 0000   34 0021 9717 1 6 DAVID                              20110729
1997091112 1 113 1699 1000      15
1997091118 1 124 1698 1000      15
1997091200 1 132 1695 1000      15
1997091206 1 137 1686 1000      15
1997091212 1 142 1675 1000      15
1997091218 2 145 1668  995      18
1997091300 2 147 1660  992      20
1997091306 2 150 1658  990      23
1997091312 3 154 1653  985      25
1997091318 3 159 1641  985      25
1997091400 3 166 1635  980      30
1997091406 4 180 1628  975      33
1997091412 4 190 1620  975      33
1997091418 4 203 1605  970      35
1997091500 4 211 1590  965      40
1997091506 4 221 1575  960      40
1997091512 5 224 1563  950      45
1997091518 5 230 1553  950      45
1997091600 5 234 1541  950      45
1997091606 5 238 1530  950      45
1997091612 5 243 1512  950      45
1997091618 5 248 1496  950      45
1997091700 4 252 1480  955      40
1997091706 4 260 1465  955      40
1997091712 4 265 1450  960      40
1997091718 4 271 1437  965      40
1997091800 4 279 1426  970      35
1997091806 4 291 1418  970      35
1997091812 4 303 1417  970      35
1997091818 4 322 1418  970      35
1997091900 4 339 1423  975      33
1997091906 3 360 1440  980      30
1997091912 3 386 1474  980      30
1997091918 9 419 1518  985      23
66666 0000   16 0022 9718 0 6 FRITZ                              20110729
1997092200 0 156 1110 1006      10
1997092206 0 156 1110 1006      10
1997092212 0 156 1110 1006      10
1997092218 1 156 1110 1004      12
1997092300 1 156 1110 1004      15
1997092306 1 156 1110 1002      15
1997092312 2 156 1110  998      18
1997092318 2 156 1110  995      20
1997092400 2 157 1108  990      23
1997092406 2 158 1103  990      23
1997092412 3 158 1097  985      25
1997092418 3 157 1093  980      28
1997092500 3 157 1088  980      28
1997092506 3 157 1083  985      25
1997092512 2 155 1075  995      18
1997092518 1 155 1068  996      15
66666 0000   27 0023 9719 1 6 GINGER                             20110729
1997092318 0 130 1650 1008      10
1997092400 0 136 1642 1006      10
1997092406 1 142 1636 1004      12
1997092412 1 151 1632  998      15
1997092418 2 161 1630  995      20
1997092500 2 169 1627  995      20
1997092506 3 183 1619  990      25
1997092512 3 192 1610  985      28
1997092518 3 199 1607  980      30
1997092600 4 202 1604  970      35
1997092606 4 205 1603  960      40
1997092612 5 208 1602  950      45
1997092618 5 216 1598  940      50
1997092700 5 217 1593  940      50
1997092706 5 227 1588  940      50
1997092712 6 229 1582  930      55
1997092718 6 236 1579  930      55
1997092800 6 246 1578  930      55
1997092806 6 256 1576  930      55
1997092812 5 267 1575  940      50
1997092818 5 281 1579  950      45
1997092900 4 296 1585  960      40
1997092906 4 312 1598  960      40
1997092912 4 335 1622  970      35
1997092918 3 364 1645  980      30
1997093000 3 397 1681  990      25
1997093006 3 435 1731  990      25
66666 0000   47 0024 9720 0 6 IVAN                               20110729
1997101318 1 115 1500 1002      12
1997101400 1 117 1485 1000      15
1997101406 2 120 1468  998      18
1997101412 2 122 1452  996      18
1997101418 2 125 1435  995      20
1997101500 2 129 1422  992      20
1997101506 2 135 1409  990      23
1997101512 3 139 1400  990      25
1997101518 3 142 1390  985      25
1997101600 3 144 1374  980      30
1997101606 4 145 1361  970      35
1997101612 4 146 1348  965      40
1997101618 4 147 1331  965      40
1997101700 5 146 1318  955      45
1997101706 5 146 1306  945      50
1997101712 5 145 1295  940      50
1997101718 6 147 1284  935      55
1997101800 6 148 1272  930      55
1997101806 6 152 1263  930      55
1997101812 6 156 1254  930      55
1997101818 6 160 1247  930      55
1997101900 5 166 1240  940      50
1997101906 5 172 1234  940      50
1997101912 5 175 1227  945      50
1997101918 5 180 1224  950      45
1997102000 4 184 1219  960      40
1997102006 4 186 1218  970      35
1997102012 4 188 1219  975      33
1997102018 4 190 1222  975      33
1997102100 3 194 1230  980      30
1997102106 3 199 1237  985      25
1997102112 2 200 1246  990      23
1997102118 2 202 1256  990      23
1997102200 2 207 1265  990      23
1997102206 2 212 1269  990      23
1997102212 2 219 1273  990      23
1997102218 2 228 1281  990      23
1997102300 2 232 1291  990      23
1997102306 3 242 1301  985      25
1997102312 3 247 1310  985      25
1997102318 2 252 1320  992      20
1997102400 2 260 1334  992      20
1997102406 2 267 1347  992      20
1997102412 2 274 1364  994      18
1997102418 1 281 1380  996      15
1997102500 1 288 1397  996      15
1997102506 1 290 1410  998      12
66666 0000   41 0025 9721 0 6 JOAN                               20110729
1997101406 1 126 1641 1004      12
1997101412 1 128 1638 1000      15
1997101418 2 131 1626  996      18
1997101500 2 132 1618  996      18
1997101506 2 133 1606  992      20
1997101512 2 134 1595  990      23
1997101518 3 134 1585  985      28
1997101600 4 135 1573  975      33
1997101606 4 137 1559  970      35
1997101612 4 138 1546  960      40
1997101618 5 140 1532  950      45
1997101700 5 143 1518  950      45
1997101706 5 146 1501  940      50
1997101712 5 149 1487  940      50
1997101718 6 153 1472  930      55
1997101800 6 159 1457  930      55
1997101806 6 165 1444  930      55
1997101812 6 170 1432  930      55
1997101818 6 176 1420  930      55
1997101900 6 181 1408  930      55
1997101906 6 185 1398  930      55
1997101912 6 189 1389  930      55
1997101918 6 195 1381  930      55
1997102000 6 202 1375  930      55
1997102006 6 209 1370  930      55
1997102012 6 214 1367  930      55
1997102018 5 222 1366  935      50
1997102100 5 231 1369  940      50
1997102106 5 241 1372  940      50
1997102112 5 251 1382  940      50
1997102118 5 259 1393  950      45
1997102200 4 262 1409  960      40
1997102206 4 264 1423  960      40
1997102212 4 266 1440  970      35
1997102218 3 271 1463  980      30
1997102300 3 280 1485  985      25
1997102306 3 295 1522  985      25
1997102312 3 299 1554  985      25
1997102318 3 299 1583  985      25
1997102400 2 297 1610  992      20
1997102406 1 295 1630  998      15
66666 0000   39 0026 9722 1 6 KETTH                              20110729
1997102912 1  60 1600 1000      15
1997102918 2  60 1600  998      18
1997103000 2  65 1595  998      18
1997103006 2  65 1595  995      23
1997103012 2  72 1593  995      23
1997103018 3  81 1588  990      28
1997103100 4  87 1577  975      33
1997103106 4  92 1567  970      35
1997103112 4  98 1558  960      40
1997103118 4 107 1546  960      40
1997110100 5 113 1532  955      45
1997110106 5 120 1518  945      50
1997110112 6 127 1502  935      55
1997110118 6 133 1488  935      55
1997110200 6 139 1472  925      60
1997110206 6 144 1457  925      60
1997110212 6 148 1444  925      60
1997110218 6 151 1432  925      60
1997110300 6 154 1420  925      60
1997110306 6 156 1406  935      55
1997110312 5 157 1394  945      50
1997110318 5 160 1382  945      50
1997110400 5 161 1372  955      45
1997110406 5 165 1364  955      45
1997110412 5 168 1357  955      45
1997110418 5 174 1352  955      45
1997110500 5 178 1348  955      45
1997110506 5 183 1349  955      45
1997110512 4 188 1352  965      40
1997110518 4 196 1358  970      35
1997110600 3 202 1363  980      30
1997110606 3 213 1368  980      30
1997110612 3 221 1375  980      30
1997110618 3 228 1385  985      25
1997110700 3 236 1395  985      25
1997110706 3 252 1412  985      25
1997110712 3 267 1433  985      25
1997110718 3 279 1460  985      25
1997110800 2 288 1480  990      23
66666 0000    6 0027 9723 1 6 LINDA                              20110729
1997110100 1  75 1135 1002      15
1997110106 2  78 1123  995      23
1997110112 2  83 1115  995      23
1997110118 3  87 1103  990      25
1997110200 3  90 1090  990      25
1997110206 3  83 1062  990      25
66666 0000   21 0028 9724 0 6 MORT                               20110729
1997111106 1 115 1385 1000      15
1997111112 1 121 1377  998      15
1997111118 2 124 1367  995      20
1997111200 2 126 1355  995      20
1997111206 2 130 1345  992      23
1997111212 2 134 1337  992      23
1997111218 2 136 1331  992      23
1997111300 2 137 1325  992      23
1997111306 2 140 1317  992      23
1997111312 2 139 1306  992      23
1997111318 2 137 1297  992      23
1997111400 2 136 1289  992      23
1997111406 2 138 1280  992      23
1997111412 2 140 1270  995      20
1997111418 2 143 1264  995      20
1997111500 2 145 1255  995      20
1997111506 2 144 1248  995      20
1997111512 2 142 1240  995      20
1997111518 2 144 1233  995      20
1997111600 1 147 1225  998      15
1997111606 1 150 1220 1000      12
66666 0000   44 0029 9725 0 6                                    20110729
1997121106 4  67 1686  970      35
1997121112 4  71 1679  970      35
1997121118 4  74 1674  970      40
1997121200 4  77 1667  960      40
1997121206 4  79 1659  960      40
1997121212 4  80 1652  960      40
1997121218 4  83 1643  960      40
1997121300 4  86 1631  960      40
1997121306 4  90 1622  960      40
1997121312 4  95 1607  960      40
1997121318 4 100 1593  960      40
1997121400 4 105 1575  960      40
1997121406 5 110 1559  950      45
1997121412 5 115 1542  950      45
1997121418 5 119 1526  950      45
1997121500 5 124 1511  940      50
1997121506 5 127 1497  940      50
1997121512 5 130 1484  940      50
1997121518 6 134 1473  930      55
1997121600 6 137 1463  935      55
1997121606 5 138 1455  940      50
1997121612 5 138 1447  940      50
1997121618 5 138 1440  945      45
1997121700 5 138 1432  945      45
1997121706 5 137 1422  945      45
1997121712 5 138 1414  945      45
1997121718 5 141 1407  940      50
1997121800 5 143 1398  940      50
1997121806 5 147 1390  940      50
1997121812 5 149 1382  940      50
1997121818 5 152 1373  940      50
1997121900 5 153 1365  945      45
1997121906 5 156 1357  945      45
1997121912 4 161 1352  950      40
1997121918 4 165 1343  960      40
1997122000 4 169 1338  965      35
1997122006 4 172 1333  965      35
1997122012 4 177 1330  970      35
1997122018 3 180 1330  975      30
1997122100 3 181 1325  985      25
1997122106 2 181 1325  990      23
1997122112 2 181 1322  995      20
1997122118 2 181 1314  995      20
1997122200 1 185 1313 1000      15
