66666 0000   19 0001 7401 0 6 Wanda                              20110729
1974010900 0  80 1322 1000      10
1974010906 0  82 1315 1000      10
1974010912 1  86 1309  998      15
1974010918 2  92 1305  996      20
1974011000 3  99 1309  996      25
1974011006 3 105 1318  992      30
1974011012 3 112 1326  993      30
1974011018 3 118 1331  994      25
1974011100 2 123 1337  995      20
1974011106 2 127 1347  996      20
1974011112 1 131 1359  997      15
1974011118 1 133 1369  998      15
1974011200 1 137 1379  999      15
1974011206 2 143 1389  995      20
1974011212 2 146 1401  993      20
1974011218 2 147 1413  995      20
1974011300 1 148 1428  998      15
1974011306 1 150 1446 1000      15
1974011312 0 150 1471 1002      10
66666 0000   30 0002 7402 2 6 Amy                                20110729
1974031318 0 101 1463 1002      10
1974031400 1  96 1451 1000      12
1974031406 1  91 1439 1000      15
1974031412 1  88 1429 1000      15
1974031418 1  85 1418 1000      15
1974031500 1  84 1408 1000      15
1974031506 1  86 1398 1000      15
1974031512 1  88 1388 1000      15
1974031518 1  91 1379  998      15
1974031600 1  96 1372  998      15
1974031606 1 103 1365  998      15
1974031612 1 111 1362  998      15
1974031618 1 122 1361  998      15
1974031700 1 133 1366  998      15
1974031706 1 144 1375  998      15
1974031712 2 153 1383  995      20
1974031718 2 162 1396  995      20
1974031800 2 172 1408  995      20
1974031806 2 183 1421  995      20
1974031812 2 191 1438  995      20
1974031818 3 204 1455  992      25
1974031900 3 219 1476  992      30
1974031906 3 236 1504  992      25
1974031912 2 251 1535  992      20
1974031918 1 261 1569  992      15
1974032000 9 269 1600  992      15
1974032006 9 279 1635  992      20
1974032012 9 290 1675  992      20
1974032018 9 300 1718  990      25
1974032100 9 310 1770  988      30
66666 0000   32 0003 7403 1 6 Babe                               20110729
1974042600 0  93 1473 1002      10
1974042606 0 103 1466 1002      10
1974042612 0 115 1458 1002      10
1974042618 1 121 1454 1002      12
1974042700 1 126 1454 1000      12
1974042706 1 133 1455  998      12
1974042712 1 142 1458  996      15
1974042718 1 148 1458  996      15
1974042800 1 155 1457  996      15
1974042806 1 161 1457  996      15
1974042812 1 170 1457  996      15
1974042818 1 176 1454  996      15
1974042900 1 180 1452  996      15
1974042906 2 187 1452  994      20
1974042912 3 194 1453  988      25
1974042918 3 199 1453  985      25
1974043000 3 203 1448  985      25
1974043006 4 209 1443  985      35
1974043012 4 218 1446  983      35
1974043018 4 224 1453  983      35
1974050100 4 232 1459  983      35
1974050106 4 247 1467  983      35
1974050112 3 260 1478  985      25
1974050118 2 281 1495  990      20
1974050200 2 303 1514  995      20
1974050206 9 325 1545  995      20
1974050212 9 341 1580  996      20
1974050218 9 362 1620  994      20
1974050300 9 390 1660  992      20
1974050306 9 415 1695  990      20
1974050312 9 440 1730  988      20
1974050318 9 455 1785  988      20
66666 0000   29 0004 7404 1 6 Carla                              20110729
1974050112 0 101 1516 1004      10
1974050118 0 111 1509 1004      10
1974050200 0 119 1500 1004      10
1974050206 2 127 1489  998      20
1974050212 3 131 1479  996      25
1974050218 3 136 1473  992      25
1974050300 3 142 1467  988      25
1974050306 3 147 1460  990      25
1974050312 3 153 1453  990      25
1974050318 3 158 1447  990      25
1974050400 3 161 1444  985      30
1974050406 4 166 1440  978      35
1974050412 4 173 1438  975      35
1974050418 4 178 1437  970      40
1974050500 5 187 1437  963      45
1974050506 5 198 1439  963      50
1974050512 4 210 1444  967      40
1974050518 4 223 1452  970      35
1974050600 4 240 1457  975      35
1974050606 3 253 1463  985      30
1974050612 3 269 1480  985      25
1974050618 3 280 1501  985      25
1974050700 3 293 1525  985      25
1974050706 2 308 1560  990      20
1974050712 9 321 1593 1002      15
1974050718 9 333 1633 1006      12
1974050800 9 345 1680 1008      12
1974050806 9 359 1731 1010      10
1974050812 9 373 1790 1012      10
66666 0000   11 0005 7405 0 6 (nameless)                         20110729
1974060518 1 180 1118 1001      15
1974060600 1 181 1119 1000      15
1974060606 1 184 1123 1000      15
1974060612 1 186 1125 1000      15
1974060618 1 190 1128  998      15
1974060700 2 195 1130  992      20
1974060706 2 199 1130  992      20
1974060712 3 204 1129  990      25
1974060718 3 208 1126  990      25
1974060800 2 212 1119  992      20
1974060806 1 221 1112  995      15
66666 0000   34 0006 7406 1 6 Dinah                              20110729
1974060606 1 104 1389 1001      15
1974060612 1 109 1376 1001      15
1974060618 1 114 1364 1001      15
1974060700 1 118 1349 1001      15
1974060706 1 120 1333 1001      15
1974060712 1 123 1318 1000      15
1974060718 2 126 1302  995      20
1974060800 3 129 1288  992      25
1974060806 3 131 1276  980      30
1974060812 3 137 1268  985      25
1974060818 3 141 1262  989      25
1974060900 3 143 1255  989      25
1974060906 3 142 1246  985      25
1974060912 3 145 1234  983      25
1974060918 4 150 1229  977      35
1974061000 4 155 1223  974      35
1974061006 3 160 1211  978      30
1974061012 3 161 1201  978      30
1974061018 3 162 1189  980      30
1974061100 3 164 1178  980      30
1974061106 3 165 1169  980      30
1974061112 3 166 1160  978      30
1974061118 3 167 1147  978      30
1974061200 4 173 1136  975      35
1974061206 4 180 1132  975      35
1974061212 4 187 1129  975      35
1974061218 4 194 1117  975      35
1974061300 3 196 1103  978      30
1974061306 3 198 1094  978      30
1974061312 3 202 1088  980      30
1974061318 3 205 1080  980      25
1974061400 2 208 1072  990      20
1974061406 1 209 1062  995      15
1974061412 0 209 1049  997      10
66666 0000   21 0007 7407 0 6 Emma                               20110729
1974061300 1 113 1363 1001      15
1974061306 1 118 1348 1001      15
1974061312 1 122 1332 1001      15
1974061318 1 129 1319 1001      15
1974061400 1 137 1309 1000      15
1974061406 1 145 1298 1000      15
1974061412 2 150 1289  998      20
1974061418 2 154 1279  996      20
1974061500 3 158 1270  994      25
1974061506 3 162 1261  994      25
1974061512 3 169 1251  994      25
1974061518 3 174 1246  994      25
1974061600 3 178 1242  994      30
1974061606 3 184 1239  988      30
1974061612 3 190 1235  990      30
1974061618 3 196 1235  995      25
1974061700 3 201 1238  995      25
1974061706 3 209 1244  995      25
1974061712 2 219 1256  995      20
1974061718 1 230 1269  998      15
1974061800 1 243 1284 1000      15
66666 0000   23 0008 0000 0 6 Freda                              20110729
1974061800 0 183 1428 1008      10
1974061806 0 190 1423 1006      10
1974061812 0 199 1420 1004      10
1974061818 0 205 1420 1004      10
1974061900 0 211 1420 1004      10
1974061906 0 218 1421 1004      10
1974061912 0 224 1423 1004      10
1974061918 0 238 1432 1004      10
1974062000 0 251 1443 1004      10
1974062006 0 259 1460 1004      10
1974062012 0 262 1478 1004      10
1974062018 1 262 1497 1000      12
1974062100 1 260 1515  995      15
1974062106 3 256 1532  989      25
1974062112 2 252 1548  990      20
1974062118 2 251 1565  994      20
1974062200 2 252 1588  994      20
1974062206 1 255 1614  996      15
1974062212 1 260 1639 1000      12
1974062218 1 271 1672 1000      12
1974062300 0 291 1708 1000      10
1974062306 0 319 1741 1000      10
1974062312 0 362 1770 1000      10
66666 0000   63 0009 7408 3 6 Gilda                              20110729
1974062600 0 167 1530 1006      10
1974062606 0 167 1519 1006      10
1974062612 0 167 1508 1006      10
1974062618 0 168 1498 1006      10
1974062700 0 168 1487 1006      10
1974062706 0 168 1479 1006      10
1974062712 0 169 1471 1005      10
1974062718 0 170 1461 1005      10
1974062800 0 171 1451 1005      10
1974062806 0 172 1444 1004      10
1974062812 0 174 1435 1004      10
1974062818 0 175 1427 1004      10
1974062900 1 177 1419 1002      12
1974062906 1 179 1411 1002      12
1974062912 1 183 1402 1002      12
1974062918 1 187 1393 1000      12
1974063000 1 190 1384 1000      12
1974063006 1 194 1373  998      12
1974063012 1 197 1363  996      15
1974063018 1 199 1352  992      15
1974070100 1 198 1341  985      15
1974070106 3 197 1338  983      25
1974070112 3 196 1334  980      25
1974070118 3 196 1329  975      25
1974070200 3 197 1324  971      30
1974070206 4 198 1317  965      35
1974070212 4 200 1309  961      35
1974070218 4 205 1303  961      35
1974070300 4 212 1296  958      40
1974070306 4 221 1289  955      40
1974070312 4 230 1280  951      40
1974070318 4 236 1277  951      40
1974070400 4 244 1272  950      40
1974070406 4 252 1268  945      40
1974070412 4 259 1264  944      40
1974070418 4 265 1263  946      40
1974070500 4 274 1262  950      40
1974070506 4 284 1261  955      40
1974070512 4 295 1261  960      35
1974070518 4 305 1262  960      35
1974070600 4 316 1267  963      35
1974070606 4 326 1272  965      35
1974070612 4 336 1281  970      35
1974070618 3 345 1290  975      30
1974070700 2 357 1301  980      20
1974070706 2 368 1313  985      20
1974070712 2 380 1329  990      20
1974070718 2 394 1348  990      20
1974070800 1 407 1372  995      15
1974070806 1 414 1398 1000      12
1974070812 0 421 1420 1000      10
1974070818 0 421 1440 1000      10
1974070900 9 417 1455 1000      10
1974070906 9 413 1466 1000      10
1974070912 9 411 1478 1000      10
1974070918 9 409 1489 1000      10
1974071000 9 404 1501  998      12
1974071006 9 399 1520  996      12
1974071012 9 394 1548  996      12
1974071018 9 396 1582  990      12
1974071100 9 403 1607  988      15
1974071106 9 412 1625  984      15
1974071112 9 420 1640  984      15
66666 0000   13 0010 0000 0 6 (nameless)                         20110729
1974070606 1 172 1276 1002      12
1974070612 1 175 1282 1002      12
1974070618 1 179 1288 1002      12
1974070700 1 184 1294 1000      15
1974070706 1 188 1299 1002      12
1974070712 1 195 1301 1002      12
1974070718 1 201 1299 1002      12
1974070800 1 208 1292 1002      12
1974070806 1 218 1288 1002      12
1974070812 1 228 1282 1002      12
1974070818 1 239 1279 1001      12
1974070900 0 252 1272 1001      10
1974070906 0 266 1265 1001      10
66666 0000   21 0011 7409 0 6 Harriet                            20110729
1974071300 0 101 1510 1010      10
1974071306 0 103 1490 1010      10
1974071312 0 105 1468 1010      10
1974071318 0 108 1448 1010      10
1974071400 1 114 1430 1010      12
1974071406 1 124 1417 1008      12
1974071412 1 138 1407 1006      12
1974071418 1 152 1401 1006      12
1974071500 1 167 1398 1005      15
1974071506 2 181 1390 1000      20
1974071512 2 191 1375  996      20
1974071518 2 201 1362  996      20
1974071600 3 214 1354  996      25
1974071606 3 226 1345  996      25
1974071612 3 236 1336  996      25
1974071618 2 243 1328 1001      20
1974071700 1 253 1323 1002      15
1974071706 1 266 1323 1004      15
1974071712 1 277 1330 1004      15
1974071718 1 288 1339 1006      15
1974071800 0 298 1351 1006      10
66666 0000   23 0012 7410 0 6 Jean                               20110729
1974071500 1 173 1338 1006      15
1974071506 1 173 1328 1005      15
1974071512 1 174 1318 1005      12
1974071518 1 175 1307 1005      12
1974071600 0 178 1299 1005      10
1974071606 0 181 1291 1004      10
1974071612 1 185 1285 1004      12
1974071618 1 190 1280 1004      12
1974071700 1 195 1275 1002      15
1974071706 1 199 1270 1002      15
1974071712 2 202 1265 1000      20
1974071718 2 209 1259 1000      20
1974071800 3 213 1252  998      25
1974071806 3 218 1246  995      25
1974071812 3 221 1239  991      25
1974071818 3 226 1230  995      25
1974071900 3 234 1223  995      25
1974071906 3 248 1219  995      30
1974071912 3 263 1217  995      25
1974071918 3 283 1216  995      25
1974072000 2 303 1218 1000      20
1974072006 1 317 1221 1000      15
1974072012 1 330 1226 1002      15
66666 0000   27 0013 7411 0 6 Ivy                                20110729
1974071706 1 118 1395 1002      15
1974071712 1 122 1378 1002      15
1974071718 3 129 1361  998      25
1974071800 3 133 1343  995      30
1974071806 3 137 1326  991      30
1974071812 4 142 1309  987      35
1974071818 5 145 1294  977      45
1974071900 5 147 1279  965      50
1974071906 6 148 1265  950      55
1974071912 6 150 1250  946      60
1974071918 6 152 1236  945      60
1974072000 6 156 1224  955      55
1974072006 4 161 1211  970      40
1974072012 4 167 1196  978      35
1974072018 4 175 1179  980      35
1974072100 4 180 1166  975      40
1974072106 4 185 1155  970      40
1974072112 5 190 1144  967      45
1974072118 5 194 1137  967      45
1974072200 5 200 1130  967      45
1974072206 5 208 1121  967      45
1974072212 4 216 1114  970      40
1974072218 2 218 1104  980      20
1974072300 2 224 1099  990      20
1974072306 1 235 1093  994      15   20
1974072312 0 241 1088  997       9
1974072318 0 245 1076  998       9
66666 0000   22 0014 0000 1 6 Kim                                20110729
1974072300 0 234 1663 1004      10
1974072306 1 241 1668 1000      15
1974072312 2 249 1670  998      20
1974072318 2 257 1671  996      20
1974072400 2 266 1669  994      20
1974072406 3 275 1661  989      30
1974072412 3 275 1650  990      25
1974072418 2 272 1640  992      20
1974072500 9 268 1630  992      20
1974072506 9 267 1632  992      20
1974072512 9 277 1634  992      20
1974072518 9 286 1636  992      20
1974072600 9 295 1640  992      20
1974072606 9 306 1650  992      20
1974072612 9 320 1660  992      20
1974072618 9 341 1675  992      20
1974072700 9 364 1690  992      25
1974072706 9 390 1701  992      20
1974072712 9 420 1710  994      15
1974072718 9 450 1725  994      15
1974072800 9 480 1743  994      15
1974072806 9 507 1772  994      15
66666 0000    8 0015 0000 0 6 (nameless)                         20110729
1974080700 1 170 1280 1002      15
1974080706 1 180 1260 1002      15
1974080712 1 190 1245 1002      15
1974080718 1 201 1234 1002      15
1974080800 1 208 1226 1002      15
1974080806 1 215 1221 1000      15
1974080812 1 219 1217 1000      15
1974080818 0 225 1213 1000      10
66666 0000   12 0016 0000 0 6 (nameless)                         20110729
1974080718 0 238 1419 1004       0
1974080800 0 248 1426 1004       0
1974080806 0 256 1431 1002       0
1974080812 0 266 1435 1002       0
1974080818 0 277 1435 1002      10
1974080900 1 286 1432 1002      12
1974080906 1 293 1423 1002      12
1974080912 0 299 1412 1004      10
1974080918 0 302 1402 1004      10
1974081000 1 305 1389 1002      12
1974081006 1 309 1367 1002      12
1974081012 1 314 1348 1002      12
66666 0000   22 0017 7412 0 6 Lucy                               20110729
1974080800 0 150 1186  999       0
1974080806 1 159 1189  999      12   15
1974080812 1 168 1188  999      12   15
1974080818 1 177 1189  998      12   15
1974080900 1 186 1191  998      12   15
1974080906 2 192 1194  994      20
1974080912 3 198 1196  990      25
1974080918 3 205 1198  990      25
1974081000 2 212 1196  994      20
1974081006 2 219 1194  994      20
1974081012 1 226 1194  994      15
1974081018 1 233 1193  993      15
1974081100 1 237 1191  993      15
1974081106 1 243 1190  990      15
1974081112 1 249 1188  990      15
1974081118 0 254 1179  994       9   15
1974081200 0 268 1171  994       9
1974081206 9 275 1168  995       9
1974081212 9 284 1164  996       9
1974081218 9 296 1165  998       9
1974081300 9 317 1168 1000       9
1974081306 9 328 1170 1000       9
66666 0000   41 0018 7413 0 6 Mary                               20110729
1974081100 0 160 1530 1000      10
1974081106 2 158 1515  995      20
1974081112 2 158 1502  995      20
1974081118 2 169 1508  994      20
1974081200 3 175 1522  992      25
1974081206 3 183 1521  990      25
1974081212 3 189 1511  990      25
1974081218 3 196 1501  990      25
1974081300 3 202 1494  990      25
1974081306 3 209 1488  984      25
1974081312 3 216 1475  984      25
1974081318 3 223 1463  984      25
1974081400 3 234 1451  984      25
1974081406 3 244 1440  973      30
1974081412 3 252 1435  973      30
1974081418 3 258 1431  973      30
1974081500 3 264 1424  973      30
1974081506 3 266 1415  972      30
1974081512 3 268 1405  975      30
1974081518 3 269 1395  975      30
1974081600 3 270 1384  977      30
1974081606 3 270 1372  977      30
1974081612 3 271 1360  984      25
1974081618 3 273 1351  980      25
1974081700 3 279 1342  980      25
1974081706 3 284 1333  975      25
1974081712 3 283 1322  968      30
1974081718 3 282 1311  970      30
1974081800 4 286 1299  970      35
1974081806 4 288 1285  970      35
1974081812 4 285 1271  970      35
1974081818 4 287 1254  970      35
1974081900 4 288 1243  970      35
1974081906 4 289 1232  970      35
1974081912 4 289 1222  970      35
1974081918 3 288 1215  977      30
1974082000 3 287 1212  985      25
1974082006 0 286 1208  987       9   25
1974082012 0 284 1204  990       9   25
1974082018 0 282 1202  992       9   20
1974082100 0 280 1204  992       9   20
66666 0000    5 0018 7413 0 6 Mary(-)1                           20110729
1974082000 1 289 1207  985      12
1974082006 1 292 1205  988      12
1974082012 0 291 1202  990       9
1974082018 0 291 1200  992       9   20
1974082100 0 290 1198  994       9   20
66666 0000   26 0018 7413 0 6 Mary(-)2                           20110729
1974082018 0 274 1205  992       9   20
1974082100 0 276 1206  992       9   20
1974082106 0 278 1208  992       9   20
1974082112 0 280 1210  992       9   20
1974082118 0 282 1211  993       9   20
1974082200 0 283 1213  994       9   20
1974082206 0 287 1216  994      10
1974082212 1 288 1222  996      12
1974082218 1 288 1230  996      15
1974082300 1 286 1237  996      15
1974082306 1 283 1246  996      15
1974082312 1 279 1255  996      15
1974082318 1 274 1264  992      15
1974082400 2 269 1274  988      20
1974082406 2 263 1286  985      20
1974082412 3 263 1299  980      25
1974082418 3 264 1312  970      30
1974082500 4 268 1327  964      35
1974082506 4 283 1344  968      35
1974082512 4 298 1358  972      35
1974082518 3 321 1371  975      30
1974082600 3 345 1381  980      25
1974082606 9 374 1395  995      15
1974082612 9 408 1426 1002      10
1974082618 9 430 1460 1006      10
1974082700 9 445 1491 1012      10
66666 0000    9 0019 0000 2 6 (nameless)                         20110729
1974081112 0 162 1500  996      10
1974081118 1 171 1481  996      12
1974081200 1 170 1461  996      15
1974081206 1 163 1451  996      15
1974081212 3 157 1441  996      25
1974081218 3 151 1428  996      25
1974081300 3 154 1413  996      25
1974081306 3 162 1412  996      25
1974081312 2 170 1412  996      20
66666 0000   17 0020 0000 1 6 (nameless)                         20110729
1974081206 0 208 1112  995      10
1974081212 0 205 1120  995      10
1974081218 1 198 1127  995      12
1974081300 1 186 1130  995      12
1974081306 1 177 1132  994      12
1974081312 1 179 1128  994      12
1974081318 1 179 1120  993      12
1974081400 1 179 1114  992      15
1974081406 1 179 1105  990      15   20
1974081412 2 179 1096  988      20
1974081418 2 178 1089  988      20
1974081500 2 176 1081  988      20
1974081506 1 175 1075  990      15   20
1974081512 1 175 1068  990      15
1974081518 1 176 1058  992      12
1974081600 0 177 1048  994      10
1974081606 0 178 1038  995       9
66666 0000   15 0021 7414 0 6 Nadine                             20110729
1974081500 2 167 1275  995      20
1974081506 2 162 1291  995      20
1974081512 2 158 1310  994      20
1974081518 3 155 1335  990      25
1974081600 3 158 1358  982      30
1974081606 3 169 1375  985      30
1974081612 3 180 1397  990      25
1974081618 3 197 1409  990      25
1974081700 3 215 1415  990      25
1974081706 3 234 1414  990      25
1974081712 3 253 1411  994      25
1974081718 2 272 1406  996      20
1974081800 2 292 1401  998      20
1974081806 1 310 1395 1002      15
1974081812 0 323 1390 1002      10
66666 0000   17 0022 0000 0 6 (nameless)                         20110729
1974081900 0 252 1418 1005      10
1974081906 1 258 1422 1003      12
1974081912 1 267 1424 1003      12
1974081918 1 275 1422 1000      12
1974082000 1 282 1416 1000      12
1974082006 1 291 1417  998      12
1974082012 1 301 1422  995      15
1974082018 1 307 1430  995      15
1974082100 1 311 1439  995      15
1974082106 1 317 1451  991      15
1974082112 2 324 1469  991      20
1974082118 2 335 1485  991      20
1974082200 1 347 1499  997      15
1974082206 1 358 1515  998      15
1974082212 1 372 1536  998      15
1974082218 1 386 1564 1002      15
1974082300 0 398 1600 1005      10
66666 0000   45 0023 7415 0 6 Polly                              20110729
1974082500 0 169 1514 1005      10
1974082506 1 168 1500 1003      15
1974082512 1 166 1489 1003      15
1974082518 1 163 1477 1003      15
1974082600 1 158 1467 1003      15
1974082606 2 152 1466  996      20
1974082612 2 155 1463  992      20
1974082618 2 158 1462  990      20
1974082700 3 162 1459  985      25
1974082706 3 167 1455  978      30
1974082712 4 177 1450  975      35
1974082718 4 187 1442  970      35
1974082800 4 197 1434  965      40
1974082806 5 207 1426  960      50
1974082812 5 217 1418  950      50
1974082818 5 225 1410  948      50
1974082900 5 237 1404  950      50
1974082906 5 251 1402  950      50
1974082912 5 261 1405  952      50
1974082918 5 272 1406  954      45
1974083000 4 284 1402  954      40
1974083006 4 293 1393  955      40
1974083012 4 300 1386  955      40
1974083018 4 304 1376  955      35
1974083100 4 308 1368  955      35
1974083106 4 309 1359  955      35
1974083112 4 311 1350  955      35
1974083118 4 312 1342  955      35
1974090100 4 318 1336  955      35
1974090106 4 325 1332  955      35
1974090112 3 340 1326  965      30
1974090118 3 354 1320  975      25
1974090200 3 368 1315  980      25
1974090206 3 382 1311  985      25
1974090212 3 403 1318  985      25
1974090218 3 418 1333  985      25
1974090300 9 428 1348  985      20
1974090306 9 435 1356  990      20
1974090312 9 441 1363  993      20
1974090318 9 448 1372  995      20
1974090400 9 451 1380  997      15
1974090406 9 451 1390  998      15
1974090412 9 448 1398 1000      15
1974090418 9 439 1404 1000      15
1974090500 9 429 1410 1000      12
66666 0000   24 0024 7417 0 6 Rose                               20110729
1974082600 1 204 1172 1002      12
1974082606 1 201 1169 1002      12
1974082612 1 203 1164 1000      15
1974082618 1 207 1169 1000      15
1974082700 1 203 1175  998      15
1974082706 1 204 1185  998      15
1974082712 2 208 1202  995      20
1974082718 2 216 1216  995      20
1974082800 3 223 1235  993      25
1974082806 3 230 1248  990      25
1974082812 3 236 1262  987      25
1974082818 3 242 1273  987      25
1974082900 3 248 1280  985      25
1974082906 3 254 1287  985      25
1974082912 3 258 1289  985      25
1974082918 3 263 1288  985      25
1974083000 3 268 1287  985      25
1974083006 3 272 1292  985      25
1974083012 3 268 1300  987      25
1974083018 2 261 1308  990      20
1974083100 2 259 1319  990      20
1974083106 1 261 1331  995      15
1974083112 1 265 1342  995      15
1974083118 1 271 1350  995      15
66666 0000   22 0025 7416 0 6 (nameless)                         20110729
1974082700 1 243 1314  999      15
1974082706 1 252 1310  996      15
1974082712 1 259 1303  995      15
1974082718 1 264 1297  995      15
1974082800 1 269 1291  995      12
1974082806 1 274 1281  995      12
1974082812 1 284 1271  995      12
1974082818 2 302 1260  995      20
1974082900 3 323 1251  990      25
1974082906 3 346 1240  990      30
1974082912 3 370 1225  985      30
1974082918 3 387 1212  980      30
1974083000 3 399 1205  986      25
1974083006 9 411 1185  993      15
1974083012 9 416 1170  993      10
1974083018 9 422 1159  996       9
1974083100 9 431 1159  996       9
1974083106 9 443 1168  996       9
1974083112 9 449 1175  998       9
1974083118 9 458 1189 1000       9
1974090100 9 463 1200 1000       9
1974090106 9 470 1210 1001       9
66666 0000   31 0026 7418 2 6 Shirley                            20110729
1974090200 1 232 1230 1001      15
1974090206 1 233 1239  999      15
1974090212 1 234 1249  999      15
1974090218 1 235 1261 1001      12
1974090300 1 236 1274 1001      12
1974090306 1 237 1284 1001      12
1974090312 1 239 1291 1001      12
1974090318 1 240 1299 1001      12
1974090400 1 243 1305 1001      15
1974090406 1 246 1311  995      15
1974090412 1 250 1314  993      15
1974090418 1 255 1312  990      15
1974090500 3 260 1311  988      25
1974090506 3 266 1312  985      25
1974090512 4 264 1310  980      35
1974090518 4 265 1304  980      35
1974090600 4 268 1296  980      35
1974090606 4 271 1289  978      35
1974090612 4 275 1285  978      40
1974090618 4 279 1281  978      40
1974090700 4 283 1276  975      40
1974090706 5 285 1275  972      45
1974090712 5 288 1275  972      45
1974090718 4 292 1275  976      40
1974090800 4 297 1275  983      40
1974090806 4 307 1285  983      40
1974090812 4 317 1301  985      35
1974090818 2 329 1325  995      20
1974090900 1 340 1350 1000      15
1974090906 1 352 1378 1002      15
1974090912 1 361 1398 1002      12
66666 0000   18 0027 7419 0 6 (nameless)                         20110729
1974090306 0 218 1168 1002      10
1974090312 0 219 1171 1002      10
1974090318 0 218 1174 1002      10
1974090400 0 215 1176 1002      10
1974090406 0 212 1172 1002      10
1974090412 0 209 1166 1000      10
1974090418 1 207 1163 1000      12
1974090500 1 205 1159  998      15
1974090506 2 205 1154  997      20
1974090512 2 206 1146  997      20
1974090518 2 206 1140  995      20
1974090600 3 210 1130  980      25
1974090606 3 215 1122  980      25
1974090612 2 214 1108  987      20
1974090618 2 216 1096  993      20
1974090700 2 221 1085  995      20
1974090706 1 225 1075  997      15
1974090712 0 225 1066 1000      10
66666 0000   25 0028 0000 2 6 Virginia                           20110729
1974091100 0 241 1522 1008       0
1974091106 0 253 1510 1008       0
1974091112 0 269 1502 1008       0
1974091118 0 282 1500 1006       0
1974091200 0 297 1504 1006      10
1974091206 1 303 1509 1006      12
1974091212 1 312 1515 1004      15
1974091218 2 318 1520  995      20
1974091300 4 323 1525  980      35
1974091306 4 332 1532  980      35
1974091312 4 340 1538  975      35
1974091318 4 349 1549  975      35
1974091400 4 357 1556  971      40
1974091406 4 363 1558  971      40
1974091412 4 370 1558  973      40
1974091418 4 380 1554  975      35
1974091500 4 388 1550  975      35
1974091506 3 392 1542  980      30
1974091512 3 397 1536  985      30
1974091518 3 406 1534  990      30
1974091600 2 414 1538  996      20
1974091606 1 420 1542 1000      15
1974091612 0 425 1550 1006      10
1974091618 0 430 1564 1008      10
1974091700 9 435 1585 1010      10
66666 0000    9 0029 0000 0 6 (nameless)                         20110729
1974091318 0 203 1242 1007      10
1974091400 0 210 1240 1005      10
1974091406 0 213 1235 1004      10
1974091412 1 215 1228 1003      12
1974091418 1 213 1225 1003      12
1974091500 1 211 1221 1003      12
1974091506 1 208 1219 1003      12
1974091512 1 201 1218 1005      12
1974091518 0 198 1221 1007      10
66666 0000   30 0030 7420 0 6 Wendy                              20110729
1974092300 0 149 1300 1008      10
1974092306 0 161 1291 1006      10
1974092312 0 168 1280 1006      10
1974092318 0 170 1265 1006      10
1974092400 1 171 1252 1004      15
1974092406 1 176 1241 1001      15
1974092412 1 180 1235  999      15
1974092418 1 184 1229  999      15
1974092500 1 188 1221  999      15
1974092506 2 189 1213  995      20
1974092512 2 192 1209  995      20
1974092518 2 194 1209  995      20
1974092600 2 197 1209  995      20
1974092606 3 200 1209  993      25
1974092612 3 204 1206  993      25
1974092618 3 208 1204  992      25
1974092700 3 212 1205  992      25
1974092706 3 220 1210  990      25
1974092712 3 227 1217  984      30
1974092718 3 235 1225  984      30
1974092800 3 241 1224  984      30
1974092806 3 246 1221  986      30
1974092812 3 248 1219  986      30
1974092818 3 249 1218  986      30
1974092900 3 249 1217  990      25
1974092906 3 252 1217  995      25
1974092912 2 253 1213  998      20
1974092918 1 256 1211 1000      15
1974093000 1 259 1211 1002      12
1974093006 1 264 1212 1005      12
66666 0000   38 0031 0000 1 6 Agnes                              20110729
1974092312 0 200 1574 1006       0
1974092318 0 209 1568 1006       0
1974092400 0 218 1559 1004       0
1974092406 0 225 1551 1000      10
1974092412 1 228 1548 1000      15
1974092418 2 231 1544 1000      20
1974092500 2 233 1541 1000      20
1974092506 3 235 1538 1000      25
1974092512 3 237 1534  997      25
1974092518 3 239 1530  997      25
1974092600 3 241 1527  996      25
1974092606 3 243 1523  990      30
1974092612 3 245 1521  985      30
1974092618 3 248 1516  984      30
1974092700 3 251 1511  980      30
1974092706 4 255 1509  978      35
1974092712 4 259 1506  975      35
1974092718 4 262 1504  970      35
1974092800 4 266 1503  968      35
1974092806 4 273 1502  968      35
1974092812 4 279 1502  968      35
1974092818 4 288 1506  968      35
1974092900 4 295 1516  968      35
1974092906 4 299 1527  968      35
1974092912 5 301 1538  968      45
1974092918 5 303 1549  968      45
1974093000 5 306 1560  965      50
1974093006 6 314 1586  961      55
1974093012 6 329 1612  963      55
1974093018 6 344 1628  963      55
1974100100 9 359 1641  965      55
1974100106 9 379 1662  970      50
1974100112 9 396 1684  970      45
1974100118 9 413 1705  970      35
1974100200 9 430 1730  975      30
1974100206 9 446 1746  975      30
1974100212 9 460 1760  975      30
1974100218 9 478 1775  975      30
66666 0000   27 0032 7421 0 6 Bess                               20110729
1974100800 1 115 1365 1005      12
1974100806 1 119 1350 1003      15
1974100812 1 121 1334 1003      15
1974100818 1 127 1315 1002      15
1974100900 2 136 1301  998      20
1974100906 2 143 1293  998      20
1974100912 2 151 1285  995      20
1974100918 4 160 1276  986      35
1974101000 4 168 1263  986      35
1974101006 4 171 1255  985      35
1974101012 4 175 1243  980      40
1974101018 4 177 1230  980      40
1974101100 4 177 1219  980      35
1974101106 4 178 1209  980      35
1974101112 4 179 1199  980      35
1974101118 4 184 1190  980      35
1974101200 4 188 1183  980      35
1974101206 4 191 1176  980      35
1974101212 4 194 1167  980      35
1974101218 4 197 1157  980      35
1974101300 4 198 1145  980      35
1974101306 4 197 1126  980      35
1974101312 3 194 1107  987      30
1974101318 2 191 1089  995      20
1974101400 2 189 1080  997      20
1974101406 1 189 1071 1003      15
1974101412 0 193 1062 1005      10
66666 0000   26 0033 7422 0 6 Carmen                             20110729
1974101400 0 115 1320 1003      10
1974101406 0 116 1310 1001      10
1974101412 1 118 1299 1000      15
1974101418 1 121 1288 1000      15
1974101500 3 123 1277  994      25
1974101506 3 127 1264  994      25
1974101512 3 134 1253  993      25
1974101518 3 145 1247  985      25
1974101600 3 151 1238  980      30
1974101606 4 156 1227  974      35
1974101612 4 167 1213  975      35
1974101618 4 173 1200  975      35
1974101700 4 179 1186  975      35
1974101706 4 184 1174  979      35
1974101712 4 190 1164  979      35
1974101718 4 194 1155  979      35
1974101800 4 199 1150  979      35
1974101806 4 202 1146  979      35
1974101812 4 205 1143  979      40
1974101818 4 208 1140  980      40
1974101900 4 211 1137  980      40
1974101906 4 214 1131  985      35
1974101912 3 215 1126  995      25
1974101918 2 212 1120 1000      20
1974102000 1 208 1112 1005      15
1974102006 1 204 1106 1006      12
66666 0000   29 0034 7423 0 6 Della                              20110729
1974102006 1 118 1348 1005      15
1974102012 1 119 1328 1005      15
1974102018 1 122 1308 1000      15
1974102100 1 128 1290 1000      15
1974102106 2 138 1280  995      20
1974102112 2 147 1267  995      20
1974102118 3 156 1255  995      25
1974102200 3 166 1253  990      30
1974102206 3 175 1250  985      30
1974102212 4 182 1242  980      35
1974102218 4 188 1233  980      35
1974102300 4 193 1223  975      40
1974102306 4 192 1216  971      40
1974102312 4 190 1209  969      40
1974102318 4 185 1202  967      40
1974102400 4 182 1196  967      40
1974102406 4 181 1189  967      40
1974102412 5 180 1181  967      45
1974102418 5 180 1169  963      45
1974102500 5 181 1157  960      45
1974102506 5 182 1143  958      50
1974102512 5 183 1132  960      50
1974102518 5 185 1121  960      45
1974102600 4 188 1108  975      35
1974102606 3 190 1094  985      30
1974102612 3 190 1082  990      25
1974102618 3 191 1072  990      25
1974102700 2 193 1063  995      20
1974102706 1 194 1053 1002      15
66666 0000   33 0035 7424 0 6 Elaine                             20110729
1974102306 0 147 1447 1004      10
1974102312 1 159 1439 1004      12
1974102318 1 167 1428 1000      12
1974102400 2 175 1416 1000      20
1974102406 2 178 1406 1000      20
1974102412 2 176 1396 1000      20
1974102418 2 175 1387 1000      20
1974102500 2 174 1378  995      20
1974102506 2 173 1367  995      20
1974102512 3 173 1356  990      25
1974102518 3 172 1345  990      25
1974102600 3 169 1333  980      30
1974102606 3 167 1317  974      30
1974102612 3 167 1302  968      30
1974102618 4 167 1289  965      35
1974102700 4 168 1275  950      40
1974102706 5 170 1260  946      45
1974102712 5 172 1244  944      45
1974102718 4 173 1231  950      40
1974102800 4 174 1217  960      35
1974102806 4 174 1203  965      35
1974102812 4 176 1194  967      35
1974102818 4 180 1181  970      35
1974102900 4 184 1172  975      35
1974102906 4 190 1163  975      35
1974102912 4 197 1155  978      35
1974102918 4 204 1147  978      35
1974103000 3 207 1144  980      30
1974103006 3 208 1140  985      25
1974103012 3 207 1137  990      25
1974103018 2 206 1135  995      20
1974103100 2 205 1133 1000      20
1974103106 1 204 1131 1005      15
66666 0000   24 0036 7425 0 6 Faye                               20110729
1974103100 0 129 1297 1004      10
1974103106 0 125 1285 1000      10
1974103112 0 126 1274 1000      10
1974103118 1 127 1263  998      12
1974110100 1 128 1252  998      12
1974110106 1 130 1240  995      15
1974110112 1 133 1227  995      15
1974110118 1 140 1214  995      15
1974110200 2 142 1199  992      20
1974110206 3 143 1183  990      25
1974110212 3 144 1167  990      25
1974110218 3 145 1156  990      25
1974110300 3 149 1145  990      25
1974110306 3 151 1131  990      25
1974110312 3 149 1118  990      25
1974110318 2 146 1106  990      20
1974110400 2 145 1094  994      20
1974110406 1 146 1085 1000      15
1974110412 1 147 1072 1000      12
1974110418 0 146 1055 1000      10
1974110500 0 145 1037 1002       9
1974110506 0 145 1022 1002       9
1974110512 0 147 1012 1005       9
1974110518 0 151 1010 1006       9
66666 0000   31 0037 7426 0 6 Gloria                             20110729
1974110300 2  73 1415 1000      20
1974110306 4  80 1407  985      35
1974110312 4  91 1398  985      35
1974110318 4 101 1389  985      35
1974110400 4 112 1379  985      35
1974110406 4 123 1368  978      40
1974110412 4 134 1354  970      40
1974110418 4 146 1337  960      40
1974110500 5 155 1319  950      45
1974110506 6 159 1301  937      65
1974110512 6 160 1288  945      55
1974110518 5 158 1275  954      50
1974110600 5 158 1263  954      50
1974110606 5 161 1251  960      50
1974110612 5 169 1239  964      45
1974110618 5 177 1230  968      45
1974110700 5 182 1215  972      45
1974110706 4 180 1205  975      40
1974110712 4 183 1193  975      40
1974110718 4 187 1186  980      40
1974110800 4 197 1179  985      35
1974110806 4 207 1175  987      35
1974110812 4 215 1172  989      35
1974110818 3 221 1170  990      30
1974110900 3 224 1167  992      25
1974110906 2 223 1163  992      20
1974110912 2 220 1159  998      20
1974110918 1 217 1157 1002      15
1974111000 1 215 1155 1004      15
1974111006 1 212 1154 1005      12
1974111012 0 208 1154 1007      10
66666 0000   20 0038 0000 0 6 Hester                             20110729
1974111012 0  90 1350 1007      10
1974111018 0  93 1324 1007      10
1974111100 0  97 1296 1007      10
1974111106 0  99 1286 1005      10
1974111112 0 102 1278 1005      10
1974111118 0 105 1269 1005      10
1974111200 0 108 1260 1005      10
1974111206 0 112 1248 1004      10
1974111212 0 119 1239 1004      10
1974111218 0 121 1229 1006      10
1974111300 0 124 1219 1006      10
1974111306 1 126 1207 1004      15
1974111312 1 124 1192 1004      15
1974111318 1 124 1178 1004      15
1974111400 1 128 1164 1004      15
1974111406 1 131 1151 1002      15
1974111412 1 136 1141 1002      15
1974111418 2 134 1128 1000      20
1974111500 2 130 1115 1000      20
1974111506 1 128 1098 1002      15
66666 0000   45 0039 7427 0 6 Irma                               20110729
1974112200 0 103 1402  997      10
1974112206 1 108 1405  995      12
1974112212 1 113 1403  992      15
1974112218 1 117 1400  990      15
1974112300 2 120 1395  985      20
1974112306 3 124 1387  982      25
1974112312 3 130 1377  980      30
1974112318 4 134 1369  978      35
1974112400 4 138 1362  975      35
1974112406 4 142 1354  970      40
1974112412 4 145 1349  965      40
1974112418 4 148 1343  960      40
1974112500 4 151 1337  955      40
1974112506 4 153 1330  950      40
1974112512 5 154 1323  945      45
1974112518 5 155 1317  945      45
1974112600 5 156 1309  940      45
1974112606 5 157 1301  939      50
1974112612 5 157 1292  940      50
1974112618 5 157 1280  940      50
1974112700 5 157 1267  940      50
1974112706 5 157 1254  940      50
1974112712 5 157 1241  940      50
1974112718 5 157 1228  945      50
1974112800 5 156 1216  975      45
1974112806 4 155 1206  980      40
1974112812 4 154 1196  980      35
1974112818 3 155 1185  985      30
1974112900 3 156 1174  985      30
1974112906 3 157 1164  985      30
1974112912 3 157 1153  985      30
1974112918 3 158 1142  980      30
1974113000 4 161 1134  975      35
1974113006 4 164 1128  975      35
1974113012 4 169 1124  970      35
1974113018 4 176 1120  970      35
1974120100 3 183 1117  975      30
1974120106 3 191 1116  980      30
1974120112 3 201 1117  985      25
1974120118 3 210 1120  985      25
1974120200 3 217 1126  985      25
1974120206 1 222 1131  998      15
1974120212 1 226 1140 1000      12
1974120218 0 228 1149 1005      10
1974120300 0 231 1159 1007       9
66666 0000   18 0040 7428 0 6 Judy                               20110729
1974121418 0 106 1270 1006      10
1974121500 0 112 1239 1005      10
1974121506 0 116 1224 1004      10
1974121512 0 121 1210 1004      10
1974121518 0 125 1204 1004      10
1974121600 0 128 1199 1004      10
1974121606 0 131 1192 1004      10
1974121612 0 132 1184 1004      10
1974121618 0 134 1175 1004      10
1974121700 0 136 1165 1004      10
1974121706 1 138 1155 1004      15
1974121712 1 139 1148 1002      15
1974121718 1 139 1141 1002      15
1974121800 2 138 1133 1000      20
1974121806 2 135 1126 1000      20
1974121812 2 131 1119 1000      20
1974121818 2 126 1113 1000      20
1974121900 1 121 1107 1004      12
66666 0000   23 0041 7429 0 6 Kit                                20110729
1974121900 0 102 1350 1004      10
1974121906 1 113 1333 1004      12
1974121912 1 122 1316 1000      15
1974121918 2 122 1299 1000      20
1974122000 2 116 1285  998      20
1974122006 2 113 1269  998      20
1974122012 2 115 1251 1000      20
1974122018 1 113 1239 1000      15
1974122100 1 109 1229 1002      15
1974122106 1 110 1217 1005      12
1974122112 1 111 1205 1005      12
1974122118 0 114 1192 1006      10
1974122200 0 116 1181 1008      10
1974122206 0 114 1168 1008      10
1974122212 0 111 1155 1008      10
1974122218 1 106 1146 1006      12
1974122300 2 100 1135 1004      20
1974122306 2  96 1121 1004      20
1974122312 2  94 1107 1000      20
1974122318 2  92 1094  996      20
1974122400 2  90 1081  996      20
1974122406 1  86 1071 1004      12
1974122412 0  80 1060 1006      10
