66666 0000   36 0001 9201 0 6 Axel                               20110729
1992010506 1  52 1785 1000      15
1992010512 1  55 1775 1000      15
1992010518 1  58 1765  998      15
1992010600 2  61 1761  995      20
1992010606 2  62 1751  995      20
1992010612 2  62 1744  995      20
1992010618 2  62 1730  990      20
1992010700 2  61 1722  990      20
1992010706 3  58 1707  985      25
1992010712 3  56 1695  985      25
1992010718 3  56 1688  985      25
1992010800 3  58 1685  980      30
1992010806 3  58 1677  980      30
1992010812 3  62 1660  980      30
1992010818 3  65 1639  980      30
1992010900 3  68 1623  980      30
1992010906 3  70 1605  980      30
1992010912 3  72 1592  980      30
1992010918 3  72 1573  980      30
1992011000 3  73 1558  985      25
1992011006 3  82 1547  985      25
1992011012 2  85 1537  990      20
1992011018 2  89 1529  995      20
1992011100 2  96 1524  995      20
1992011106 2  96 1514  995      20
1992011112 1  98 1504  998      15
1992011118 1 101 1493  998      15
1992011200 1 103 1480  998      15
1992011206 1 104 1461  998      15
1992011212 1 105 1445  998      15
1992011218 1 107 1434 1000      15
1992011300 1 113 1432 1000      15
1992011306 1 122 1430 1000      15
1992011312 1 132 1425 1002      15
1992011318 1 139 1419 1002      15
1992011400 1 142 1408 1004      12
66666 0000   21 0002 9202 0 6 Ekeka                              20110729
1992020312 2  90 1814  990      20
1992020318 2  95 1798  990      20
1992020400 2  93 1782  990      20
1992020406 2  93 1768  990      20
1992020412 2  92 1747  990      20
1992020418 1  95 1731  998      15
1992020500 1  98 1713  998      15
1992020506 1 102 1696 1000      15
1992020512 1 107 1685 1004      15
1992020518 1 113 1670 1004      15
1992020600 1 112 1654 1004      15
1992020606 1 109 1644 1006      15
1992020612 1 105 1633 1006      15
1992020618 1 102 1622 1006      15
1992020700 1  98 1607 1006      15
1992020706 1  95 1594 1008      12
1992020712 1  91 1582 1008      12
1992020718 1  86 1563 1008      12
1992020800 1  79 1537 1008      12
1992020806 1  72 1519 1008      12
1992020812 1  65 1501 1008      12
66666 0000   38 0003 9203 1 6 Bobbie                             20110729
1992062312 1 112 1305 1000      15
1992062318 1 114 1308 1000      15
1992062400 1 116 1310 1000      15
1992062406 2 118 1310  995      20
1992062412 2 121 1307  995      20
1992062418 2 127 1300  990      20
1992062500 3 135 1292  985      25
1992062506 3 143 1285  980      30
1992062512 3 149 1277  980      30
1992062518 3 158 1268  975      30
1992062600 4 167 1262  970      35
1992062606 4 175 1255  965      35
1992062612 4 182 1250  960      40
1992062618 5 191 1243  950      45
1992062700 5 201 1242  950      45
1992062706 5 212 1239  950      45
1992062712 5 220 1237  950      45
1992062718 5 227 1239  950      45
1992062800 5 237 1242  950      45
1992062806 5 243 1247  950      45
1992062812 4 248 1257  960      40
1992062818 4 254 1266  960      40
1992062900 4 260 1278  965      35
1992062906 4 265 1290  965      35
1992062912 3 271 1304  975      30
1992062918 3 277 1314  975      30
1992063000 3 286 1332  975      30
1992063006 3 305 1354  980      25
1992063012 3 329 1380  980      25
1992063018 3 357 1407  980      25
1992070100 9 380 1440  984      25
1992070106 9 400 1480  984      25
1992070112 9 410 1510  984      25
1992070118 9 410 1540  984      25
1992070200 9 410 1580  984      25
1992070206 9 410 1630  984      25
1992070212 9 420 1680  988      20
1992070218 9 430 1720  990      20
66666 0000   31 0004 9204 0 6 Chuck                              20110729
1992062400 0 130 1189 1000      10
1992062406 0 133 1183  998      10
1992062412 1 137 1176  998      12
1992062418 1 140 1167  995      15
1992062500 2 144 1158  990      20
1992062506 2 147 1152  990      20
1992062512 3 147 1147  985      25
1992062518 3 146 1143  985      25
1992062600 3 145 1139  980      30
1992062606 3 146 1136  980      30
1992062612 3 150 1133  980      30
1992062618 3 155 1129  975      30
1992062700 3 163 1125  970      30
1992062706 4 167 1119  965      35
1992062712 4 173 1113  965      35
1992062718 4 179 1106  965      35
1992062800 4 185 1098  960      35
1992062806 4 186 1089  965      35
1992062812 4 188 1082  965      35
1992062818 4 194 1076  970      35
1992062900 3 199 1073  974      30
1992062906 3 206 1069  974      30
1992062912 3 214 1067  980      25
1992062918 2 213 1063  990      20
1992063000 1 210 1060  995      15
1992063006 1 207 1063  995      15
1992063012 1 211 1065  995      15
1992063018 1 216 1063  998      12
1992070100 0 221 1063  998      10   15
1992070106 0 225 1063  998      10   15
1992070112 0 232 1065  998      10
66666 0000   20 0005 0000 0 6 Deanna                             20110729
1992062818 1  58 1403 1002      15
1992062900 1  65 1400 1002      15
1992062906 1  74 1390 1004      12
1992062912 1  80 1375 1004      12
1992062918 1  91 1361 1004      12
1992063000 1 108 1344 1004      12
1992063006 1 116 1333 1004      12
1992063012 1 128 1321 1004      12
1992063018 1 140 1310 1004      12
1992070100 1 145 1305 1002      15
1992070106 1 153 1297 1002      15
1992070112 1 161 1287 1002      15
1992070118 1 170 1280 1000      15
1992070200 1 180 1275 1000      15
1992070206 1 191 1274 1000      15
1992070212 1 202 1277 1000      15
1992070218 1 213 1289 1000      15
1992070300 1 223 1300 1000      15
1992070306 1 245 1309 1000      15
1992070312 1 280 1322 1002      12
66666 0000   25 0006 9205 0 6 Eli                                20110729
1992070800 0  80 1410 1005       9
1992070806 0  85 1390 1005       9
1992070812 0 100 1380 1005      10
1992070818 0 108 1372 1005      10
1992070900 1 115 1360 1004      12
1992070906 1 125 1340 1002      15
1992070912 1 130 1330 1002      15
1992070918 1 137 1315 1000      15
1992071000 2 140 1300  995      20
1992071006 3 147 1283  990      25
1992071012 3 152 1268  985      30
1992071018 3 154 1246  980      30
1992071100 4 157 1223  970      35
1992071106 4 162 1204  975      35
1992071112 4 169 1186  975      35
1992071118 4 170 1169  975      35
1992071200 4 171 1155  975      35
1992071206 4 173 1143  975      35
1992071212 4 177 1131  970      35
1992071218 4 182 1121  970      35
1992071300 4 192 1106  970      35
1992071306 3 199 1093  980      30
1992071312 3 203 1081  980      30
1992071318 3 204 1066  985      25
1992071400 1 208 1050  995      15
66666 0000   14 0007 9206 0 6 Faye                               20110729
1992071500 1 165 1235 1006      12
1992071506 1 173 1217 1006      12
1992071512 1 180 1200 1004      15
1992071518 1 185 1192 1004      15
1992071600 1 190 1180 1004      15
1992071606 1 192 1163 1004      15
1992071612 1 194 1151 1000      15
1992071618 1 196 1142  998      15
1992071700 2 201 1140  995      20
1992071706 2 206 1138  992      20
1992071712 3 216 1136  988      25
1992071718 2 218 1134  992      20
1992071800 2 223 1135  992      20
1992071806 1 230 1137  995      15
66666 0000   27 0008 9207 0 6 Gary                               20110729
1992071706 0 140 1310 1008      10
1992071712 0 141 1300 1008      10
1992071718 0 145 1290 1008      10
1992071800 0 150 1280 1008      10
1992071806 0 150 1263 1008      10
1992071812 1 151 1250 1004      12
1992071818 1 153 1240 1004      12
1992071900 1 155 1235 1002      15
1992071906 1 157 1230 1002      15
1992071912 1 159 1223 1002      15
1992071918 1 161 1219 1002      15
1992072000 1 163 1216 1000      15
1992072006 1 166 1210 1000      15
1992072012 2 169 1200  995      20
1992072018 2 174 1187  995      20
1992072100 2 178 1168  990      20
1992072106 2 184 1160  990      20
1992072112 3 190 1155  985      25
1992072118 3 195 1148  985      25
1992072200 3 197 1136  980      30
1992072206 4 200 1125  975      35
1992072212 4 204 1113  975      35
1992072218 3 211 1104  980      30
1992072300 3 217 1094  985      25
1992072306 2 226 1082  990      20
1992072312 1 225 1066  995      15
1992072318 1 225 1048  996      12
66666 0000   14 0009 9208 1 6 Helen                              20110729
1992072600 1 258 1580 1005      12
1992072606 1 265 1580 1002      15
1992072612 2 273 1582  998      20
1992072618 2 285 1581  995      20
1992072700 2 299 1580  995      20
1992072706 2 319 1582  995      20
1992072712 2 338 1586  995      20
1992072718 2 351 1596  995      20
1992072800 1 362 1605 1000      15
1992072806 1 375 1615 1002      15
1992072812 9 390 1630 1002      12
1992072818 9 400 1640 1002      12
1992072900 9 410 1660 1005      12
1992072906 9 430 1690 1005      12
66666 0000   21 0010 9209 0 6 Irving                             20110729
1992073112 0 218 1314 1006      10
1992073118 0 225 1308 1006      10
1992080100 1 233 1300 1004      12
1992080106 1 243 1303 1004      12
1992080112 1 247 1310 1002      15
1992080118 1 250 1313 1000      15
1992080200 2 255 1320  995      20
1992080206 2 265 1318  995      20
1992080212 2 271 1318  995      20
1992080218 2 276 1318  990      20
1992080300 3 287 1320  985      25
1992080306 3 300 1330  980      30
1992080312 3 303 1338  980      30
1992080318 3 312 1342  985      25
1992080400 3 322 1337  985      25
1992080406 2 333 1325  990      20
1992080412 1 338 1310 1000      15
1992080418 1 345 1300 1004      12
1992080500 1 350 1280 1004      12
1992080506 0 360 1265 1006      10
1992080512 0 365 1258 1006       9
66666 0000   36 0011 9210 1 6 Janis                              20110729
1992080200 0 100 1490 1008       9
1992080206 0  97 1479 1005      10
1992080212 1  99 1465 1005      12
1992080218 1 100 1455 1004      15
1992080300 1 102 1448 1004      15
1992080306 1 103 1433 1004      15
1992080312 1 105 1420 1004      15
1992080318 1 117 1409 1000      15
1992080400 2 135 1399  995      20
1992080406 2 150 1402  990      20
1992080412 3 165 1398  985      25
1992080418 3 176 1389  980      30
1992080500 3 187 1375  980      30
1992080506 4 191 1364  970      35
1992080512 4 199 1352  965      40
1992080518 4 208 1341  960      40
1992080600 5 217 1332  955      45
1992080606 5 228 1322  950      45
1992080612 5 242 1312  945      50
1992080618 5 254 1302  940      50
1992080700 5 265 1296  950      45
1992080706 5 281 1293  955      45
1992080712 4 293 1291  960      40
1992080718 4 308 1297  970      35
1992080800 4 326 1305  970      35
1992080806 3 345 1330  980      30
1992080812 3 358 1353  985      25
1992080818 3 368 1362  985      25
1992080900 2 382 1382  990      20
1992080906 9 410 1420  995      15
1992080912 9 430 1440  998      15
1992080918 9 450 1460  998      15
1992081000 9 470 1470  998      15
1992081006 9 480 1480  998      15
1992081012 9 490 1490 1000      15
1992081018 9 500 1500 1000      15
66666 0000   58 0012 9211 0 6 Kent                               20110729
1992080512 0 100 1705 1006      10
1992080518 1 104 1695 1004      12
1992080600 1 109 1688 1000      15
1992080606 2 116 1680  995      20
1992080612 2 120 1670  990      20
1992080618 3 126 1660  985      25
1992080700 3 133 1648  980      30
1992080706 3 138 1635  980      30
1992080712 3 144 1626  975      30
1992080718 4 153 1614  970      35
1992080800 4 158 1607  970      35
1992080806 4 166 1599  970      35
1992080812 4 171 1590  970      35
1992080818 4 175 1581  970      35
1992080900 4 179 1566  970      35
1992080906 4 182 1556  970      35
1992080912 4 188 1545  970      35
1992080918 4 192 1538  965      35
1992081000 4 194 1530  960      40
1992081006 4 196 1522  960      40
1992081012 5 198 1513  955      45
1992081018 5 202 1503  950      45
1992081100 5 206 1494  940      50
1992081106 6 209 1486  935      55
1992081112 6 212 1479  930      55
1992081118 6 216 1473  930      55
1992081200 6 221 1466  930      55
1992081206 6 225 1459  930      55
1992081212 6 228 1455  935      55
1992081218 5 232 1452  940      50
1992081300 5 236 1449  945      45
1992081306 5 240 1447  945      45
1992081312 5 245 1447  950      45
1992081318 5 250 1444  955      45
1992081400 4 258 1439  960      40
1992081406 4 261 1436  960      40
1992081412 4 264 1431  960      40
1992081418 4 268 1426  960      40
1992081500 4 269 1420  965      35
1992081506 4 271 1416  965      35
1992081512 4 274 1410  965      35
1992081518 4 276 1404  965      35
1992081600 4 278 1397  965      35
1992081606 4 283 1386  965      35
1992081612 4 286 1373  965      35
1992081618 4 288 1361  965      35
1992081700 3 289 1351  970      30
1992081706 3 294 1341  970      30
1992081712 3 301 1333  970      30
1992081718 3 303 1329  970      30
1992081800 3 310 1321  975      30
1992081806 3 317 1320  980      25
1992081812 3 328 1318  985      25
1992081818 3 340 1318  985      25
1992081900 2 348 1321  990      20
1992081906 2 355 1325  994      20
1992081912 1 359 1333  996      15
1992081918 1 367 1345  998      12
66666 0000   43 0013 9213 0 6 Lois                               20110729
1992081400 0 145 1265 1002      10
1992081406 0 147 1273 1002      10
1992081412 0 150 1280 1002      10
1992081418 0 156 1287 1002      10
1992081500 0 162 1295 1002      10
1992081506 1 165 1300 1000      12
1992081512 1 167 1305 1000      12
1992081518 1 169 1310 1000      15
1992081600 1 173 1315 1000      15
1992081606 2 176 1325  998      20
1992081612 2 180 1335  998      20
1992081618 2 182 1342  998      20
1992081700 2 185 1346  995      20
1992081706 2 186 1350  995      20
1992081712 2 189 1354  995      20
1992081718 2 193 1359  995      20
1992081800 2 200 1363  995      20
1992081806 2 209 1372  995      20
1992081812 2 218 1376  995      20
1992081818 2 229 1379  995      20
1992081900 2 241 1385  995      20
1992081906 2 250 1390  995      20
1992081912 2 260 1397  995      20
1992081918 2 268 1407  995      20
1992082000 2 280 1416  995      20
1992082006 2 287 1427  995      20
1992082012 2 295 1440  995      20
1992082018 2 305 1453  995      20
1992082100 2 325 1470  995      20
1992082106 1 345 1490 1000      15
1992082112 1 365 1503 1000      15
1992082118 9 380 1520 1000      15
1992082200 9 395 1535 1004      12
1992082206 9 400 1555 1004      12
1992082212 9 405 1570 1004      12
1992082218 9 410 1585 1006      10
1992082300 9 410 1595 1006      10
1992082306 9 410 1610 1006      10
1992082312 9 415 1620 1006      10
1992082318 9 420 1630 1006      10
1992082400 9 425 1640 1006      10
1992082406 9 435 1675 1006      10
1992082412 9 440 1700 1006      10
66666 0000   18 0014 9212 0 6 Mark                               20110729
1992081500 1 184 1175 1000      12
1992081506 1 190 1172 1000      12
1992081512 1 198 1170  995      15
1992081518 1 208 1167  995      15
1992081600 2 212 1173  990      20
1992081606 2 210 1178  990      20
1992081612 2 208 1180  990      20
1992081618 2 208 1180  990      20
1992081700 3 210 1175  990      25
1992081706 3 215 1175  985      25
1992081712 3 220 1178  985      25
1992081718 3 225 1180  985      25
1992081800 3 225 1180  985      25
1992081806 3 230 1181  985      25
1992081812 3 232 1179  985      25
1992081818 2 233 1177  990      20
1992081900 2 236 1170  993      20
1992081906 1 233 1160  998      12
66666 0000   19 0015 9214 0 6 Nina                               20110729
1992081706 0 250 1610 1008      10
1992081712 0 250 1605 1008      10
1992081718 0 252 1600 1008      10
1992081800 0 255 1595 1008      10
1992081806 1 257 1589 1005      12
1992081812 1 261 1584 1005      12
1992081818 1 265 1582 1005      12
1992081900 1 275 1577 1000      15
1992081906 1 284 1573 1000      15
1992081912 2 300 1565  995      20
1992081918 2 312 1559  995      20
1992082000 2 332 1555  995      20
1992082006 2 348 1557  995      20
1992082012 2 367 1569  995      20
1992082018 2 384 1587  995      20
1992082100 2 394 1614  995      20
1992082106 1 398 1647  998      15
1992082112 1 400 1690 1000      15
1992082118 9 400 1730 1002      15
66666 0000   68 0016 9215 0 6 Omar                               20110729
1992082300 0  68 1586 1008       9
1992082306 0  69 1575 1005      10
1992082312 0  71 1566 1004      10
1992082318 0  76 1561 1004      10
1992082400 0  81 1555 1004      10
1992082406 0  87 1551 1004      10
1992082412 0  90 1546 1004      10
1992082418 0  92 1538 1004      10
1992082500 1  95 1527 1000      12
1992082506 1 103 1515  998      15
1992082512 2 107 1504  995      20
1992082518 2 109 1499  995      20
1992082600 2 110 1496  995      20
1992082606 2 111 1491  995      20
1992082612 3 112 1488  985      25
1992082618 3 115 1487  985      25
1992082700 3 118 1486  980      30
1992082706 3 122 1482  980      30
1992082712 3 124 1477  975      30
1992082718 4 127 1469  970      35
1992082800 4 132 1460  970      35
1992082806 4 135 1451  970      35
1992082812 4 137 1442  965      35
1992082818 4 140 1433  955      40
1992082900 5 142 1426  945      45
1992082906 5 144 1417  940      45
1992082912 5 145 1412  935      50
1992082918 5 147 1406  930      50
1992083000 6 150 1400  925      55
1992083006 6 153 1396  925      55
1992083012 6 157 1392  925      55
1992083018 6 161 1385  925      55
1992083100 6 166 1377  925      55
1992083106 6 169 1368  925      55
1992083112 6 172 1360  925      55
1992083118 6 178 1351  925      55
1992090100 6 185 1341  930      55
1992090106 5 192 1331  935      50
1992090112 5 200 1319  935      50
1992090118 5 207 1306  935      50
1992090200 5 211 1294  940      45
1992090206 5 215 1286  945      45
1992090212 4 217 1279  955      40
1992090218 4 218 1274  955      40
1992090300 4 220 1265  955      40
1992090306 4 223 1256  955      40
1992090312 4 225 1250  965      35
1992090318 4 226 1240  970      35
1992090400 3 229 1232  975      30
1992090406 3 233 1225  975      30
1992090412 3 236 1217  975      30
1992090418 3 239 1201  980      30
1992090500 3 246 1195  980      30
1992090506 3 244 1179  985      25
1992090512 1 244 1170  992      12   20
1992090518 1 245 1159  992      12
1992090600 1 242 1142  995      12
1992090606 1 238 1134  995      12
1992090612 0 236 1128  995      10
1992090618 0 232 1122  996      10
1992090700 0 231 1115  998      10
1992090706 0 228 1111  998      10
1992090712 0 226 1105  999      10
1992090718 0 222 1101 1000       9
1992090800 0 216 1096 1001       9
1992090806 0 211 1091 1001       9
1992090812 0 205 1078 1002       9
1992090818 0 205 1070 1004       9
66666 0000   21 0017 9216 0 6 Polly                              20110729
1992082618 1 202 1280  998      15
1992082700 2 205 1275  995      20
1992082706 2 210 1270  995      20
1992082712 2 217 1265  990      20
1992082718 2 218 1258  990      20
1992082800 3 220 1252  985      25
1992082806 3 221 1247  985      25
1992082812 3 222 1242  985      25
1992082818 3 224 1239  980      30
1992082900 4 226 1234  980      35
1992082906 4 230 1230  975      35
1992082912 4 231 1225  975      35
1992082918 4 232 1220  975      35
1992083000 4 237 1219  975      35
1992083006 3 241 1215  975      30
1992083012 3 250 1210  975      30
1992083018 3 252 1200  975      25
1992083100 2 256 1188  978      20
1992083106 2 258 1187  982      20
1992083112 1 262 1188  986      12   20
1992083118 0 275 1187  988      10   15
66666 0000    8 0017 9216 0 6 Polly(-)1                          20110729
1992083118 0 310 1175  988      10   20
1992090100 0 322 1180  990      10   20
1992090106 1 338 1188  990      12   20
1992090112 1 350 1200  993      12   20
1992090118 1 368 1218  995      12
1992090200 9 385 1240  998      12
1992090206 9 395 1255 1000      10
1992090212 9 400 1275 1000      10
66666 0000   46 0018 9217 1 6 Ryan                               20110729
1992090100 0 167 1475 1006      10
1992090106 1 170 1470 1004      12
1992090112 1 170 1470 1004      12
1992090118 1 173 1470 1002      12
1992090200 1 176 1469  998      15
1992090206 2 180 1469  995      20
1992090212 2 183 1468  990      20
1992090218 3 185 1468  985      25
1992090300 3 187 1469  980      30
1992090306 3 190 1471  975      30
1992090312 4 190 1471  970      35
1992090318 4 190 1471  970      35
1992090400 4 190 1467  960      40
1992090406 4 192 1469  960      40
1992090412 4 192 1469  960      40
1992090418 4 192 1469  960      40
1992090500 4 195 1469  955      40
1992090506 4 197 1468  955      40
1992090512 4 200 1468  955      40
1992090518 4 207 1468  955      40
1992090600 5 214 1473  950      45
1992090606 5 227 1478  950      45
1992090612 5 233 1481  945      50
1992090618 5 242 1486  945      50
1992090700 5 250 1494  945      50
1992090706 5 255 1498  945      50
1992090712 5 261 1501  945      50
1992090718 5 265 1501  950      45
1992090800 5 269 1500  950      45
1992090806 5 275 1496  950      45
1992090812 5 278 1488  950      45
1992090818 5 281 1480  950      45
1992090900 5 285 1473  950      45
1992090906 5 293 1464  950      45
1992090912 4 299 1456  955      40
1992090918 4 307 1449  955      40
1992091000 4 315 1444  955      40
1992091006 4 327 1441  955      40
1992091012 4 339 1442  960      40
1992091018 4 352 1447  960      40
1992091100 4 368 1457  965      35
1992091106 4 398 1463  965      35
1992091112 4 437 1469  965      35
1992091118 3 463 1471  970      30
1992091200 9 488 1475  970      30
1992091206 9 520 1480  975      25
66666 0000   56 0019 9218 1 6 Sibyl                              20110729
1992090406 0 190 1650 1004       9
1992090412 0 195 1655 1004       9
1992090418 0 200 1660 1002      10
1992090500 0 203 1660 1002      10
1992090506 0 206 1666 1002      10
1992090512 0 212 1672 1002      10
1992090518 0 218 1672 1002      10
1992090600 1 222 1666 1000      12
1992090606 1 224 1663 1000      12
1992090612 1 224 1661 1000      12
1992090618 1 220 1660 1000      15
1992090700 1 214 1663 1000      15
1992090706 1 208 1669  998      15
1992090712 1 205 1671  995      15
1992090718 1 200 1673  995      15
1992090800 2 195 1674  990      20
1992090806 2 191 1671  990      20
1992090812 2 188 1673  990      20
1992090818 3 188 1676  985      25
1992090900 3 189 1678  980      25
1992090906 3 192 1677  975      30
1992090912 4 195 1677  970      35
1992090918 4 201 1677  960      35
1992091000 4 215 1676  960      35
1992091006 4 226 1663  960      35
1992091012 4 232 1648  955      40
1992091018 4 238 1635  950      40
1992091100 4 244 1619  950      40
1992091106 4 249 1608  950      40
1992091112 5 257 1594  945      45
1992091118 5 263 1584  940      50
1992091200 5 273 1573  940      50
1992091206 5 285 1562  940      50
1992091212 5 293 1554  940      50
1992091218 5 301 1547  945      45
1992091300 5 306 1543  945      45
1992091306 4 313 1537  950      40
1992091312 4 321 1540  960      35
1992091318 3 333 1545  970      30
1992091400 3 339 1548  975      30
1992091406 3 350 1558  980      25
1992091412 3 359 1573  980      25
1992091418 3 367 1582  985      25
1992091500 3 379 1590  985      25
1992091506 2 387 1603  985      20
1992091512 2 393 1616  980      20
1992091518 9 399 1630  980      20
1992091600 9 402 1643  975      25
1992091606 9 406 1660  970      25
1992091612 9 409 1675  965      30
1992091618 9 413 1689  965      30
1992091700 9 415 1700  968      30
1992091706 9 416 1715  970      25
1992091712 9 417 1727  972      25
1992091718 9 419 1740  975      25
1992091800 9 420 1755  980      20
66666 0000   42 0020 9219 1 6 Ted                                20110729
1992091600 0 165 1495 1006       9
1992091606 0 155 1485 1004      10
1992091612 0 150 1475 1004      10
1992091618 0 143 1465 1004      10
1992091700 0 140 1450 1004      10
1992091706 0 138 1433 1004      10
1992091712 0 137 1415 1004      10
1992091718 0 140 1400 1004      10
1992091800 1 149 1387 1002      12
1992091806 1 151 1373 1000      15
1992091812 1 153 1348 1000      15
1992091818 1 154 1330 1000      15
1992091900 2 156 1316  995      20
1992091906 2 160 1297  995      20
1992091912 2 161 1280  990      20
1992091918 2 165 1272  990      20
1992092000 3 175 1265  985      25
1992092006 3 181 1248  985      25
1992092012 3 186 1238  985      25
1992092018 3 190 1232  985      25
1992092100 3 194 1228  980      30
1992092106 3 200 1225  980      30
1992092112 3 208 1223  980      30
1992092118 4 213 1220  980      35
1992092200 4 220 1217  975      35
1992092206 4 236 1213  975      35
1992092212 4 255 1212  980      35
1992092218 3 265 1209  980      30
1992092300 3 283 1208  985      30
1992092306 3 296 1206  990      25
1992092312 2 306 1206  995      20
1992092318 2 320 1214  995      20
1992092400 2 338 1222  995      20
1992092406 2 347 1250  995      20
1992092412 2 360 1280  995      20
1992092418 9 378 1310  995      15
1992092500 9 394 1355  990      15
1992092506 9 410 1410  990      15
1992092512 9 425 1435  990      15
1992092518 9 450 1470  985      20
1992092600 9 465 1500  985      20
1992092606 9 485 1550  990      25
66666 0000   12 0021 0000 0 6 (nameless)                         20110729
1992091706 0 150 1156 1004      10
1992091712 0 152 1153 1004      10
1992091718 0 154 1150 1004      10
1992091800 0 155 1146 1004      10
1992091806 0 157 1143 1004      10
1992091812 1 160 1140 1003      12
1992091818 1 168 1135 1003      12
1992091900 1 178 1120 1002      12
1992091906 1 191 1110 1002      12
1992091912 1 190 1095 1001      15
1992091918 0 187 1085 1002      10
1992092000 0 180 1063 1003      10
66666 0000   29 0022 9220 1 6 Val                                20110729
1992092106 0  65 1550 1006       9
1992092112 0  67 1560 1006       9
1992092118 0  75 1563 1006       9
1992092200 0  84 1565 1006       9
1992092206 0  95 1557 1004      10
1992092212 0 100 1545 1004      10
1992092218 0 106 1547 1004      10
1992092300 0 110 1550 1004      10
1992092306 0 120 1556 1004      10
1992092312 1 130 1558 1002      12
1992092318 1 137 1559 1002      12
1992092400 1 147 1561 1002      12
1992092406 1 165 1558 1000      15
1992092412 1 176 1557 1000      15
1992092418 1 185 1555  998      15
1992092500 1 195 1550  998      15
1992092506 2 207 1555  995      20
1992092512 2 224 1553  990      20
1992092518 2 243 1541  990      20
1992092600 3 260 1533  985      25
1992092606 3 274 1528  985      25
1992092612 3 294 1520  985      25
1992092618 3 317 1510  990      25
1992092700 2 335 1497  990      20
1992092706 2 359 1506  990      20
1992092712 9 384 1533  995      20
1992092718 9 425 1564  990      20
1992092800 9 460 1578  984      20
1992092806 9 480 1588  980      25
66666 0000   43 0023 9221 1 6 Ward                               20110729
1992092618 1 140 1810 1002      15
1992092700 1 153 1797 1000      15
1992092706 2 158 1791  998      20
1992092712 2 162 1784  995      20
1992092718 2 166 1778  990      20
1992092800 2 167 1771  990      20
1992092806 3 168 1766  985      25
1992092812 3 170 1764  985      25
1992092818 3 172 1768  980      30
1992092900 3 175 1775  975      30
1992092906 4 186 1778  970      35
1992092912 4 194 1779  970      35
1992092918 4 208 1775  970      35
1992093000 4 225 1766  965      35
1992093006 4 238 1759  965      35
1992093012 4 246 1752  965      35
1992093018 4 254 1739  965      35
1992100100 4 258 1720  965      35
1992100106 4 259 1703  970      35
1992100112 4 256 1686  970      35
1992100118 4 253 1671  965      35
1992100200 4 249 1658  960      40
1992100206 5 245 1643  950      45
1992100212 5 241 1630  950      45
1992100218 5 238 1618  950      45
1992100300 5 237 1610  945      45
1992100306 5 239 1602  945      45
1992100312 5 243 1596  950      45
1992100318 5 248 1592  950      45
1992100400 4 254 1590  955      40
1992100406 4 263 1591  955      40
1992100412 4 271 1592  960      40
1992100418 4 284 1593  965      35
1992100500 4 294 1587  965      35
1992100506 4 306 1588  970      35
1992100512 4 319 1589  970      35
1992100518 4 331 1591  970      35
1992100600 3 346 1589  975      30
1992100606 3 360 1600  980      25
1992100612 3 382 1613  985      25
1992100618 3 408 1640  985      25
1992100700 9 430 1670  990      20
1992100706 9 455 1728  995      20
66666 0000   46 0024 9222 0 6 Yvette                             20110729
1992100700 1 160 1335 1006      15
1992100706 1 160 1330 1004      15
1992100712 1 160 1325 1004      15
1992100718 1 160 1320 1004      15
1992100800 1 160 1314 1004      15
1992100806 1 159 1307 1002      15
1992100812 2 158 1299  998      20
1992100818 2 156 1290  995      20
1992100900 3 153 1280  990      25
1992100906 3 152 1269  985      25
1992100912 3 152 1261  980      30
1992100918 3 152 1256  975      30
1992101000 4 154 1255  965      35
1992101006 4 155 1256  955      40
1992101012 4 157 1258  950      40
1992101018 5 157 1258  940      45
1992101100 5 157 1258  930      50
1992101106 5 159 1261  930      50
1992101112 5 160 1263  930      50
1992101118 5 162 1265  935      50
1992101200 5 166 1268  940      45
1992101206 5 169 1272  940      45
1992101212 5 172 1275  940      45
1992101218 5 175 1281  940      45
1992101300 5 178 1285  940      45
1992101306 5 182 1289  935      45
1992101312 5 187 1292  930      50
1992101318 5 191 1294  930      50
1992101400 5 197 1294  925      50
1992101406 6 202 1295  920      55
1992101412 6 209 1300  920      55
1992101418 6 215 1306  920      55
1992101500 6 221 1313  920      55
1992101506 5 226 1320  930      50
1992101512 5 232 1331  930      50
1992101518 5 241 1338  940      45
1992101600 5 251 1349  940      45
1992101606 5 262 1363  945      45
1992101612 4 271 1379  955      40
1992101618 4 280 1395  965      35
1992101700 4 287 1407  965      35
1992101706 3 295 1419  975      30
1992101712 3 303 1432  980      30
1992101718 3 310 1450  990      25
1992101800 1 315 1460  998      15
1992101806 1 320 1473 1004      12
66666 0000   23 0025 9223 0 6 Zack                               20110729
1992101018 1 160 1605 1002      12
1992101100 1 163 1602 1002      12
1992101106 1 165 1600 1000      15
1992101112 1 168 1597 1000      15
1992101118 1 170 1595 1000      15
1992101200 1 175 1595 1000      15
1992101206 1 185 1592 1000      15
1992101212 1 200 1590 1000      15
1992101218 1 210 1585 1000      15
1992101300 1 220 1580 1000      15
1992101306 1 234 1564  998      15
1992101312 1 240 1550  995      15
1992101318 1 245 1539  995      15
1992101400 2 250 1532  992      20
1992101406 2 250 1528  992      20
1992101412 2 249 1530  994      20
1992101418 1 255 1532  995      15
1992101500 1 258 1526  996      15
1992101506 1 261 1526 1000      15
1992101512 1 265 1530 1002      12
1992101518 1 272 1534 1002      12
1992101600 0 280 1540 1004      10
1992101606 0 290 1550 1004      10
66666 0000   38 0026 9224 1 6 Angela                             20110729
1992101500 0 115 1175 1002      10
1992101506 1 120 1180 1000      12
1992101512 1 125 1184 1000      12
1992101518 1 132 1186 1000      12
1992101600 1 138 1185 1000      15
1992101606 1 140 1183 1000      15
1992101612 2 143 1180  998      20
1992101618 2 138 1177  998      20
1992101700 2 135 1183  995      20
1992101706 2 134 1178  995      20
1992101712 3 134 1174  990      25
1992101718 3 133 1169  985      25
1992101800 3 131 1163  985      25
1992101806 3 126 1160  980      30
1992101812 3 126 1155  980      30
1992101818 4 125 1148  970      35
1992101900 4 123 1143  970      35
1992101906 4 118 1139  960      40
1992101912 4 119 1136  960      40
1992101918 4 124 1130  960      40
1992102000 4 126 1126  970      35
1992102006 4 126 1122  970      35
1992102012 3 124 1124  980      30
1992102018 3 128 1123  980      30
1992102100 3 130 1123  980      30
1992102106 3 133 1122  980      30
1992102112 3 135 1121  980      30
1992102118 3 136 1120  980      30
1992102200 3 137 1117  985      25
1992102206 3 136 1116  985      25
1992102212 3 136 1112  985      25
1992102218 3 136 1106  985      25
1992102300 2 135 1099  990      20
1992102306 2 134 1092  990      20
1992102312 2 133 1084  990      20
1992102318 1 131 1078  995      15
1992102400 1 130 1070  995      15
1992102406 1 128 1066 1000      12
66666 0000   34 0027 9225 0 6 Brian                              20110729
1992101700 1 106 1599 1004      12
1992101706 1 103 1584 1004      12
1992101712 1 101 1569 1004      12
1992101718 1 103 1556 1000      15
1992101800 1 107 1546 1000      15
1992101806 2 112 1536  995      20
1992101812 2 113 1529  995      20
1992101818 2 115 1521  990      20
1992101900 3 118 1510  985      25
1992101906 3 119 1501  985      25
1992101912 3 120 1493  985      25
1992101918 3 120 1486  980      30
1992102000 3 120 1479  980      30
1992102006 3 121 1470  980      30
1992102012 3 122 1461  980      30
1992102018 3 123 1458  980      30
1992102100 3 129 1452  980      30
1992102106 3 138 1444  980      30
1992102112 3 146 1434  975      30
1992102118 4 154 1429  970      35
1992102200 4 162 1422  970      35
1992102206 4 172 1418  970      35
1992102212 4 181 1412  965      35
1992102218 4 190 1404  960      40
1992102300 4 201 1398  955      40
1992102306 4 213 1396  955      40
1992102312 4 223 1393  960      40
1992102318 4 232 1390  965      35
1992102400 4 245 1385  970      35
1992102406 3 262 1380  980      30
1992102412 3 278 1392  980      30
1992102418 3 298 1415  985      25
1992102500 2 321 1452  990      20
1992102506 2 340 1495  995      20
66666 0000   46 0028 9226 0 6 Colleen                             20110729
1992101718 1 110 1335 1004      12
1992101800 1 112 1325 1004      12
1992101806 1 115 1320 1002      15
1992101812 1 120 1315 1002      15
1992101818 1 125 1307  998      15
1992101900 2 128 1300  995      20
1992101906 2 133 1297  995      20
1992101912 3 135 1295  990      25
1992101918 3 138 1296  990      25
1992102000 3 141 1297  990      25
1992102006 3 145 1300  985      25
1992102012 3 143 1302  985      25
1992102018 3 141 1299  980      30
1992102100 3 137 1300  980      30
1992102106 4 137 1303  970      35
1992102112 4 138 1304  970      35
1992102118 4 138 1306  970      35
1992102200 4 137 1306  970      35
1992102206 4 131 1308  970      35
1992102212 4 128 1310  970      35
1992102218 4 130 1305  970      35
1992102300 4 131 1300  970      35
1992102306 4 134 1298  970      35
1992102312 4 138 1298  970      35
1992102318 3 143 1298  980      30
1992102400 3 150 1299  980      30
1992102406 3 157 1295  980      30
1992102412 3 159 1290  985      25
1992102418 3 158 1284  985      25
1992102500 3 153 1271  980      30
1992102506 3 150 1255  980      30
1992102512 3 150 1241  980      30
1992102518 3 150 1223  980      30
1992102600 3 149 1211  980      30
1992102606 3 146 1195  985      25
1992102612 3 143 1180  985      25
1992102618 3 141 1164  985      25
1992102700 3 138 1146  980      30
1992102706 3 134 1131  980      30
1992102712 3 136 1118  985      25
1992102718 3 141 1105  985      25
1992102800 3 143 1095  985      25
1992102806 2 144 1083  990      20
1992102812 1 144 1075  995      15
1992102818 0 144 1065 1000      10
1992102900 0 144 1056 1004      10
66666 0000   43 0029 9227 0 6 Dan                                20110729
1992102500 1 108 1810 1000      12
1992102506 1 113 1798 1000      15
1992102512 1 120 1792  998      15
1992102518 2 128 1787  995      20
1992102600 2 134 1778  995      20
1992102606 3 141 1763  985      25
1992102612 3 145 1745  985      25
1992102618 3 150 1728  980      30
1992102700 3 157 1715  980      30
1992102706 4 166 1699  970      35
1992102712 4 171 1689  960      40
1992102718 4 177 1680  960      40
1992102800 4 186 1671  960      40
1992102806 5 196 1663  950      45
1992102812 5 203 1655  950      45
1992102818 5 212 1647  950      45
1992102900 5 217 1645  950      45
1992102906 4 223 1644  960      40
1992102912 4 226 1645  960      40
1992102918 4 223 1643  960      40
1992103000 4 218 1639  965      40
1992103006 4 214 1633  970      35
1992103012 4 210 1621  970      35
1992103018 4 203 1605  970      35
1992103100 4 196 1590  970      35
1992103106 4 194 1579  970      35
1992103112 4 192 1563  970      35
1992103118 4 194 1546  970      35
1992110100 4 197 1529  960      40
1992110106 5 201 1515  950      45
1992110112 5 208 1502  940      50
1992110118 5 217 1491  940      50
1992110200 5 224 1486  950      45
1992110206 4 232 1489  960      40
1992110212 4 240 1495  960      40
1992110218 4 252 1508  960      40
1992110300 4 263 1526  970      35
1992110306 4 276 1546  970      35
1992110312 3 290 1567  980      30
1992110318 3 305 1592  985      25
1992110400 2 319 1612  995      20
1992110406 1 329 1627 1000      15
1992110412 0 335 1643 1005      10
66666 0000   44 0030 9228 0 6 Elsie                              20110729
1992102906 1  80 1510 1002      15
1992102912 1  73 1508 1002      15
1992102918 1  77 1505 1000      15
1992103000 2  81 1506  995      20
1992103006 2  85 1507  995      20
1992103012 2  89 1504  995      20
1992103018 3  93 1498  990      25
1992103100 3  96 1491  985      25
1992103106 3  98 1482  980      30
1992103112 3  97 1475  980      30
1992103118 3  96 1471  975      30
1992110100 4  96 1467  970      35
1992110106 4  98 1465  970      35
1992110112 4 103 1463  970      35
1992110118 4 107 1460  970      35
1992110200 4 112 1456  970      35
1992110206 4 116 1454  965      35
1992110212 4 117 1452  965      35
1992110218 4 123 1446  965      35
1992110300 4 128 1439  965      35
1992110306 4 132 1432  965      35
1992110312 4 133 1423  960      40
1992110318 4 140 1416  960      40
1992110400 5 144 1404  950      45
1992110406 5 148 1394  950      45
1992110412 5 155 1383  940      50
1992110418 5 160 1372  940      50
1992110500 5 169 1361  940      50
1992110506 6 179 1351  930      55
1992110512 6 189 1343  930      55
1992110518 6 203 1338  930      55
1992110600 5 217 1339  940      50
1992110606 5 233 1345  940      50
1992110612 5 253 1357  950      45
1992110618 5 277 1371  955      45
1992110700 4 296 1385  965      35
1992110706 4 307 1404  970      35
1992110712 3 315 1428  975      30
1992110718 9 324 1444  985      25
1992110800 9 333 1463  992      20
1992110806 9 338 1488 1000      15
1992110812 9 340 1513 1002      15
1992110818 9 340 1539 1004      15
1992110900 9 342 1563 1004      15
66666 0000    9 0031 9229 1 6 Farrest                            20110729
1992111206 1  75 1165 1005      12
1992111212 1  80 1145 1000      15
1992111218 1  86 1128 1000      15
1992111300 2  90 1115  995      20
1992111306 2  89 1104  995      20
1992111312 2  86 1095  995      20
1992111318 2  85 1088  995      20
1992111400 2  84 1080  995      20
1992111406 2  76 1067  995      20
66666 0000   63 0032 9230 0 6 Gay                                20110729
1992111418 1  60 1770 1004      12
1992111500 1  70 1750 1002      12
1992111506 1  75 1742 1000      15
1992111512 1  81 1738 1000      15
1992111518 2  88 1734  995      20
1992111600 2  95 1730  995      20
1992111606 2  98 1727  995      20
1992111612 3  99 1722  985      25
1992111618 3  98 1717  985      25
1992111700 3  97 1711  980      30
1992111706 3  98 1706  980      30
1992111712 3 100 1702  980      30
1992111718 3 104 1695  975      30
1992111800 3 106 1684  975      30
1992111806 4 106 1674  970      35
1992111812 4 103 1664  970      35
1992111818 4 102 1658  960      40
1992111900 5 101 1649  950      45
1992111906 5 101 1640  940      50
1992111912 5 101 1629  940      50
1992111918 5  99 1621  940      50
1992112000 6 101 1611  930      55
1992112006 6 104 1600  930      55
1992112012 6 105 1587  930      55
1992112018 6 108 1574  920      60
1992112100 6 114 1560  920      60
1992112106 6 119 1544  920      60
1992112112 6 123 1528  930      55
1992112118 6 123 1517  930      55
1992112200 6 124 1504  930      55
1992112206 5 126 1490  940      50
1992112212 5 128 1479  940      50
1992112218 5 130 1469  950      45
1992112300 5 133 1453  950      45
1992112306 4 134 1438  960      40
1992112312 4 136 1425  960      40
1992112318 4 140 1410  960      40
1992112400 4 145 1394  960      40
1992112406 4 146 1385  970      35
1992112412 4 150 1373  970      35
1992112418 4 158 1361  970      35
1992112500 4 165 1347  960      40
1992112506 4 169 1338  960      40
1992112512 5 176 1331  950      45
1992112518 5 180 1326  950      45
1992112600 5 183 1321  950      45
1992112606 5 184 1318  950      45
1992112612 5 183 1317  950      45
1992112618 5 182 1316  950      45
1992112700 5 183 1313  950      45
1992112706 4 183 1311  960      40
1992112712 4 184 1307  960      40
1992112718 4 189 1305  970      35
1992112800 4 193 1301  970      35
1992112806 3 198 1297  980      30
1992112812 3 207 1299  980      30
1992112818 3 218 1301  985      25
1992112900 3 222 1302  985      25
1992112906 3 227 1303  985      25
1992112912 2 233 1304  995      20
1992112918 2 245 1306  995      20
1992113000 1 250 1300 1000      15
1992113006 1 250 1300 1000      15
66666 0000   29 0033 9231 1 6 Hunt                               20110729
1992111506 1 125 1593 1004      12
1992111512 1 132 1585 1004      12
1992111518 1 134 1578 1004      12
1992111600 1 132 1570 1004      12
1992111606 1 130 1560 1004      12
1992111612 1 128 1543 1004      12
1992111618 1 127 1530 1000      15
1992111700 2 126 1514  995      20
1992111706 2 126 1498  995      20
1992111712 2 126 1482  995      20
1992111718 3 127 1470  990      25
1992111800 3 130 1457  980      30
1992111806 3 138 1448  980      30
1992111812 3 143 1441  980      30
1992111818 4 151 1429  970      35
1992111900 4 155 1422  960      40
1992111906 4 164 1416  960      40
1992111912 4 172 1406  960      40
1992111918 5 180 1397  950      45
1992112000 5 189 1394  950      45
1992112006 5 200 1395  940      50
1992112012 5 215 1402  940      50
1992112018 5 235 1414  950      45
1992112100 4 255 1432  960      40
1992112106 4 278 1460  970      35
1992112112 4 303 1509  970      35
1992112118 3 346 1532  980      30
1992112200 9 390 1590  980      30
1992112206 9 430 1670  985      25
