66666 0000   61 0001 7901 0 6 Alice                              20110729
1978123106 1  20 1740 1002      15
1978123112 1  21 1726 1000      15
1978123118 1  23 1716 1000      15
1979010100 2  30 1710  998      20
1979010106 2  37 1701  995      20
1979010112 2  44 1696  995      20
1979010118 3  50 1691  990      25
1979010200 3  53 1687  986      25
1979010206 3  56 1680  986      25
1979010212 3  61 1677  986      25
1979010218 3  66 1680  986      25
1979010300 3  73 1683  984      25
1979010306 3  80 1680  984      25
1979010312 3  85 1682  984      25
1979010318 3  90 1683  984      25
1979010400 3  92 1679  982      25
1979010406 3  93 1673  982      30
1979010412 3  93 1667  980      30
1979010418 3  95 1659  980      30
1979010500 3  96 1651  975      30
1979010506 3  97 1642  975      30
1979010512 3  98 1634  969      30
1979010518 3 104 1626  967      30
1979010600 3 112 1616  964      30
1979010606 4 120 1604  962      35
1979010612 4 121 1595  961      35
1979010618 4 122 1585  958      35
1979010700 4 123 1576  950      40
1979010706 4 124 1565  948      40
1979010712 5 125 1553  940      45
1979010718 5 122 1540  928      50
1979010800 5 121 1529  930      50
1979010806 5 120 1515  935      50
1979010812 5 120 1503  945      45
1979010818 5 119 1490  957      45
1979010900 5 119 1478  960      45
1979010906 4 121 1467  965      40
1979010912 4 121 1453  970      40
1979010918 4 119 1442  970      40
1979011000 4 120 1428  970      40
1979011006 4 122 1415  965      40
1979011012 4 123 1403  960      40
1979011018 4 124 1391  950      40
1979011100 5 125 1387  945      45
1979011106 5 127 1381  941      45
1979011112 5 130 1376  938      45
1979011118 5 135 1372  940      45
1979011200 5 138 1371  945      45
1979011206 5 142 1368  950      45
1979011212 4 146 1366  960      40
1979011218 4 151 1366  965      40
1979011300 4 155 1368  970      35
1979011306 4 159 1369  980      35
1979011312 3 161 1371  985      30
1979011318 3 165 1375  985      30
1979011400 3 170 1370  985      25
1979011406 3 168 1358  985      25
1979011412 2 170 1351  990      20
1979011418 1 173 1343  994      15
1979011500 1 173 1333  998      12
1979011506 0 172 1323  998      10
66666 0000   26 0002 7902 0 6 Bess                               20110729
1979031818 0  94 1470 1007      10
1979031900 1  95 1455 1006      12
1979031906 1  99 1440 1006      12
1979031912 1 101 1430 1004      12
1979031918 1 103 1419 1004      12
1979032000 1 103 1413 1004      12
1979032006 1 105 1406 1002      15
1979032012 1 108 1399 1001      15
1979032018 1 112 1393 1000      15
1979032100 1 116 1387 1000      15
1979032106 2 123 1380  995      20
1979032112 3 127 1371  990      25
1979032118 3 131 1365  980      30
1979032200 4 137 1359  975      35
1979032206 4 142 1353  973      35
1979032212 4 147 1350  970      35
1979032218 4 154 1346  965      40
1979032300 4 161 1347  965      40
1979032306 4 171 1351  955      40
1979032312 4 180 1359  960      40
1979032318 4 187 1369  965      40
1979032400 4 196 1380  970      35
1979032406 3 203 1394  985      30
1979032412 3 212 1404  990      25
1979032418 2 223 1419  995      20
1979032500 1 234 1438 1000      12
66666 0000   47 0003 7903 0 6 Cecil                              20110729
1979041000 0  60 1425 1006      10
1979041006 1  61 1413 1004      12
1979041012 1  62 1405 1004      12
1979041018 1  62 1400 1002      12
1979041100 1  64 1397 1000      15
1979041106 1  67 1391  998      15
1979041112 1  68 1386  998      15
1979041118 1  70 1379  998      15
1979041200 2  69 1371  996      20
1979041206 2  68 1366  995      20
1979041212 2  71 1359  994      20
1979041218 3  73 1354  993      25
1979041300 3  75 1350  990      25
1979041306 3  78 1342  990      25
1979041312 3  80 1335  990      25
1979041318 3  81 1326  988      30
1979041400 3  83 1316  985      30
1979041406 3  83 1304  980      30
1979041412 4  87 1294  975      35
1979041418 4  89 1285  970      40
1979041500 5  93 1274  965      45
1979041506 5 100 1264  966      45
1979041512 4 107 1254  966      40
1979041518 4 114 1246  970      40
1979041600 4 119 1235  970      35
1979041606 4 123 1227  975      35
1979041612 4 127 1223  975      35
1979041618 4 128 1222  975      35
1979041700 3 130 1222  980      30
1979041706 3 133 1222  980      30
1979041712 3 138 1226  985      25
1979041718 3 142 1228  985      25
1979041800 3 147 1233  988      25
1979041806 3 152 1236  988      25
1979041812 3 158 1240  990      25
1979041818 3 163 1244  990      25
1979041900 3 170 1252  990      25
1979041906 3 173 1260  990      25
1979041912 3 183 1270  990      25
1979041918 3 197 1280  990      25
1979042000 3 210 1291  990      25
1979042006 2 223 1316  995      20
1979042012 2 223 1341  995      20
1979042018 2 223 1341  998      20
1979042100 9 227 1361 1002      15
1979042106 9 230 1380 1004      12
1979042112 9 230 1400 1007      12
66666 0000   31 0004 7904 0 6 Dot                                20110729
1979051000 0  80 1320 1008      10
1979051006 0  83 1307 1006      10
1979051012 1  87 1294 1006      12
1979051018 1  90 1280 1004      12
1979051100 1  91 1262 1004      12
1979051106 1  95 1248 1004      12
1979051112 1  96 1237 1004      15
1979051118 1  97 1224 1004      15
1979051200 1  98 1214 1002      15
1979051206 1 101 1208 1000      15
1979051212 1 104 1203 1000      15
1979051218 1 111 1201 1000      15
1979051300 1 118 1199  995      15
1979051306 1 123 1198  995      15
1979051312 2 128 1198  990      20
1979051318 2 133 1198  988      20
1979051400 2 137 1202  986      20
1979051406 2 141 1206  995      20
1979051412 1 146 1210 1000      15
1979051418 1 150 1216 1000      15
1979051500 1 154 1224 1001      15
1979051506 1 160 1234 1001      15
1979051512 1 163 1243 1001      15
1979051518 1 170 1251 1001      15
1979051600 1 176 1260 1004      15
1979051606 1 183 1271 1004      15
1979051612 1 194 1286 1004      15
1979051618 1 209 1306 1004      15
1979051700 1 223 1332 1004      15
1979051706 1 240 1362 1006      12
1979051712 9 256 1393 1006      12
66666 0000   15 0005 0000 0 6 (nameless)                         20110729
1979051706 0 192 1170 1005      10
1979051712 1 185 1167 1004      15
1979051718 1 180 1168 1004      15
1979051800 1 175 1175 1004      15
1979051806 1 168 1168 1004      15
1979051812 1 168 1181 1004      15
1979051818 1 171 1175 1004      15
1979051900 1 173 1172 1004      15
1979051906 1 174 1168 1004      15
1979051912 1 174 1164 1004      15
1979051918 1 174 1158 1004      15
1979052000 1 180 1155 1004      15
1979052006 1 185 1154 1004      15
1979052012 1 195 1150 1004      12
1979052018 1 200 1155 1004      12
66666 0000   27 0006 0000 0 6 (nameless)                         20110729
1979051912 0 140 1110 1005       9
1979051918 0 145 1112 1004      10
1979052000 1 150 1115 1004      12
1979052006 1 154 1123 1004      12
1979052012 1 159 1129 1003      15
1979052018 1 168 1132 1003      15
1979052100 1 177 1137 1003      15
1979052106 1 185 1142 1003      15
1979052112 1 193 1150 1003      15
1979052118 1 202 1160 1000      15
1979052200 1 210 1173 1000      15
1979052206 1 213 1185 1000      15
1979052212 1 215 1201  999      15
1979052218 2 217 1218  998      20
1979052300 2 219 1243  995      20
1979052306 2 224 1270  995      20
1979052312 2 230 1290  995      20
1979052318 9 235 1310  998      15
1979052400 9 243 1325  998      15
1979052406 9 255 1345 1000      15
1979052412 9 275 1365 1000      15
1979052418 9 298 1390 1002      15
1979052500 9 310 1425 1004      15
1979052506 9 316 1450 1006      12
1979052512 9 330 1470 1008      10
1979052518 9 340 1485 1008       9
1979052600 9 350 1500 1010       9
66666 0000   30 0007 0000 3 6 (nameless)                         20110729
1979061700 0 130 1160 1007       9
1979061706 1 134 1153 1006      12
1979061712 1 138 1144 1004      15
1979061718 1 140 1137 1004      15
1979061800 1 144 1130 1004      12
1979061806 1 146 1125 1004      12
1979061812 1 150 1118 1004      12
1979061818 1 155 1110 1004      12
1979061900 1 158 1100 1004      12
1979061906 1 160 1095 1004      12
1979061912 0 158 1092 1004      10
1979061918 0 155 1090 1003      10
1979062000 0 153 1093 1002      10
1979062006 1 153 1093 1001      12
1979062012 1 153 1096 1001      12
1979062018 1 155 1099 1001      12
1979062100 1 157 1103 1001      12
1979062106 1 157 1103 1000      12
1979062112 1 159 1102 1000      12
1979062118 1 159 1102 1000      12
1979062200 1 159 1102 1000      15
1979062206 1 160 1100  998      15
1979062212 1 162 1098  998      15
1979062218 1 162 1098  998      15
1979062300 1 164 1097 1000      12
1979062306 1 164 1097 1000      12
1979062312 0 163 1094 1000      10
1979062318 0 162 1092 1002      10
1979062400 0 159 1089 1002      10
1979062406 0 156 1087 1002       9
66666 0000   37 0008 7905 0 6 Ellis                              20110729
1979062800 0 115 1350 1008       9
1979062806 0 112 1345 1006      10
1979062812 0 110 1340 1006      10
1979062818 0 110 1340 1006      10
1979062900 0 110 1335 1006      10
1979062906 0 110 1330 1005      10
1979062912 0 115 1325 1005      10
1979062918 0 120 1325 1005      10
1979063000 1 125 1326 1003      12
1979063006 1 128 1327 1002      15
1979063012 1 132 1325 1002      15
1979063018 1 132 1325 1000      15
1979070100 1 135 1320 1000      15
1979070106 2 135 1315  996      20
1979070112 2 136 1308  996      20
1979070118 3 138 1298  992      25
1979070200 3 141 1287  985      25
1979070206 3 145 1278  980      25
1979070212 3 150 1268  975      30
1979070218 4 155 1258  970      35
1979070300 5 160 1250  955      45
1979070306 5 169 1241  955      45
1979070312 5 176 1234  960      45
1979070318 4 186 1224  965      40
1979070400 4 190 1213  970      35
1979070406 4 194 1202  975      35
1979070412 4 198 1193  975      35
1979070418 3 200 1179  980      30
1979070500 3 203 1165  980      30
1979070506 3 204 1151  980      30
1979070512 3 206 1140  985      30
1979070518 3 210 1128  985      25
1979070600 2 213 1117  992      20
1979070606 0 212 1100  997      10
1979070612 0 210 1086  998       9
1979070618 0 213 1077 1000       9
1979070700 0 213 1066 1002       9
66666 0000   30 0009 7906 0 6 Faye                               20110729
1979070106 0  64 1500 1004      10
1979070112 0  64 1491 1004      10
1979070118 0  62 1482 1004      10
1979070200 0  62 1469 1004      10
1979070206 0  72 1459 1004      10
1979070212 1  82 1449 1002      12
1979070218 1  89 1440 1000      15
1979070300 2  91 1433  998      20
1979070306 2  95 1423  998      20
1979070312 2  98 1414  996      20
1979070318 2 101 1409  996      20
1979070400 2 102 1401  995      20
1979070406 3 104 1388  990      25
1979070412 3 105 1378  990      25
1979070418 3 103 1364  990      25
1979070500 3 105 1355  990      25
1979070506 3 111 1355  990      25
1979070512 2 119 1351  995      20
1979070518 2 125 1346  995      20
1979070600 2 134 1336  998      20
1979070606 1 146 1326 1000      15
1979070612 1 155 1318 1002      15
1979070618 1 159 1306 1004      12
1979070700 1 167 1297 1004      12
1979070706 1 180 1290 1004      12
1979070712 1 187 1279 1004      12
1979070718 1 187 1269 1004      15
1979070800 1 188 1262 1004      15
1979070806 1 190 1255 1004      15
1979070812 1 199 1256 1004      12
66666 0000   16 0010 0000 0 6 (nameless)                         20110729
1979072312 0 215 1375 1006       0
1979072318 0 225 1365 1006       0
1979072400 0 235 1355 1004      10
1979072406 0 238 1344 1004      10
1979072412 0 241 1333 1004      10
1979072418 0 249 1314 1002      10
1979072500 0 260 1302 1002      10
1979072506 1 275 1290 1002      12
1979072512 1 290 1280 1002      12
1979072518 0 305 1271 1004      10
1979072600 0 320 1261 1004      10
1979072606 0 330 1250 1005      10
1979072612 0 340 1245 1006      10
1979072618 0 350 1240 1008      10
1979072700 0 360 1240 1008      10
1979072706 0 370 1240 1008      10
66666 0000   39 0011 7908 0 6 Hope                               20110729
1979072500 0  95 1460 1007       9
1979072506 0 103 1453 1005       9
1979072512 0 109 1443 1005      10
1979072518 0 110 1438 1004      10
1979072600 0 110 1427 1004      10
1979072606 0 111 1417 1004      10
1979072612 0 119 1409 1004      10
1979072618 1 123 1398 1002      12
1979072700 1 130 1399 1002      12
1979072706 1 138 1394 1002      12
1979072712 1 145 1390 1002      12
1979072718 1 155 1384 1000      12
1979072800 1 163 1378  999      12
1979072806 1 165 1373  998      15
1979072812 1 167 1365  998      15
1979072818 2 167 1357  996      20
1979072900 3 167 1357  985      30
1979072906 4 167 1357  980      35
1979072912 4 166 1349  970      35
1979072918 4 167 1341  965      35
1979073000 4 170 1335  955      40
1979073006 5 172 1327  940      45
1979073012 5 174 1319  935      45
1979073018 5 178 1308  930      45
1979073100 5 187 1293  925      50
1979073106 5 192 1278  915      50
1979073112 6 196 1262  905      65
1979073118 6 201 1247  900      70
1979080100 6 205 1231  898      70
1979080106 6 209 1217  910      60
1979080112 6 213 1201  920      60
1979080118 6 218 1183  925      60
1979080200 6 222 1166  940      60
1979080206 5 225 1143  955      45
1979080212 3 224 1123  970      30
1979080218 2 220 1103  985      20
1979080300 1 216 1085  990      15
1979080306 1 208 1062  994      12
1979080312 0 207 1040  997      10
66666 0000   22 0012 7907 2 6 Gordon                             20110729
1979072506 0 192 1315 1004       9
1979072512 1 189 1309 1004      12
1979072518 1 192 1304 1004      15
1979072600 1 195 1302 1004      15
1979072606 1 198 1299 1002      15
1979072612 1 200 1291 1000      15
1979072618 1 202 1277  998      15
1979072700 2 203 1263  996      20
1979072706 2 205 1253  994      20
1979072712 3 210 1241  990      25
1979072718 3 211 1228  990      25
1979072800 3 211 1218  985      25
1979072806 3 213 1210  980      30
1979072812 3 220 1200  975      30
1979072818 3 225 1186  980      30
1979072900 3 229 1176  980      30
1979072906 3 229 1165  980      30
1979072912 2 227 1154  990      20
1979072918 1 226 1144  995      15
1979073000 0 229 1135  996      10
1979073006 0 231 1120  996       9
1979073012 0 232 1095  996       9
66666 0000   16 0013 0000 0 6 (nameless)                         20110729
1979080300 0 135 1335 1005       9
1979080306 0 138 1324 1004      10
1979080312 0 142 1314 1004      10
1979080318 0 144 1304 1002      10
1979080400 0 149 1297 1002      10
1979080406 0 155 1290 1002      10
1979080412 0 162 1284 1002      10
1979080418 1 170 1279 1000      12
1979080500 1 178 1272  998      15
1979080506 1 186 1262  998      15
1979080512 1 192 1255 1000      12
1979080518 1 196 1244 1000      12
1979080600 1 200 1233 1000      12
1979080606 1 207 1221 1002      12
1979080612 0 209 1214 1002      10
1979080618 0 210 1205 1002      10
66666 0000   29 0014 0000 3 6 (nameless)                         20110729
1979080318 0 152 1108 1003      10
1979080400 0 148 1118 1003      10
1979080406 0 149 1129 1002      10
1979080412 0 150 1140 1000      10
1979080418 0 151 1149 1000      10
1979080500 0 156 1153 1000      10
1979080506 0 160 1150  999      10
1979080512 0 164 1146  999      10
1979080518 0 170 1142  999      10
1979080600 1 180 1139  997      12
1979080606 1 182 1133  996      15
1979080612 1 183 1126  996      15
1979080618 1 180 1120  996      15
1979080700 1 180 1120  997      12
1979080706 1 178 1112  997      12
1979080712 1 178 1105  997      12
1979080718 1 177 1098  997      12
1979080800 1 178 1089  997      12
1979080806 1 182 1078  997      12
1979080812 1 175 1073  997      12
1979080818 1 168 1077  996      12
1979080900 1 173 1081  995      12
1979080906 1 177 1078  995      12
1979080912 0 178 1075  996      10
1979080918 0 183 1072  997      10
1979081000 0 188 1070  998      10
1979081006 0 194 1066  998      10
1979081012 0 200 1063  998      10
1979081018 0 210 1070  999       9
66666 0000   27 0015 0000 0 6 (nameless)                         20110729
1979080600 0 160 1490 1004      10
1979080606 1 176 1488 1004      12
1979080612 1 193 1489 1004      12
1979080618 0 207 1486 1004      10
1979080700 0 217 1473 1004      10
1979080706 0 225 1455 1004      10
1979080712 0 237 1437 1006       9
1979080718 0 248 1424 1006       9
1979080800 0 261 1415 1006       9
1979080806 0 269 1410 1006       9
1979080812 0 277 1406 1006       9
1979080818 0 287 1402 1006       9
1979080900 0 299 1399 1006       9
1979080906 0 304 1404 1006       9
1979080912 0 306 1410 1006       9
1979080918 0 301 1413 1006       9
1979081000 0 298 1406 1006       9
1979081006 0 301 1413 1006       9
1979081012 0 298 1415 1006       9
1979081018 0 296 1419 1006       9
1979081100 0 295 1423 1006       9
1979081106 0 296 1431 1006       9
1979081112 0 297 1439 1006       9
1979081118 0 300 1450 1006       9
1979081200 0 307 1462 1006       9
1979081206 0 313 1481 1006       9
1979081212 0 318 1500 1004       9
66666 0000   47 0016 7909 1 6 Irving                             20110729
1979080800 1 161 1383 1002      15
1979080806 1 170 1380 1001      15
1979080812 1 177 1372  998      15
1979080818 1 178 1366  998      15
1979080900 1 178 1361  996      15
1979080906 1 180 1357  996      15
1979080912 1 183 1351  994      15
1979080918 1 184 1344  994      15
1979081000 1 185 1334  994      15
1979081006 1 183 1323  994      15
1979081012 1 181 1310  994      15
1979081018 1 179 1299  994      15
1979081100 1 173 1288  994      15
1979081106 1 167 1286  994      15
1979081112 2 171 1292  992      20
1979081118 3 178 1289  988      25
1979081200 3 180 1282  985      25
1979081206 3 183 1275  980      30
1979081212 3 187 1270  980      30
1979081218 3 190 1270  975      30
1979081300 3 201 1269  975      30
1979081306 4 210 1268  970      35
1979081312 4 220 1261  965      35
1979081318 4 229 1253  965      35
1979081400 4 235 1251  960      35
1979081406 4 240 1249  958      35
1979081412 4 247 1247  955      40
1979081418 4 252 1245  955      40
1979081500 4 260 1244  955      40
1979081506 4 268 1241  955      40
1979081512 4 277 1237  955      40
1979081518 4 285 1237  955      40
1979081600 4 295 1237  955      40
1979081606 4 306 1237  955      40
1979081612 4 316 1237  960      40
1979081618 4 327 1240  965      35
1979081700 3 341 1250  970      30
1979081706 3 357 1265  975      30
1979081712 3 376 1287  975      25
1979081718 3 402 1309  975      25
1979081800 3 429 1331  975      25
1979081806 3 450 1360  975      25
1979081812 9 460 1387  975      25
1979081818 9 470 1404  974      25
1979081900 9 480 1419  980      20
1979081906 9 497 1442  980      20
1979081912 9 518 1475  980      20
66666 0000   25 0017 0000 0 6 (nameless)                         20110729
1979081206 0 320 1430 1004      10
1979081212 0 320 1430 1004      10
1979081218 1 322 1440 1002      12
1979081300 1 327 1448 1000      15
1979081306 1 336 1447 1000      15
1979081312 1 338 1438 1000      15
1979081318 1 335 1441  998      15
1979081400 1 338 1449  998      15
1979081406 1 341 1451  998      15
1979081412 1 341 1451  998      15
1979081418 1 340 1448  998      15
1979081500 1 340 1448  998      15
1979081506 1 342 1446  998      15
1979081512 1 342 1446  998      15
1979081518 1 342 1441  998      15
1979081600 1 338 1438  998      15
1979081606 1 342 1435  998      15
1979081612 1 342 1435  998      15
1979081618 1 342 1435  998      15
1979081700 1 342 1435  998      15
1979081706 1 342 1435  998      15
1979081712 1 349 1436  998      15
1979081718 1 358 1442  998      15
1979081800 1 374 1456  998      15
1979081806 1 393 1475 1000      12
66666 0000   45 0018 7910 0 6 Judy                               20110729
1979081600 0 120 1480 1006      10
1979081606 1 127 1469 1004      12
1979081612 1 132 1458 1002      12
1979081618 1 136 1445 1000      15
1979081700 2 138 1434  998      20
1979081706 2 142 1422  994      20
1979081712 3 146 1410  990      25
1979081718 3 150 1400  985      25
1979081800 3 156 1390  975      30
1979081806 4 162 1383  960      35
1979081812 4 170 1372  955      40
1979081818 4 174 1364  950      40
1979081900 5 182 1357  945      45
1979081906 5 190 1350  940      50
1979081912 6 197 1344  935      55
1979081918 6 205 1340  925      60
1979082000 6 213 1335  915      65
1979082006 6 221 1331  908      65
1979082012 6 229 1327  920      65
1979082018 6 232 1318  930      65
1979082100 6 234 1310  940      60
1979082106 6 240 1305  945      55
1979082112 6 241 1297  945      55
1979082118 6 241 1288  945      55
1979082200 5 242 1279  950      50
1979082206 5 242 1273  950      45
1979082212 5 244 1267  950      45
1979082218 5 250 1263  950      45
1979082300 5 259 1256  946      45
1979082306 5 267 1244  946      45
1979082312 4 274 1238  950      40
1979082318 4 280 1232  955      40
1979082400 4 289 1228  955      40
1979082406 3 296 1223  965      30
1979082412 3 302 1223  970      30
1979082418 4 305 1226  970      35
1979082500 3 310 1229  975      30
1979082506 3 315 1238  980      25
1979082512 3 320 1245  985      25
1979082518 2 324 1251  990      20
1979082600 2 336 1266  990      20
1979082606 1 339 1278  992      15
1979082612 1 344 1289  995      15
1979082618 1 354 1301  996      15
1979082700 1 370 1308  997      15
66666 0000   12 0019 0000 0 6 (nameless)                         20110729
1979081700 0 142 1686 1008      10
1979081706 0 149 1689 1008      10
1979081712 0 149 1689 1008      10
1979081718 1 157 1684 1006      12
1979081800 1 166 1686 1004      15
1979081806 1 175 1691 1004      15
1979081812 1 179 1680 1006      12
1979081818 1 180 1670 1006      12
1979081900 1 190 1660 1006      12
1979081906 1 192 1642 1006      12
1979081912 1 190 1628 1006      12
1979081918 0 180 1615 1008      10
66666 0000   15 0020 0000 0 6 (nameless)                         20110729
1979082700 0 215 1525 1010       9
1979082706 0 207 1511 1010       9
1979082712 0 200 1500 1008       9
1979082718 0 196 1490 1008       9
1979082800 0 193 1480 1008       9
1979082806 0 190 1472 1007      10
1979082812 0 190 1464 1006      10
1979082818 0 194 1461 1006      10
1979082900 1 199 1459 1006      12
1979082906 1 201 1454 1006      12
1979082912 1 202 1450 1004      12
1979082918 1 202 1446 1004      12
1979083000 1 201 1441 1006      12
1979083006 1 200 1436 1006      12
1979083012 1 198 1430 1006      12
66666 0000   27 0021 7911 1 6 Ken                                20110729
1979083100 1 245 1377 1006      12
1979083106 1 247 1370 1004      12
1979083112 1 248 1360 1004      12
1979083118 1 250 1350 1004      12
1979090100 1 250 1340 1004      12
1979090106 1 250 1340 1004      12
1979090112 1 251 1330 1004      12
1979090118 1 255 1323 1004      12
1979090200 1 259 1319 1002      12
1979090206 1 264 1313 1000      15
1979090212 2 272 1308  995      20
1979090218 2 280 1306  995      20
1979090300 3 288 1305  988      25
1979090306 3 299 1307  988      25
1979090312 3 315 1312  988      25
1979090318 2 327 1319  990      20
1979090400 2 338 1333  992      20
1979090406 1 351 1350  992      15
1979090412 1 363 1370  992      15
1979090418 1 384 1398  992      15
1979090500 9 408 1424  988      20
1979090506 9 426 1445  988      20
1979090512 9 440 1465  988      20
1979090518 9 452 1481  985      20
1979090600 9 460 1500  984      20
1979090606 9 468 1525  984      20
1979090612 9 476 1550  985      20
66666 0000   26 0022 7912 0 6 Lola                               20110729
1979090300 0 228 1518 1005      10
1979090306 1 230 1511 1003      12
1979090312 1 232 1505 1002      15
1979090318 1 234 1497  995      15
1979090400 2 236 1490  990      20
1979090406 3 238 1483  985      25
1979090412 3 241 1478  975      30
1979090418 4 246 1471  966      35
1979090500 4 252 1468  965      35
1979090506 4 256 1466  960      35
1979090512 4 261 1464  955      40
1979090518 4 267 1464  952      40
1979090600 5 274 1464  950      45
1979090606 5 279 1464  953      45
1979090612 4 287 1463  960      40
1979090618 4 295 1462  965      40
1979090700 4 303 1462  970      35
1979090706 3 310 1465  980      30
1979090712 3 319 1471  983      30
1979090718 3 330 1478  986      25
1979090800 2 340 1487  992      20
1979090806 2 350 1500  992      20
1979090812 2 360 1518  995      20
1979090818 2 370 1538  995      20
1979090900 1 378 1560  998      15
1979090906 1 385 1593 1000      15
66666 0000   55 0023 7913 0 6 Mac                                20110729
1979091118 0 118 1417 1008       9
1979091200 0 119 1411 1008       9
1979091206 0 121 1404 1008       9
1979091212 0 122 1396 1008       9
1979091218 0 122 1390 1008       9
1979091300 0 121 1382 1008       9
1979091306 0 120 1377 1008       9
1979091312 0 119 1372 1008       9
1979091318 0 117 1366 1008       9
1979091400 0 115 1359 1008       9
1979091406 0 120 1352 1006       9
1979091412 0 121 1346 1006       9
1979091418 0 121 1340 1006       9
1979091500 0 120 1330 1006       9
1979091506 0 121 1318 1006       9
1979091512 0 126 1310 1006      10
1979091518 0 132 1301 1004      10
1979091600 1 135 1290 1000      15
1979091606 3 138 1279  995      25
1979091612 3 140 1269  990      25
1979091618 3 141 1262  990      25
1979091700 3 139 1259  990      25
1979091706 3 136 1256  984      30
1979091712 3 140 1248  984      30
1979091718 3 138 1240  983      30
1979091800 3 136 1236  985      30
1979091806 3 135 1232  985      30
1979091812 3 135 1226  985      30
1979091818 3 137 1220  990      25
1979091900 3 140 1213  990      25
1979091906 2 143 1207  995      20
1979091912 2 148 1200  995      20
1979091918 2 155 1195  995      20
1979092000 2 162 1191  998      20
1979092006 1 170 1189 1000      15
1979092012 1 175 1186 1000      15
1979092018 1 178 1183 1000      15
1979092100 1 184 1181  998      15
1979092106 1 189 1178  998      15
1979092112 1 194 1173  998      15
1979092118 1 198 1169  998      15
1979092200 1 201 1165  998      15
1979092206 1 205 1162  998      15
1979092212 1 209 1160  996      15
1979092218 2 212 1153  995      20
1979092300 2 215 1144  995      20
1979092306 2 218 1139  995      20
1979092312 3 220 1138  995      25
1979092318 1 223 1132 1000      15
1979092400 0 221 1127 1003      10
1979092406 0 221 1127 1003      10
1979092412 0 219 1134 1005      10
1979092418 0 227 1139 1006       9
1979092500 0 226 1144 1007       9
1979092506 0 223 1148 1008       9
66666 0000   23 0024 7914 1 6 Nancy                              20110729
1979091712 0 160 1124 1006      10
1979091718 0 165 1120 1006      10
1979091800 0 170 1119 1006      10
1979091806 0 172 1118 1004      10
1979091812 0 175 1117 1004      10
1979091818 0 178 1115 1004      10
1979091900 1 182 1116 1003      12
1979091906 1 186 1115 1000      15
1979091912 2 189 1110  995      20
1979091918 2 189 1101  994      20
1979092000 2 185 1097  994      20
1979092006 2 184 1094  994      20
1979092012 2 181 1092  993      20
1979092018 2 181 1088  993      20
1979092100 2 181 1084  993      20
1979092106 2 182 1081  993      20
1979092112 2 182 1076  993      20
1979092118 2 179 1072  993      20
1979092200 2 177 1069  995      20
1979092206 2 175 1067  995      20
1979092212 1 173 1065 1000      15
1979092218 1 170 1063 1001      12
1979092300 1 167 1062 1003      12
66666 0000   42 0025 7915 1 6 Owen                               20110729
1979092218 1 122 1377 1000      15
1979092300 1 125 1370 1000      15
1979092306 1 130 1367 1000      15
1979092312 2 136 1364  998      20
1979092318 2 147 1356  994      20
1979092400 3 165 1351  990      25
1979092406 3 178 1341  990      25
1979092412 3 191 1330  980      30
1979092418 4 201 1315  970      35
1979092500 4 210 1309  965      35
1979092506 4 215 1300  960      35
1979092512 4 220 1295  940      40
1979092518 5 228 1292  925      45
1979092600 5 232 1291  918      50
1979092606 5 236 1291  920      50
1979092612 5 239 1291  920      50
1979092618 5 245 1293  930      50
1979092700 5 248 1294  945      45
1979092706 5 254 1296  945      45
1979092712 5 260 1297  945      45
1979092718 4 265 1297  950      40
1979092800 4 271 1299  950      35
1979092806 4 275 1299  954      35
1979092812 4 278 1299  954      35
1979092818 4 280 1299  953      35
1979092900 4 280 1299  953      35
1979092906 4 285 1299  954      35
1979092912 4 291 1301  954      35
1979092918 4 301 1306  955      35
1979093000 4 308 1316  955      35
1979093006 4 323 1329  955      35
1979093012 3 338 1348  965      30
1979093018 3 365 1380  975      25
1979100100 3 400 1420  975      25
1979100106 9 431 1452  975      25
1979100112 9 450 1488  975      25
1979100118 9 463 1518  975      25
1979100200 9 472 1562  975      25
1979100206 9 474 1600  975      25
1979100212 9 470 1640  975      25
1979100218 9 470 1695  975      25
1979100300 9 467 1740  975      25
66666 0000    6 0026 7916 0 6 Pamela                             20110729
1979092500 1 188 1441 1004      12
1979092506 1 190 1427 1000      15
1979092512 2 195 1418  998      20
1979092518 2 198 1408  995      20
1979092600 2 206 1394  995      20
1979092606 1 220 1375 1000      15
66666 0000   59 0027 7918 3 6 Sarah                              20110729
1979093018 0 140 1180 1002      10
1979100100 1 143 1187 1002      12
1979100106 1 146 1192  999      15
1979100112 1 148 1196  999      15
1979100118 1 150 1200 1000      15
1979100200 1 150 1200 1000      15
1979100206 1 154 1205  999      15
1979100212 1 160 1207  999      15
1979100218 1 166 1208  999      15
1979100300 1 166 1203  999      15
1979100306 1 160 1200  998      15
1979100312 1 153 1200  998      15
1979100318 1 145 1204  998      15
1979100400 1 150 1204  998      15
1979100406 1 150 1204  998      15
1979100412 1 145 1200  998      15
1979100418 1 140 1198  998      15
1979100500 2 136 1196  995      20
1979100506 2 130 1194  990      20
1979100512 2 125 1193  990      20
1979100518 2 124 1193  990      20
1979100600 2 124 1193  990      20
1979100606 2 122 1194  995      20
1979100612 2 122 1194  995      20
1979100618 2 122 1194  995      20
1979100700 2 122 1194  990      20
1979100706 3 120 1193  985      30
1979100712 3 119 1192  985      30
1979100718 3 117 1192  985      30
1979100800 3 115 1192  983      30
1979100806 3 112 1191  980      30
1979100812 3 112 1189  980      30
1979100818 4 112 1186  975      35
1979100900 4 113 1183  970      35
1979100906 5 113 1178  965      45
1979100912 5 114 1174  955      45
1979100918 5 114 1170  945      45
1979101000 5 115 1166  938      50
1979101006 5 117 1162  932      50
1979101012 5 118 1159  940      50
1979101018 5 119 1157  945      50
1979101100 5 120 1155  955      45
1979101106 5 121 1151  960      45
1979101112 4 122 1148  960      40
1979101118 4 124 1144  960      40
1979101200 4 127 1140  960      40
1979101206 4 128 1137  960      40
1979101212 4 132 1132  965      40
1979101218 4 133 1126  965      35
1979101300 4 134 1122  965      35
1979101306 4 135 1119  965      35
1979101312 4 135 1115  965      35
1979101318 3 135 1111  975      30
1979101400 3 135 1108  980      30
1979101406 3 134 1104  980      30
1979101412 3 134 1100  990      25
1979101418 1 131 1098  995      15
1979101500 1 128 1097 1000      15
1979101506 0 125 1095 1003      10
66666 0000   23 0028 7917 2 6 Roger                              20110729
1979100200 1 136 1406 1001      12
1979100206 1 140 1405 1001      15
1979100212 1 143 1404 1000      15
1979100218 1 147 1403 1000      15
1979100300 1 149 1402 1000      15
1979100306 1 160 1392  998      15
1979100312 1 172 1378  997      15
1979100318 1 185 1365  995      15
1979100400 2 200 1356  990      20
1979100406 2 212 1350  982      20
1979100412 2 216 1342  985      20
1979100418 2 211 1337  990      20
1979100500 2 204 1340  992      20
1979100506 2 210 1347  992      20
1979100512 2 220 1348  992      20
1979100518 2 229 1347  992      20
1979100600 2 239 1347  992      20
1979100606 2 254 1350  992      20
1979100612 2 270 1355  992      20
1979100618 2 290 1363  992      20
1979100700 2 312 1374  992      20
1979100706 2 331 1390  993      20
1979100712 2 344 1417  995      20
66666 0000   63 0029 7919 1 6 Tip                                20110729
1979100418 1  60 1550 1004      12
1979100500 1  60 1544 1004      15
1979100506 1  62 1539 1003      15
1979100512 1  66 1536 1003      15
1979100518 1  69 1535 1002      15
1979100600 1  73 1533 1001      15
1979100606 1  75 1532 1001      15
1979100612 1  77 1529 1001      15
1979100618 1  78 1527 1001      15
1979100700 1  77 1524 1001      15
1979100706 1  70 1519 1000      15
1979100712 1  63 1518 1000      15
1979100718 1  70 1525  998      15
1979100800 2  77 1528  995      20
1979100806 2  84 1520  995      20
1979100812 2  95 1507  995      20
1979100818 2 107 1493  995      20
1979100900 3 120 1480  990      25
1979100906 3 126 1457  985      25
1979100912 3 128 1443  975      30
1979100918 4 129 1434  965      35
1979101000 4 132 1424  955      40
1979101006 5 134 1417  950      45
1979101012 5 138 1410  940      50
1979101018 6 140 1402  920      60
1979101100 6 142 1395  900      65
1979101106 6 146 1393  895      70
1979101112 6 151 1393  900      70
1979101118 6 158 1388  900      70
1979101200 6 164 1383  880      75
1979101206 6 167 1377  870      80
1979101212 6 168 1373  875      75
1979101218 6 170 1369  890      70
1979101300 6 167 1363  900      70
1979101306 6 167 1358  900      70
1979101312 6 167 1353  905      70
1979101318 6 168 1349  915      65
1979101400 6 170 1340  920      60
1979101406 6 171 1333  920      60
1979101412 6 173 1324  920      60
1979101418 6 176 1317  920      60
1979101500 6 180 1310  920      60
1979101506 6 184 1304  920      60
1979101512 6 187 1298  920      60
1979101518 6 190 1295  925      55
1979101600 6 195 1290  925      55
1979101606 6 199 1287  930      55
1979101612 6 204 1285  930      55
1979101618 5 208 1283  935      50
1979101700 5 215 1281  935      50
1979101706 5 223 1280  940      50
1979101712 5 230 1278  940      45
1979101718 5 239 1278  940      45
1979101800 4 249 1279  950      40
1979101806 4 263 1287  950      40
1979101812 4 283 1300  955      40
1979101818 4 304 1320  960      35
1979101900 4 335 1350  965      35
1979101906 3 365 1382  965      30
1979101912 3 405 1425  965      30
1979101918 9 444 1462  960      30
1979102000 9 465 1481  950      35
1979102006 9 485 1500  950      35
66666 0000   16 0030 0000 0 6 (nameless)                         20110729
1979101706 1 108 1117 1004      15
1979101712 1 108 1121 1004      15
1979101718 1 109 1125 1005      15
1979101800 1 110 1130 1005      15
1979101806 1 113 1135 1005      15
1979101812 1 114 1142 1005      15
1979101818 1 112 1148 1005      15
1979101900 1 108 1152 1006      12
1979101906 0 106 1158 1007      10
1979101912 0 108 1162 1008      10
1979101918 0 111 1163 1008      10
1979102000 0 115 1160 1009      10
1979102006 0 120 1160 1009      10
1979102012 0 125 1162 1010      10
1979102018 0 130 1165 1010      10
1979102100 0 135 1169 1010      10
66666 0000   26 0031 7920 0 6 Vera                               20110729
1979110100 1  53 1488 1004      12
1979110106 1  59 1481 1004      12
1979110112 1  65 1477 1004      12
1979110118 1  67 1471 1002      12
1979110200 1  68 1462 1000      15
1979110206 2  72 1448  998      20
1979110212 3  74 1436  994      25
1979110218 3  78 1422  990      25
1979110300 3  82 1406  985      30
1979110306 3  87 1390  985      30
1979110312 4  92 1371  970      35
1979110318 4  98 1350  960      40
1979110400 5 103 1331  940      50
1979110406 6 110 1313  930      55
1979110412 6 116 1293  920      60
1979110418 6 120 1276  915      60
1979110500 6 127 1262  920      60
1979110506 6 135 1249  920      60
1979110512 6 144 1240  925      55
1979110518 5 149 1234  935      50
1979110600 5 155 1228  943      45
1979110606 4 163 1224  950      40
1979110612 4 169 1222  970      35
1979110618 3 178 1219  990      25
1979110700 2 185 1220  995      20
1979110706 1 193 1220 1000      15
66666 0000   15 0031 7920 0 6 Vera(-)1                           20110729
1979110700 0 152 1200 1004      10
1979110706 1 160 1190 1004      15
1979110712 1 164 1183 1004      15
1979110718 1 168 1181 1004      15
1979110800 1 174 1178 1004      15
1979110806 1 174 1168 1004      15
1979110812 1 172 1158 1004      15
1979110818 1 168 1150 1004      15
1979110900 1 164 1143 1006      12
1979110906 1 161 1138 1006      12
1979110912 1 157 1135 1006      12
1979110918 0 153 1133 1006      10
1979111000 0 149 1132 1006      10
1979111006 0 141 1134 1006      10
1979111012 0 135 1140 1006       9
66666 0000   25 0032 7921 0 6 Wayne                              20110729
1979110712 0  97 1385 1005      10
1979110718 0 119 1363 1005      10
1979110800 1 140 1345 1003      12
1979110806 1 151 1330 1000      15
1979110812 1 160 1316  996      15
1979110818 1 163 1303  996      15
1979110900 2 159 1300  992      20
1979110906 2 159 1298  992      20
1979110912 2 161 1297  990      20
1979110918 3 169 1293  990      25
1979111000 3 176 1289  993      25
1979111006 3 178 1285  993      25
1979111012 3 179 1284  993      25
1979111018 3 181 1284  994      25
1979111100 2 185 1285  998      20
1979111106 2 185 1285  998      20
1979111112 1 184 1282 1000      15
1979111118 1 183 1278 1000      15
1979111200 1 182 1274 1000      15
1979111206 1 180 1269 1000      15
1979111212 1 178 1260 1000      15
1979111218 1 173 1252 1002      12
1979111300 0 168 1245 1004      10
1979111306 0 162 1238 1006      10
1979111312 0 151 1228 1006      10
66666 0000   14 0033 0000 0 6 (nameless)                         20110729
1979112906 0 122 1527 1005      10
1979112912 0 124 1537 1005      10
1979112918 0 130 1543 1005      10
1979113000 0 140 1546 1005      10
1979113006 1 151 1544 1002      12
1979113012 1 162 1541 1002      12
1979113018 1 172 1533 1000      15
1979120100 1 187 1525 1000      15
1979120106 1 199 1515 1000      15
1979120112 1 212 1509 1000      15
1979120118 1 226 1504 1002      15
1979120200 1 243 1498 1004      12
1979120206 0 259 1505 1008      10
1979120212 0 265 1520 1008      10
66666 0000   55 0034 7922 0 6 Abby                               20110729
1979120100 0  70 1630 1005      10
1979120106 0  68 1623 1004      10
1979120112 1  67 1615 1004      12
1979120118 1  61 1610 1000      15
1979120200 1  59 1602  996      15
1979120206 2  60 1599  996      20
1979120212 2  61 1596  996      20
1979120218 2  62 1593  996      20
1979120300 3  63 1591  995      25
1979120306 3  65 1589  995      25
1979120312 3  69 1588  995      25
1979120318 3  75 1589  993      25
1979120400 3  81 1584  993      25
1979120406 3  85 1574  990      25
1979120412 3  82 1565  989      30
1979120418 3  82 1557  990      30
1979120500 3  82 1552  992      30
1979120506 3  79 1542  995      25
1979120512 3  77 1535  995      25
1979120518 3  80 1522  995      25
1979120600 2  87 1516  998      20
1979120606 2  94 1510  998      20
1979120612 2  94 1500  998      20
1979120618 2  96 1478  998      20
1979120700 2 101 1465  998      20
1979120706 2 102 1458  998      20
1979120712 2 101 1451  999      20
1979120718 2 106 1447  999      20
1979120800 2 114 1446  999      20
1979120806 2 122 1434  999      20
1979120812 2 117 1417  999      20
1979120818 2 114 1404  999      20
1979120900 2 113 1391  999      20
1979120906 2 112 1379  998      20
1979120912 3 111 1364  990      25
1979120918 3 110 1350  985      25
1979121000 3 111 1342  980      30
1979121006 3 113 1336  975      30
1979121012 3 120 1326  975      30
1979121018 4 129 1315  970      35
1979121100 4 137 1307  965      40
1979121106 4 143 1301  965      40
1979121112 5 149 1302  960      45
1979121118 5 156 1303  955      45
1979121200 5 164 1305  953      45
1979121206 5 171 1310  952      45
1979121212 5 179 1319  952      45
1979121218 5 189 1332  951      45
1979121300 5 196 1346  955      45
1979121306 5 204 1361  960      45
1979121312 4 212 1382  965      40
1979121318 4 219 1402  980      35
1979121400 3 223 1426  992      30
1979121406 3 226 1450  996      25
1979121412 1 228 1475 1000      15
66666 0000   18 0035 7923 0 6 Ben                                20110729
1979121906 0  90 1365 1008      10
1979121912 0  93 1347 1008      10
1979121918 0  98 1330 1008      10
1979122000 0 104 1312 1008      10
1979122006 1 110 1300 1005      12
1979122012 1 114 1292 1003      15
1979122018 2 115 1282 1000      20
1979122100 3 115 1271  996      25
1979122106 3 116 1257  996      25
1979122112 3 119 1243  996      25
1979122118 3 123 1230  996      25
1979122200 3 127 1214  996      25
1979122206 3 134 1202  996      25
1979122212 3 140 1194  996      25
1979122218 3 150 1193  996      25
1979122300 2 160 1195 1000      20
1979122306 1 178 1208 1004      15
1979122312 0 195 1230 1007      10
