66666 0000   19 0001 0000 2 6 (nameless)                         20110729
1950041018 0 160 1700 1010       0
1950041100 0 164 1687 1010       0
1950041106 0 170 1673 1010       0
1950041112 0 177 1659 1010       0
1950041118 0 185 1648 1010       0
1950041200 0 198 1636 1010       0
1950041206 0 210 1622 1006       0
1950041212 1 217 1607 1004      15
1950041218 2 224 1591 1000      20
1950041300 2 233 1574  998      20
1950041306 3 245 1565  990      25
1950041312 3 258 1561  990      25
1950041318 3 269 1561  984      30
1950041400 3 280 1566  984      30
1950041406 3 290 1572  984      30
1950041412 3 300 1575  984      30
1950041418 3 311 1573  988      25
1950041500 3 321 1564  992      25
1950041506 3 340 1550  992      25
66666 0000   40 0002 0000 0 6 Doris                              20110729
1950050600 1  86 1508 1000      15
1950050606 2  84 1501  995      20
1950050612 3  82 1494  990      25
1950050618 3  80 1489  985      30
1950050700 4  79 1482  980      35
1950050706 4  82 1475  975      40
1950050712 4  87 1468  975      40
1950050718 4  93 1461  970      40
1950050800 4  99 1456  970      40
1950050806 5 104 1452  965      45
1950050812 5 110 1447  965      45
1950050818 5 116 1441  960      50
1950050900 5 121 1432  960      50
1950050906 6 123 1424  960      55
1950050912 6 126 1416  960      55
1950050918 6 131 1408  955      60
1950051000 6 136 1399  955      60
1950051006 6 141 1392  950      60
1950051012 6 146 1387  940      65
1950051018 6 151 1380  935      70
1950051100 6 156 1374  930      70
1950051106 6 162 1367  935      70
1950051112 6 168 1361  935      70
1950051118 6 178 1353  935      70
1950051200 6 190 1349  940      65
1950051206 6 202 1350  940      65
1950051212 6 217 1356  940      60
1950051218 6 235 1366  945      60
1950051300 6 258 1379  945      60
1950051306 6 279 1391  950      55
1950051312 6 293 1402  950      55
1950051318 5 310 1420  955      50
1950051400 5 326 1440  960      45
1950051406 9 347 1473  970      35
1950051412 9 366 1522  975       0
1950051418 9 375 1557  975       0
1950051500 9 383 1591  980       0
1950051506 9 392 1637  985       0
1950051512 9 406 1689  990       0
1950051518 9 413 1733  990       0
66666 0000   20 0003 0000 0 6 (nameless)                         20110729
1950060518 1 203 1182  998      15
1950060600 2 206 1172  996      20
1950060606 3 213 1163  992      25
1950060612 3 220 1165  992      25
1950060618 2 225 1169  992      20
1950060700 2 228 1174  992      20
1950060706 2 231 1178  992      20
1950060712 2 232 1182  992      20
1950060718 2 234 1185  992      20
1950060800 2 235 1190  992      20
1950060806 2 236 1195  992      20
1950060812 1 238 1215  998      15
1950060818 1 243 1239 1002      12
1950060900 1 252 1265 1004      12
1950060906 1 259 1283 1006      12
1950060912 9 264 1295 1006      10
1950060918 9 272 1305 1006       0
1950061000 9 280 1317 1006       0
1950061006 9 292 1333 1006       0
1950061012 9 315 1355 1008       0
66666 0000   23 0004 0000 0 6 Elsie                              20110729
1950062212 1 170 1261 1002      15
1950062218 3 190 1259  990      25
1950062300 3 217 1261  980      30
1950062306 5 250 1266  965      45
1950062312 5 270 1249  965      45
1950062318 4 298 1249  970      40
1950062400 4 325 1275  980      35
1950062406 9 356 1313  990      30
1950062412 9 381 1355  992      30
1950062418 9 395 1385  992      30
1950062500 9 402 1402  994      25
1950062506 9 409 1421  994      25
1950062512 9 415 1435  996      20
1950062518 9 422 1449  996       0
1950062600 9 432 1461  996       0
1950062606 9 441 1473  994       0
1950062612 9 450 1487  994       0
1950062618 9 461 1502  994       0
1950062700 9 471 1519  996       0
1950062706 9 479 1539 1000       0
1950062712 9 481 1559 1002       0
1950062718 9 481 1586 1004       0
1950062800 9 481 1600 1006       0
66666 0000   13 0005 0000 0 6 (nameless)                         20110729
1950070606 0 178 1198 1008       0
1950070612 0 182 1194 1006       0
1950070618 0 187 1189 1005       0
1950070700 0 189 1180 1004       0
1950070706 0 190 1170 1003       0
1950070712 0 192 1162 1002       0
1950070718 0 194 1155 1002       0
1950070800 0 197 1148 1002       0
1950070806 0 202 1143 1002       0
1950070812 1 210 1140 1002      12
1950070818 1 216 1137 1002      12
1950070900 1 222 1132 1002      12
1950070906 0 228 1128 1005      10
66666 0000   26 0006 0000 3 6 (nameless)                         20110729
1950070912 0 121 1494 1008       0
1950070918 0 115 1482 1008       0
1950071000 0 109 1470 1007       0
1950071006 0 103 1454 1007       0
1950071012 0 110 1441 1006       0
1950071018 0 123 1444 1005       0
1950071100 0 141 1451 1005       0
1950071106 0 158 1459 1004       0
1950071112 0 174 1466 1003       0
1950071118 0 193 1472 1003       0
1950071200 1 206 1476 1002      15
1950071206 1 224 1481 1002      15
1950071212 1 240 1481 1000      15
1950071218 2 257 1474  998      20
1950071300 2 270 1453  996      20
1950071306 3 280 1432  994      25
1950071312 3 300 1428  992      25
1950071318 3 323 1431  990      25
1950071400 3 347 1435  990      25
1950071406 3 373 1439  992      25
1950071412 3 407 1440  994      25
1950071418 2 431 1440  996      20
1950071500 2 448 1440  998      20
1950071506 9 458 1440  998      20
1950071512 9 465 1442 1000      15
1950071518 9 475 1443 1000      15
66666 0000   38 0007 0000 0 6 Grace                              20110729
1950071312 0 169 1390 1008       0
1950071318 0 172 1375 1007       0
1950071400 0 175 1363 1007       0
1950071406 0 175 1350 1006       0
1950071412 0 176 1340 1006       0
1950071418 0 178 1330 1005       0
1950071500 0 180 1320 1005       0
1950071506 0 182 1310 1004       0
1950071512 1 184 1303 1002      15
1950071518 1 186 1296 1000      15
1950071600 1 190 1292 1000      15
1950071606 2 195 1289  998      20
1950071612 2 201 1287  995      20
1950071618 2 210 1290  994      20
1950071700 2 216 1296  994      20
1950071706 3 228 1297  992      25
1950071712 3 236 1291  988      25
1950071718 3 243 1287  988      25
1950071800 3 254 1286  986      25
1950071806 3 267 1286  982      30
1950071812 3 275 1288  982      30
1950071818 3 285 1290  980      30
1950071900 3 294 1292  980      30
1950071906 3 302 1293  980      30
1950071912 3 308 1295  980      30
1950071918 3 315 1295  980      30
1950072000 3 318 1294  980      30
1950072006 3 322 1292  980      30
1950072012 4 325 1290  980      35
1950072018 4 327 1285  978      35
1950072100 4 330 1280  975      35
1950072106 4 338 1277  978      35
1950072112 3 350 1275  982      25
1950072118 3 362 1270  984      25
1950072200 3 371 1260  985      25
1950072206 2 380 1252  990      20
1950072212 1 395 1241  995      15
1950072218 0 414 1245 1000       9
66666 0000    8 0008 0000 2 6 Flossie                            20110729
1950071506 1 215 1440 1005      15
1950071512 2 218 1432 1000      20
1950071518 3 222 1422  995      25
1950071600 4 225 1410  985      35
1950071606 4 228 1391  985      35
1950071612 4 237 1379  985      35
1950071618 3 253 1371  985      30
1950071700 3 268 1356  990      25
66666 0000    8 0009 0000 0 6 (nameless)                         20110729
1950072212 0 216 1234 1000      10
1950072218 0 222 1233  998      10
1950072300 1 228 1233  998      12
1950072306 1 236 1231  997      12
1950072312 1 244 1227  997      15
1950072318 1 249 1218  997      12
1950072400 1 250 1206  997      12
1950072406 0 248 1198  997      10
66666 0000   41 0010 0000 0 6 (nameless)                         20110729
1950072400 2 210 1305  990      20
1950072406 2 212 1280  990      20
1950072412 2 217 1255  990      20
1950072418 2 225 1240  990      20
1950072500 2 235 1233  990      20
1950072506 2 242 1236  990      20
1950072512 2 244 1245  990      20
1950072518 2 244 1254  990      20
1950072600 2 247 1265  990      20
1950072606 3 250 1277  988      25
1950072612 3 255 1293  988      25
1950072618 3 263 1306  988      25
1950072700 3 282 1320  985      25
1950072706 3 295 1324  983      30
1950072712 3 306 1319  985      30
1950072718 3 310 1311  985      30
1950072800 3 314 1300  988      25
1950072806 3 315 1295  990      25
1950072812 3 317 1292  990      25
1950072818 3 319 1294  991      25
1950072900 3 320 1298  991      25
1950072906 2 316 1299  992      20
1950072912 2 313 1294  993      20
1950072918 2 314 1288  994      20
1950073000 2 315 1281  995      20
1950073006 2 316 1274  995      20
1950073012 2 317 1267  993      20
1950073018 2 318 1258  993      20
1950073100 2 319 1249  993      20
1950073106 2 319 1242  990      20
1950073112 2 319 1236  990      20
1950073118 1 319 1230  990      15
1950080100 1 320 1222  990      15
1950080106 1 322 1211  992      15
1950080112 1 330 1198  992      15
1950080118 1 340 1185  992      12
1950080200 0 350 1178  992      10
1950080206 0 360 1170  992       9
1950080212 0 370 1163  992       9
1950080218 0 380 1160  995       9
1950080300 0 388 1160  998       9
66666 0000   10 0011 0000 2 6 Helene                             20110729
1950072418 2 216 1429  995      20
1950072500 3 229 1413  990      25
1950072506 3 243 1406  989      25
1950072512 3 253 1405  988      25
1950072518 3 262 1404  987      25
1950072600 3 270 1402  986      25
1950072606 3 283 1394  984      30
1950072612 3 296 1375  984      30
1950072618 3 307 1350  984      30
1950072700 3 311 1325  984      30
66666 0000    9 0012 0000 0 6 (nameless)                         20110729
1950072600 1 210 1150  992      12
1950072606 1 208 1142  992      15
1950072612 1 206 1134  992      15
1950072618 1 205 1125  992      15
1950072700 1 204 1114  993      12
1950072706 1 206 1106  993      12
1950072712 1 212 1099  994      12
1950072718 0 222 1092  998       9   12
1950072800 0 232 1088  999       9
66666 0000   13 0013 0000 0 6 (nameless)                         20110729
1950080100 0 241 1391 1000       0
1950080106 0 248 1390 1000       0
1950080112 0 257 1390 1000       0
1950080118 0 267 1390 1000       0
1950080200 0 277 1390 1000       0
1950080206 1 286 1395  998      15
1950080212 1 292 1403  998      15
1950080218 1 296 1410  996      15
1950080300 2 305 1408  994      20
1950080306 2 319 1401  992      20
1950080312 2 346 1408  994      20
1950080318 1 364 1402  996      15
1950080400 0 384 1385 1002      10
66666 0000   12 0014 0000 0 6 (nameless)                         20110729
1950080106 0 250 1280  997       0
1950080112 0 248 1273  997       0
1950080118 0 246 1266  996       0
1950080200 0 244 1260  996       0
1950080206 1 241 1256  995      15
1950080212 1 235 1256  995      15
1950080218 1 238 1257  995      15
1950080300 1 240 1248  995      15
1950080306 1 239 1236  995      15
1950080312 0 236 1226  997       0
1950080318 0 232 1217  997       0
1950080400 0 225 1213  997       0
66666 0000   15 0015 0000 0 6 (nameless)                         20110729
1950080200 0 209 1385 1000       0
1950080206 0 218 1402  999       0
1950080212 0 227 1413  999       0
1950080218 0 237 1418  998       0
1950080300 0 245 1418  998       0
1950080306 0 259 1411  998       0
1950080312 0 274 1403  998       0
1950080318 1 285 1399  998      15
1950080400 2 296 1396  998      20
1950080406 2 310 1395  998      20
1950080412 1 330 1394 1000      15
1950080418 0 351 1391 1002       0
1950080500 0 367 1386 1002       0
1950080506 0 381 1383 1003       0
1950080512 0 392 1391 1005       0
66666 0000   15 0016 0000 0 6 (nameless)                         20110729
1950080318 0 261 1415 1000       0
1950080400 0 263 1409 1000       0
1950080406 0 265 1400 1000       0
1950080412 0 267 1393 1000       0
1950080418 1 271 1384 1000      15
1950080500 1 276 1379 1000      15
1950080506 2 286 1371  999      20
1950080512 2 295 1366  998      20
1950080518 2 306 1360  997      20
1950080600 2 319 1351  996      20
1950080606 2 329 1344  998      20
1950080612 1 342 1336 1000      12
1950080618 0 363 1326 1002       0
1950080700 0 377 1319 1004       0
1950080706 0 389 1311 1005       0
66666 0000   27 0017 0000 0 6 (nameless)                         20110729
1950080800 0 295 1422 1002       0
1950080806 0 302 1410 1000       0
1950080812 0 306 1398 1000       0
1950080818 0 310 1385  998       0
1950080900 0 308 1369  996       0
1950080906 0 297 1350  996       0
1950080912 0 284 1335  996       0
1950080918 1 277 1324  994      15
1950081000 1 272 1318  994      15
1950081006 1 270 1312  994      15
1950081012 1 270 1309  994      15
1950081018 1 270 1304  994      15
1950081100 0 270 1300  996       0
1950081106 0 267 1297  996       0
1950081112 0 264 1297  996       0
1950081118 0 262 1300  996       0
1950081200 0 262 1303  996       0
1950081206 0 264 1307  996       0
1950081212 0 266 1309  996       0
1950081218 0 270 1311  996       0
1950081300 0 275 1312  996       0
1950081306 0 282 1314  996       0
1950081312 0 287 1317  997       0
1950081318 0 293 1319 1000       0
1950081400 0 300 1319 1002       0
1950081406 0 305 1313 1002       0
1950081412 0 312 1300 1002       0
66666 0000    8 0018 0000 0 6 (nameless)                         20110729
1950080812 0 285 1450 1000       0
1950080818 0 290 1441  998       0
1950080900 0 296 1432  996       0
1950080906 1 305 1420  996      15
1950080912 1 320 1400  997      12
1950080918 1 336 1390  998      12
1950081000 1 354 1389  998      12
1950081006 0 370 1380 1000       0
66666 0000   52 0019 0000 0 6 Ida(1)(2)                          20110729
1950080906 1 194 1235  998      15
1950080912 2 200 1237  996      20
1950080918 2 205 1240  996      20
1950081000 2 210 1254  996      20
1950081006 2 210 1270  994      20
1950081012 2 211 1289  994      20
1950081018 2 213 1300  994      20
1950081100 2 218 1311  994      20
1950081106 2 225 1321  994      20
1950081112 2 236 1333  995      20
1950081118 2 249 1347  995      20
1950081200 2 257 1368  995      20
1950081206 2 257 1388  995      20
1950081212 2 255 1405  995      20
1950081218 2 252 1420  995      20
1950081300 3 251 1433  994      25
1950081306 3 249 1444  994      25
1950081312 3 248 1453  994      25
1950081318 3 248 1462  994      25
1950081400 3 248 1470  992      25
1950081406 3 249 1478  992      25
1950081412 3 250 1487  990      25
1950081418 3 253 1496  990      25
1950081500 3 257 1502  990      25
1950081506 3 262 1508  990      25
1950081512 3 269 1511  988      30
1950081518 3 276 1512  986      30
1950081600 3 284 1511  985      30
1950081606 3 290 1510  982      30
1950081612 4 299 1508  979      35
1950081618 4 308 1505  977      35
1950081700 4 319 1502  975      35
1950081706 3 329 1500  978      30
1950081712 3 339 1503  980      30
1950081718 3 347 1510  983      30
1950081800 3 354 1520  985      30
1950081806 3 359 1531  988      25
1950081812 3 362 1542  989      25
1950081818 3 365 1555  990      25
1950081900 3 365 1569  990      25
1950081906 3 365 1581  990      25
1950081912 3 364 1592  990      25
1950081918 2 363 1605  990      20
1950082000 2 361 1618  990      20
1950082006 2 360 1630  992      20
1950082012 2 360 1644  995      20
1950082018 2 360 1658  995      20
1950082100 1 360 1670  998      15
1950082106 1 360 1680  998      15
1950082112 1 360 1695  998      15
1950082118 1 360 1709 1000      15
1950082200 1 361 1727 1000      15
66666 0000   19 0020 0000 0 6 (nameless)                         20110729
1950080918 0 247 1400 1000       0
1950081000 0 256 1403  998       0
1950081006 0 266 1411  998       0
1950081012 0 275 1411  998       0
1950081018 1 270 1401  996      15
1950081100 1 265 1405  996      15
1950081106 2 271 1409  996      20
1950081112 2 280 1410  994      20
1950081118 2 289 1410  994      20
1950081200 2 296 1406  992      20
1950081206 3 301 1396  990      25
1950081212 3 305 1381  990      25
1950081218 3 308 1364  990      25
1950081300 3 315 1348  990      25
1950081306 2 325 1330  992      20
1950081312 2 332 1310  992      20
1950081318 3 343 1291  990      25
1950081400 2 357 1274  995      20
1950081406 1 376 1269 1000      15
66666 0000   25 0021 0000 1 6 (nameless)                         20110729
1950081000 0 220 1607 1006       0
1950081006 0 221 1600 1006       0
1950081012 0 223 1593 1006       0
1950081018 0 225 1587 1006       0
1950081100 0 229 1580 1006       0
1950081106 1 235 1572 1000      15
1950081112 1 242 1563  996      15
1950081118 2 250 1557  992      20
1950081200 3 259 1550  988      25
1950081206 3 272 1546  988      25
1950081212 3 290 1546  988      25
1950081218 3 309 1550  988      25
1950081300 3 320 1558  980      30
1950081306 3 328 1567  985      25
1950081312 3 335 1577  990      25
1950081318 2 341 1588  990      20
1950081400 2 348 1599  990      20
1950081406 2 357 1612  990      20
1950081412 2 367 1630  989      20
1950081418 9 378 1649  987      20
1950081500 9 390 1670  986       0
1950081506 9 405 1695  987       0
1950081512 9 425 1727  987       0
1950081518 9 448 1765  990       0
1950081600 9 470 1799  990       0
66666 0000   13 0022 0000 0 6 Ida(3)                             20110729
1950081218 3 179 1493  990      25
1950081300 3 189 1492  985      30
1950081306 4 196 1492  980      35
1950081312 4 206 1492  980      35
1950081318 4 215 1493  980      35
1950081400 4 224 1494  980      35
1950081406 4 232 1497  980      35
1950081412 4 241 1500  980      35
1950081418 4 250 1504  980      35
1950081500 4 259 1510  980      35
1950081506 3 268 1520  988      30
1950081512 3 276 1525  990      25
1950081518 1 286 1528  998      15
66666 0000   43 0023 0000 0 6 (nameless)                         20110729
1950081318 0 258 1239 1002       0
1950081400 0 259 1254 1000       0
1950081406 0 263 1269 1000       0
1950081412 0 267 1280 1000       0
1950081418 1 267 1289  998      15
1950081500 1 264 1297  998      15
1950081506 1 264 1303  998      15
1950081512 1 265 1308  998      15
1950081518 2 267 1314  997      20
1950081600 2 270 1317  997      20
1950081606 3 275 1316  994      25
1950081612 3 276 1307  994      25
1950081618 3 275 1300  992      30
1950081700 3 270 1295  994      30
1950081706 3 267 1300  994      30
1950081712 3 268 1309  994      30
1950081718 3 271 1319  994      25
1950081800 3 275 1328  994      25
1950081806 3 281 1331  994      25
1950081812 3 287 1332  992      25
1950081818 3 293 1332  992      25
1950081900 3 301 1332  990      30
1950081906 3 312 1332  990      30
1950081912 3 324 1333  992      25
1950081918 3 334 1334  994      25
1950082000 2 347 1337  996      20
1950082006 2 365 1350  996      20
1950082012 2 377 1367  996      20
1950082018 2 384 1381  996      20
1950082100 2 390 1401  996      20
1950082106 2 396 1431  996      20
1950082112 2 400 1443  996      20
1950082118 2 405 1451  996      20
1950082200 2 415 1461  996      20
1950082206 1 424 1474  998      15
1950082212 9 429 1492 1000      15
1950082218 9 437 1512 1000       0
1950082300 9 444 1525 1002       0
1950082306 9 450 1540 1002       0
1950082312 9 454 1554 1002       0
1950082318 9 460 1570 1002       0
1950082400 9 477 1600 1002       0
1950082406 9 500 1637 1004       0
66666 0000   35 0024 0000 1 6 Jane                               20110729
1950082906 1 231 1401 1000      15
1950082912 2 233 1399  998      20
1950082918 2 234 1397  998      20
1950083000 2 236 1395  998      20
1950083006 2 237 1393  996      20
1950083012 2 238 1391  995      20
1950083018 2 239 1389  995      20
1950083100 3 240 1386  993      25
1950083106 3 243 1381  993      25
1950083112 3 245 1375  990      25
1950083118 3 248 1369  985      30
1950090100 4 252 1361  980      35
1950090106 4 257 1354  975      40
1950090112 5 263 1348  970      45
1950090118 5 269 1343  960      50
1950090200 6 277 1339  950      55
1950090206 6 288 1336  940      60
1950090212 6 299 1336  940      60
1950090218 6 316 1340  945      55
1950090300 5 335 1346  955      45
1950090306 4 361 1359  968      40
1950090312 9 388 1379  978      30
1950090318 9 413 1400  985      25
1950090400 9 435 1430  990       0
1950090406 9 447 1459  992       0
1950090412 9 452 1478  995       0
1950090418 9 457 1504 1000       0
1950090500 9 467 1528 1000       0
1950090506 9 470 1550 1002       0
1950090512 9 471 1570 1004       0
1950090518 9 475 1594 1006       0
1950090600 9 480 1602 1006       0
1950090606 9 485 1660 1002       0
1950090612 9 487 1715  998       0
1950090618 9 492 1775  995       0
66666 0000   49 0025 0000 1 6 Kezia                              20110729
1950090406 1 148 1452 1000      12
1950090412 1 154 1454 1000      12
1950090418 1 158 1453 1000      12
1950090500 1 159 1449 1000      12
1950090506 1 158 1440  998      15
1950090512 1 156 1435  998      15
1950090518 1 151 1433  998      15
1950090600 1 148 1437  998      15
1950090606 2 150 1442  996      20
1950090612 2 155 1443  994      20
1950090618 3 163 1441  990      25
1950090700 3 170 1438  986      25
1950090706 3 175 1436  983      30
1950090712 4 179 1435  980      35
1950090718 4 184 1434  980      35
1950090800 4 189 1431  975      40
1950090806 4 194 1429  970      40
1950090812 5 200 1427  965      45
1950090818 5 207 1423  960      50
1950090900 5 215 1419  955      50
1950090906 6 222 1414  950      55
1950090912 6 228 1409  950      55
1950090918 6 237 1401  950      55
1950091000 6 246 1395  945      60
1950091006 6 252 1389  945      60
1950091012 6 260 1382  945      60
1950091018 6 266 1371  945      60
1950091100 6 273 1360  945      60
1950091106 6 276 1351  945      60
1950091112 6 278 1344  945      60
1950091118 6 281 1337  945      60
1950091200 6 284 1330  945      60
1950091206 6 288 1324  950      55
1950091212 5 294 1319  955      50
1950091218 5 300 1314  955      45
1950091300 4 308 1311  960      40
1950091306 4 317 1310  964      35
1950091312 4 328 1309  964      35
1950091318 3 346 1311  975      30
1950091400 3 370 1323  975      30
1950091406 3 390 1343  975      30
1950091412 3 409 1365  980      25
1950091418 3 423 1386  985      25
1950091500 9 447 1446  985      25
1950091506 9 476 1484  987       0
1950091512 9 517 1540  987       0
1950091518 9 518 1566  989       0
1950091600 9 529 1619  994       0
1950091606 9 548 1640  998       0
66666 0000    9 0026 0000 1 6 (nameless)                         20110729
1950090600 3 154 1149  999      25
1950090606 2 156 1142  999      20
1950090612 1 156 1132  998      15
1950090618 1 156 1122  998      15
1950090700 1 155 1113  998      15
1950090706 1 154 1104  995      15
1950090712 1 153 1096  998      12
1950090718 1 159 1082  999      12
1950090800 1 166 1075  999      12
66666 0000   31 0027 0000 0 6 Lucretia_Nancy                     20110729
1950091118 0 135 1526 1004       0
1950091200 0 137 1519 1004       0
1950091206 0 138 1510 1004       0
1950091212 0 140 1500 1004       0
1950091218 0 142 1490 1004       0
1950091300 0 145 1479 1004       0
1950091306 0 148 1464 1004       0
1950091312 0 150 1450 1004       0
1950091318 0 152 1435 1004       0
1950091400 1 152 1420 1004      15
1950091406 2 153 1406 1002      20
1950091412 2 153 1391 1002      20
1950091418 2 155 1376 1002      20
1950091500 2 160 1363 1000      20
1950091506 2 169 1350 1000      20
1950091512 2 175 1341  998      20
1950091518 2 183 1334  997      20
1950091600 2 192 1331  995      20
1950091606 2 198 1333  994      20
1950091612 3 201 1336  992      25
1950091618 3 205 1339  991      25
1950091700 3 210 1340  990      25
1950091706 3 215 1340  985      25
1950091712 3 219 1340  985      25
1950091718 3 223 1341  982      30
1950091800 3 225 1343  980      30
1950091806 3 227 1347  985      25
1950091812 2 229 1354  990      20
1950091818 2 231 1362  995      20
1950091900 1 232 1372 1000      15
1950091906 0 233 1380 1002       0
66666 0000   33 0028 0000 1 6 Missatha                           20110729
1950091218 0 143 1374 1005       0
1950091300 0 147 1367 1004       0
1950091306 0 151 1361 1003       0
1950091312 0 154 1353 1001       0
1950091318 1 156 1346  999      15
1950091400 1 157 1340  998      15
1950091406 1 157 1333  998      15
1950091412 2 158 1325  996      20
1950091418 2 158 1318  996      20
1950091500 2 160 1310  996      20
1950091506 2 162 1300  996      20
1950091512 2 165 1290  994      20
1950091518 2 169 1282  994      20
1950091600 2 175 1275  994      20
1950091606 3 185 1273  992      25
1950091612 3 198 1280  992      25
1950091618 3 211 1294  992      25
1950091700 3 222 1305  992      25
1950091706 3 230 1315  990      25
1950091712 3 237 1324  990      25
1950091718 3 244 1333  990      25
1950091800 3 253 1345  988      30
1950091806 3 267 1363  986      30
1950091812 3 290 1385  983      30
1950091818 4 317 1403  980      35
1950091900 9 351 1420  980      35
1950091906 9 397 1445  981       0
1950091912 9 424 1499  983       0
1950091918 9 450 1560  984       0
1950092000 9 490 1600  985       0
1950092006 9 515 1650  982       0
1950092012 9 520 1710  978       0
1950092018 9 518 1763  974       0
66666 0000   15 0029 0000 0 6 (nameless)                         20110729
1950091400 1 230 1380 1004      15
1950091406 1 246 1380 1004      15
1950091412 2 265 1376 1002      20
1950091418 2 284 1365 1002      20
1950091500 2 303 1350 1004      20
1950091506 2 322 1328 1004      20
1950091512 1 328 1318 1006      15
1950091518 1 340 1310 1008      15
1950091600 0 352 1311 1010       0
1950091606 0 365 1318 1010       0
1950091612 9 377 1331 1010       0
1950091618 9 386 1350 1010       0
1950091700 9 399 1382 1010       0
1950091706 9 408 1415 1010       0
1950091712 9 417 1451 1010       0
66666 0000   44 0030 0000 1 6 Ossia                              20110729
1950092518 0  54 1534 1006       0
1950092600 0  65 1518 1006       0
1950092606 0  76 1504 1006       0
1950092612 0  87 1488 1006       0
1950092618 0  97 1473 1005       0
1950092700 0 105 1460 1005       0
1950092706 1 112 1446 1003      12
1950092712 1 116 1436 1000      15
1950092718 2 119 1427  997      20
1950092800 2 121 1417  995      20
1950092806 2 124 1406  995      20
1950092812 2 127 1394  995      20
1950092818 2 129 1383  995      20
1950092900 2 131 1370  995      20
1950092906 2 135 1356  995      20
1950092912 3 137 1341  992      25
1950092918 3 139 1326  992      25
1950093000 3 142 1313  990      25
1950093006 3 144 1300  988      25
1950093012 3 146 1287  985      30
1950093018 3 148 1274  985      30
1950100100 3 150 1260  985      30
1950100106 3 155 1247  988      30
1950100112 3 160 1234  988      30
1950100118 3 165 1225  988      30
1950100200 3 168 1216  988      30
1950100206 3 170 1206  988      30
1950100212 3 172 1197  985      30
1950100218 4 177 1190  982      35
1950100300 4 183 1183  980      35
1950100306 4 188 1178  980      35
1950100312 4 192 1175  978      35
1950100318 4 195 1173  978      35
1950100400 4 199 1171  975      35
1950100406 4 203 1168  975      35
1950100412 4 207 1164  980      35
1950100418 3 213 1157  986      30
1950100500 3 214 1145  990      25
1950100506 3 213 1135  990      25
1950100512 3 212 1125  992      25
1950100518 3 211 1116  992      25
1950100600 2 210 1106  995      20
1950100606 1 210 1095  998      15
1950100612 1 210 1078 1000      15
66666 0000    9 0031 0000 1 6 (nameless)                         20110729
1950092612 1 187 1139 1003      12
1950092618 1 188 1136 1002      12
1950092700 1 190 1130 1000      15
1950092706 1 191 1124  996      15
1950092712 1 192 1118  996      15
1950092718 1 192 1113  996      15
1950092800 1 192 1107  996      15
1950092806 1 193 1096 1002      12
1950092812 0 192 1082 1005       0
66666 0000   17 0032 0000 0 6 (nameless)                         20110729
1950101106 0 162 1167 1006       0
1950101112 0 162 1159 1006       0
1950101118 1 163 1155 1006      12
1950101200 1 164 1151 1006      12
1950101206 1 166 1147 1004      15
1950101212 1 167 1144 1004      15
1950101218 1 168 1140 1004      15
1950101300 1 171 1137 1004      15
1950101306 1 173 1133 1002      15
1950101312 1 175 1131 1000      15
1950101318 1 179 1125 1000      15
1950101400 1 184 1118 1000      15
1950101406 1 189 1111 1000      15
1950101412 1 194 1104 1002      15
1950101418 1 197 1095 1002      12
1950101500 1 201 1085 1004      12
1950101506 0 211 1075 1004      10
66666 0000   18 0033 0000 0 6 (nameless)                         20110729
1950101218 0 142 1475 1006       0
1950101300 0 157 1472 1006       0
1950101306 0 162 1480 1004       0
1950101312 0 151 1482 1004       0
1950101318 0 150 1466 1004       0
1950101400 0 154 1451 1004       0
1950101406 1 152 1441 1003      12
1950101412 1 158 1433 1003      12
1950101418 0 163 1426 1005       0
1950101500 0 162 1414 1005       0
1950101506 0 156 1406 1005       0
1950101512 0 154 1397 1005       0
1950101518 0 158 1391 1006       0
1950101600 0 160 1380 1006       0
1950101606 0 160 1369 1006       0
1950101612 0 155 1355 1008       0
1950101618 0 149 1340 1008       0
1950101700 0 148 1320 1008       0
66666 0000   27 0034 0000 0 6 Petie                              20110729
1950101718 0 199 1462 1006       0
1950101800 1 209 1461 1004      15
1950101806 2 218 1460  994      20
1950101812 3 228 1460  984      30
1950101818 4 238 1459  975      35
1950101900 4 248 1456  970      40
1950101906 5 253 1449  963      45
1950101912 5 255 1443  966      45
1950101918 4 257 1438  968      40
1950102000 4 259 1430  970      40
1950102006 4 261 1424  972      35
1950102012 4 263 1417  975      35
1950102018 4 267 1414  978      35
1950102100 4 272 1414  980      35
1950102106 4 277 1420  978      35
1950102112 4 280 1425  975      35
1950102118 4 283 1434  973      35
1950102200 4 284 1444  970      40
1950102206 4 285 1453  970      40
1950102212 4 290 1464  970      40
1950102218 4 298 1479  970      40
1950102300 4 309 1493  970      40
1950102306 4 320 1509  978      35
1950102312 3 330 1532  986      30
1950102318 2 344 1556  995      20
1950102400 1 357 1595 1000      15
1950102406 0 379 1640 1005       0
66666 0000   29 0035 0000 2 6 (nameless)                         20110729
1950102400 0 100 1382 1006       0
1950102406 0 100 1376 1006       0
1950102412 0 100 1370 1006       0
1950102418 0 101 1362 1006       0
1950102500 0 102 1352 1004       0
1950102506 0 104 1344 1004       0
1950102512 0 106 1336 1004       0
1950102518 0 108 1328 1004       0
1950102600 0 111 1320 1004       0
1950102606 0 116 1313 1003       0
1950102612 0 121 1306 1003       0
1950102618 1 125 1300 1003      15
1950102700 1 132 1293 1003      15
1950102706 2 138 1287 1000      20
1950102712 2 144 1283 1000      20
1950102718 2 152 1278 1000      20
1950102800 2 158 1278 1000      20
1950102806 2 163 1279 1000      20
1950102812 3 169 1281  995      25
1950102818 3 175 1285  995      25
1950102900 3 180 1289  995      25
1950102906 3 185 1295  995      25
1950102912 2 189 1303  998      20
1950102918 2 194 1311  998      20
1950103000 2 197 1320  998      20
1950103006 2 203 1331 1000      20
1950103012 2 213 1344 1000      20
1950103018 2 225 1355 1000      20
1950103100 2 240 1365 1000      20
66666 0000    9 0036 0000 0 6 (nameless)                         20110729
1950102606 0 122 1449 1006       0
1950102612 0 124 1445 1006       0
1950102618 0 126 1441 1006       0
1950102700 0 128 1438 1006       0
1950102706 0 131 1435 1004       0
1950102712 1 135 1432 1004      15
1950102718 1 138 1429 1002      15
1950102800 1 143 1425 1002      15
1950102806 0 150 1421 1006       0
66666 0000   34 0037 0000 0 6 Ruby                               20110729
1950102712 1  93 1380 1004      15
1950102718 1 107 1370 1002      15
1950102800 2 124 1363 1000      20
1950102806 2 136 1356  995      20
1950102812 3 148 1349  990      25
1950102818 3 159 1344  980      30
1950102900 5 172 1339  950      50
1950102906 5 183 1337  945      50
1950102912 6 195 1340  945      55
1950102918 6 208 1346  940      55
1950103000 6 226 1355  940      60
1950103006 6 247 1365  940      60
1950103012 6 271 1378  940      60
1950103018 6 293 1392  940      60
1950103100 6 320 1410  940      55
1950103106 6 354 1432  940      55
1950103112 5 384 1453  950      45
1950103118 9 409 1474  950      45
1950110100 9 432 1495  950       0
1950110106 9 452 1515  960       0
1950110112 9 475 1545  960       0
1950110118 9 490 1580  960       0
1950110200 9 494 1608  960       0
1950110206 9 496 1630  960       0
1950110212 9 500 1650  965       0
1950110218 9 508 1662  965       0
1950110300 9 516 1666  970       0
1950110306 9 519 1668  970       0
1950110312 9 525 1673  980       0
1950110318 9 534 1680  980       0
1950110400 9 530 1686  990       0
1950110406 9 525 1697 1000       0
1950110412 9 518 1705 1004       0
1950110418 9 500 1716 1014       0
66666 0000   60 0038 0000 0 6 Clara                              20110729
1950110100 0 120 1446 1010       0
1950110106 0 120 1438 1008       0
1950110112 0 120 1430 1008       0
1950110118 0 120 1423 1006       0
1950110200 0 120 1416 1006       0
1950110206 0 120 1411 1004       0
1950110212 0 120 1406 1004       0
1950110218 0 120 1400 1004       0
1950110300 0 120 1392 1004       0
1950110306 0 120 1385 1004       0
1950110312 0 119 1379 1002       0
1950110318 0 118 1372 1000       0
1950110400 0 115 1364 1000       0
1950110406 1 112 1357 1000      15
1950110412 2 110 1352  997      20
1950110418 2 110 1345  995      20
1950110500 3 110 1340  990      25
1950110506 3 115 1336  985      30
1950110512 3 121 1334  985      30
1950110518 4 126 1333  980      35
1950110600 4 131 1331  970      40
1950110606 4 133 1326  970      40
1950110612 5 134 1323  965      45
1950110618 5 135 1318  960      50
1950110700 6 135 1313  955      55
1950110706 6 137 1301  950      60
1950110712 6 143 1289  945      60
1950110718 6 151 1280  940      65
1950110800 6 159 1273  940      65
1950110806 6 169 1271  940      65
1950110812 6 176 1268  940      65
1950110818 6 181 1263  940      60
1950110900 6 186 1256  940      60
1950110906 6 190 1250  940      60
1950110912 6 197 1243  940      55
1950110918 6 204 1239  945      55
1950111000 6 213 1238  945      55
1950111006 6 222 1238  945      55
1950111012 5 235 1243  950      50
1950111018 5 247 1250  950      50
1950111100 4 257 1259  960      40
1950111106 4 266 1274  960      40
1950111112 4 279 1296  970      35
1950111118 4 288 1313  970      35
1950111200 4 294 1335  970      35
1950111206 3 292 1360  980      30
1950111212 3 290 1389  985      30
1950111218 3 290 1413  985      30
1950111300 9 290 1433  990      25
1950111306 9 290 1454  990       0
1950111312 9 290 1473  990       0
1950111318 9 290 1487  990       0
1950111400 9 290 1500  990       0
1950111406 9 290 1515  990       0
1950111412 9 290 1532  990       0
1950111418 9 291 1546  990       0
1950111500 9 292 1559  995       0
1950111506 9 295 1573 1000       0
1950111512 9 303 1589 1005       0
1950111518 9 313 1599 1010       0
66666 0000   28 0039 0000 1 6 Billie                             20110729
1950110406 1 130 1508 1005      15
1950110412 2 136 1498 1000      20
1950110418 3 143 1488  995      25
1950110500 3 148 1481  990      30
1950110506 4 154 1473  985      35
1950110512 4 159 1463  985      35
1950110518 4 166 1454  985      35
1950110600 4 176 1446  985      35
1950110606 4 185 1440  985      35
1950110612 4 195 1436  985      35
1950110618 4 206 1434  985      35
1950110700 4 215 1436  985      35
1950110706 4 222 1441  985      35
1950110712 3 228 1448  987      30
1950110718 3 234 1454  989      25
1950110800 3 238 1462  990      25
1950110806 3 245 1476  990      25
1950110812 3 253 1497  990      25
1950110818 3 259 1521  990      25
1950110900 2 263 1549  990      20
1950110906 2 264 1579  990      20
1950110912 9 270 1610  992      20
1950110918 9 277 1643  994       0
1950111000 9 281 1670  995       0
1950111006 9 289 1700  998       0
1950111012 9 298 1727 1000       0
1950111018 9 310 1755 1000       0
1950111100 9 324 1779 1000       0
66666 0000   29 0040 0000 0 6 Delilah                            20110729
1950111806 0  65 1383 1002       0
1950111812 0  66 1363 1002       0
1950111818 0  68 1344 1002       0
1950111900 0  72 1330 1000       0
1950111906 1  76 1317 1000      15
1950111912 2  81 1305  995      20
1950111918 2  84 1292  995      20
1950112000 3  88 1279  990      25
1950112006 3  94 1260  990      25
1950112012 3 101 1237  990      25
1950112018 3 107 1220  990      25
1950112100 3 114 1206  990      25
1950112106 3 122 1199  985      30
1950112112 3 132 1188  985      30
1950112118 3 141 1177  985      30
1950112200 3 149 1163  990      25
1950112206 3 152 1149  990      25
1950112212 3 154 1133  990      25
1950112218 3 155 1123  990      25
1950112300 3 161 1112  990      25
1950112306 2 172 1107  995      20
1950112312 2 182 1104  999      20
1950112318 2 188 1103 1002      20
1950112400 2 195 1105 1003      20
1950112406 2 204 1114 1003      20
1950112412 2 208 1125 1003      20
1950112418 1 210 1140 1004      15
1950112500 1 210 1155 1004      12
1950112506 0 207 1171 1005      10
66666 0000   11 0041 0000 0 6 Ellen                              20110729
1950121106 0  60 1715 1005       0
1950121112 1  66 1704 1005      15
1950121118 2  73 1694 1000      20
1950121200 2  77 1684 1000      20
1950121206 3  81 1672  995      25
1950121212 3  84 1661  990      30
1950121218 3  85 1651  995      25
1950121300 3  85 1641  995      25
1950121306 2  85 1631 1000      20
1950121312 1  85 1621 1000      15
1950121318 0  85 1611 1005       0
66666 0000   26 0042 0000 0 6 Fran                               20110729
1950122606 0  99 1411 1004       0
1950122612 0 103 1399 1002       0
1950122618 1 105 1389 1002      15
1950122700 2 105 1376 1000      20
1950122706 2 105 1364 1000      20
1950122712 3 106 1350  997      25
1950122718 3 109 1338  997      25
1950122800 3 113 1326  995      25
1950122806 3 117 1314  995      30
1950122812 3 120 1303  995      30
1950122818 3 123 1288  995      30
1950122900 4 128 1274  995      35
1950122906 4 132 1260  990      40
1950122912 4 134 1247  990      40
1950122918 4 137 1237  990      40
1950123000 4 140 1226  990      35
1950123006 4 143 1218  990      35
1950123012 3 143 1209  995      30
1950123018 3 141 1197  997      25
1950123100 2 141 1188 1000      20
1950123106 2 143 1180 1000      20
1950123112 2 145 1169 1000      20
1950123118 1 143 1158 1002      15
1951010100 1 136 1150 1002      15
1951010106 1 126 1140 1004      12
1951010112 1 118 1122 1004      12
