66666 0000   13 0001 0000 0 6 (nameless)                         20110729
1996022800 1  80 1300 1004      12
1996022806 1  85 1300 1004      12
1996022812 1  90 1290 1002      15
1996022818 1  95 1280 1002      15
1996022900 1  99 1273 1002      15
1996022906 1 101 1264 1000      15
1996022912 1 105 1255 1000      15
1996022918 1 109 1245  998      15
1996030100 1 110 1232  998      15
1996030106 1 108 1222  998      15
1996030112 1 106 1216  998      15
1996030118 1 103 1211 1000      15
1996030200 1 100 1205 1002      12
66666 0000   36 0002 9601 0 6 ANN                                20110729
1996040112 1  90 1450 1004      12
1996040118 1  90 1450 1004      12
1996040200 1  90 1445 1000      15
1996040206 1  92 1441 1000      15
1996040212 1  93 1437 1000      15
1996040218 1  94 1432 1000      15
1996040300 1  95 1425 1000      15
1996040306 1  97 1420 1004      12
1996040312 1 100 1414 1004      12
1996040318 1 101 1405 1004      12
1996040400 1  95 1398 1004      12
1996040406 1  90 1390 1002      15
1996040412 1  84 1370 1002      15
1996040418 1  85 1355 1002      15
1996040500 1  92 1342 1002      15
1996040506 1  98 1325 1002      15
1996040512 1 100 1315 1002      15
1996040518 2 101 1305  998      18
1996040600 2 102 1296  998      18
1996040606 2 104 1283  998      18
1996040612 2 106 1273  998      18
1996040618 2 108 1262  998      18
1996040700 2 110 1255  998      18
1996040706 2 115 1246  998      18
1996040712 2 118 1241  998      18
1996040718 2 118 1236  998      18
1996040800 1 118 1231 1000      15
1996040806 1 118 1231 1002      15
1996040812 1 118 1231 1002      15
1996040818 1 118 1231 1002      15
1996040900 1 118 1227 1002      15
1996040906 0 118 1222 1004      10
1996040912 0 118 1213 1004      10
1996040918 0 120 1205 1004      10
1996041000 0 122 1197 1004      10
1996041006 0 125 1191 1004      10
66666 0000   40 0003 9602 1 6 BART                               20110729
1996050912 1  80 1400 1005      12
1996050918 1  86 1394 1005      12
1996051000 1  92 1388 1002      15
1996051006 1  95 1376 1000      15
1996051012 2  95 1363  998      18
1996051018 2  97 1345  998      18
1996051100 2 100 1326  998      18
1996051106 2 104 1316  995      20
1996051112 2 110 1307  995      20
1996051118 2 115 1300  995      20
1996051200 3 120 1294  990      25
1996051206 3 127 1286  985      25
1996051212 3 133 1281  985      28
1996051218 3 138 1277  980      30
1996051300 4 143 1273  975      33
1996051306 4 147 1269  975      33
1996051312 4 152 1265  970      35
1996051318 4 154 1261  965      40
1996051400 5 157 1257  955      45
1996051406 5 162 1254  945      50
1996051412 5 167 1252  940      50
1996051418 5 172 1249  945      45
1996051500 5 177 1247  945      45
1996051506 5 182 1248  950      45
1996051512 5 186 1250  955      45
1996051518 4 190 1252  960      40
1996051600 4 194 1258  960      40
1996051606 4 198 1264  960      40
1996051612 4 200 1275  965      40
1996051618 4 203 1288  970      35
1996051700 4 211 1302  975      33
1996051706 3 225 1317  980      30
1996051712 3 235 1333  985      28
1996051718 3 249 1352  985      25
1996051800 3 256 1368  985      25
1996051806 2 265 1384  990      20
1996051812 2 273 1406  990      20
1996051818 2 280 1425  992      20
1996051900 9 288 1446  995      20
1996051906 9 293 1476 1002      15
66666 0000   29 0004 9603 0 6 CAM                                20110729
1996051806 1 142 1140 1002      15
1996051812 1 146 1144 1002      15
1996051818 1 149 1145 1002      15
1996051900 1 151 1145 1000      15
1996051906 1 153 1146 1000      15
1996051912 1 157 1146 1000      15
1996051918 1 160 1147 1000      15
1996052000 2 165 1150  998      18
1996052006 2 172 1152  998      18
1996052012 2 178 1159  995      20
1996052018 2 182 1165  995      20
1996052100 2 185 1172  995      20
1996052106 2 188 1180  995      20
1996052112 2 192 1188  990      23
1996052118 2 195 1195  990      23
1996052200 2 198 1203  990      23
1996052206 2 200 1210  990      23
1996052212 2 202 1214  990      23
1996052218 3 205 1220  990      25
1996052300 3 209 1225  990      25
1996052306 2 215 1236  990      23
1996052312 2 221 1246  990      23
1996052318 1 230 1269 1000      15
1996052400 1 238 1282 1004      15
1996052406 1 245 1304 1004      15
1996052412 1 250 1320 1006      15
1996052418 1 255 1335 1006      12
1996052500 1 260 1350 1008      12
1996052506 1 260 1360 1008      12
66666 0000   29 0005 9604 1 6 DAN                                20110729
1996070500 1 199 1486 1002      12
1996070506 1 199 1481 1000      12
1996070512 1 199 1476 1000      15
1996070518 1 200 1472 1000      15
1996070600 1 202 1468  998      15
1996070606 1 207 1464  998      15
1996070612 1 210 1457  998      15
1996070618 2 212 1448  996      18
1996070700 2 214 1438  995      20
1996070706 2 216 1431  995      20
1996070712 3 220 1425  990      25
1996070718 3 225 1420  990      25
1996070800 3 229 1414  985      30
1996070806 4 233 1408  980      33
1996070812 4 240 1405  975      33
1996070818 4 248 1404  975      33
1996070900 4 255 1405  975      33
1996070906 4 263 1408  975      33
1996070912 3 277 1410  980      30
1996070918 3 294 1412  980      30
1996071000 3 310 1411  980      28
1996071006 3 326 1409  980      28
1996071012 3 339 1414  985      25
1996071018 3 351 1425  990      25
1996071100 2 365 1437  995      20
1996071106 2 378 1456  995      20
1996071112 2 397 1473  996      18
1996071118 1 422 1501  996      15
1996071200 1 449 1511  996      15
66666 0000   30 0006 9605 1 6 EVE                                20110729
1996071400 1 202 1423 1004      15
1996071406 1 205 1415 1000      15
1996071412 2 208 1408  998      18
1996071418 2 214 1399  994      20
1996071500 3 220 1390  985      25
1996071506 3 226 1380  980      30
1996071512 4 230 1370  975      33
1996071518 4 235 1360  965      35
1996071600 4 241 1353  960      40
1996071606 5 248 1345  955      45
1996071612 5 255 1337  955      45
1996071618 5 263 1328  955      45
1996071700 5 270 1322  955      45
1996071706 4 279 1315  960      40
1996071712 4 286 1310  960      40
1996071718 4 296 1307  960      40
1996071800 4 305 1304  965      40
1996071806 4 315 1306  975      33
1996071812 3 326 1310  980      30
1996071818 2 333 1313  990      23
1996071900 2 340 1320  998      18
1996071906 1 342 1333 1000      15
1996071912 1 346 1344 1002      15
1996071918 1 349 1352 1002      15
1996072000 1 350 1360 1004      12
1996072006 1 346 1370 1004      12
1996072012 1 342 1380 1004      12
1996072018 1 341 1390 1004      12
1996072100 1 340 1400 1004      12
1996072106 1 340 1410 1004      12
66666 0000   18 0007 9606 1 6 FRANKIE                            20110729
1996072006 1 160 1155  998      15
1996072012 1 156 1150  998      15
1996072018 1 159 1144  998      15
1996072100 1 165 1137  998      15   20
1996072106 2 172 1131  995      18
1996072112 2 175 1125  990      20
1996072118 2 177 1117  990      20
1996072200 2 179 1113  990      20
1996072206 2 184 1109  980      23
1996072212 3 189 1104  970      28
1996072218 3 191 1095  975      25
1996072300 3 193 1087  975      25
1996072306 3 197 1078  980      25
1996072312 3 200 1073  980      25
1996072318 2 201 1066  985      23
1996072400 2 204 1060  990      20
1996072406 2 203 1050  990      18
1996072412 1 202 1035  995      15
66666 0000   29 0008 9607 0 6 GLORIA                             20110729
1996072106 1 118 1322 1004      15
1996072112 1 123 1317 1004      15
1996072118 1 126 1311 1002      15
1996072200 1 131 1302 1000      15
1996072206 2 135 1293  998      18
1996072212 2 139 1282  998      18
1996072218 2 145 1274  998      18
1996072300 2 151 1265  995      20
1996072306 2 156 1259  990      23
1996072312 3 161 1254  985      25
1996072318 3 167 1250  985      25
1996072400 3 170 1246  980      30
1996072406 4 173 1240  975      33
1996072412 4 178 1234  975      33
1996072418 4 183 1229  975      33
1996072500 4 191 1221  970      33
1996072506 4 197 1217  970      35
1996072512 4 200 1212  965      40
1996072518 4 204 1211  965      40
1996072600 4 209 1209  970      35
1996072606 4 216 1208  975      33
1996072612 4 231 1199  975      33
1996072618 3 241 1190  980      25
1996072700 2 254 1175  990      18
1996072706 1 258 1153  990      15
1996072712 1 262 1145  992      12
1996072718 0 264 1130  992      10
1996072800 0 260 1115  993       9
1996072806 0 255 1105  993       9
66666 0000   48 0009 9608 0 6 HERB                               20110729
1996072300 1 155 1540 1004      15
1996072306 1 165 1535 1004      15
1996072312 1 172 1528 1004      15
1996072318 1 182 1521 1004      15
1996072400 1 190 1508 1000      15
1996072406 2 197 1495  998      18
1996072412 2 200 1484  998      18
1996072418 2 202 1475  995      20
1996072500 2 204 1463  995      20
1996072506 2 204 1449  995      20
1996072512 2 205 1436  992      23
1996072518 3 206 1424  985      25
1996072600 3 209 1408  980      28
1996072606 4 209 1392  975      33
1996072612 4 205 1377  970      35
1996072618 4 201 1368  970      35
1996072700 4 197 1356  960      40
1996072706 5 194 1346  950      45
1996072712 5 190 1340  950      45
1996072718 5 188 1331  950      45
1996072800 5 186 1324  950      45
1996072806 5 185 1317  950      45
1996072812 5 184 1310  950      45
1996072818 5 183 1304  950      45
1996072900 5 186 1300  950      45
1996072906 5 193 1294  950      45
1996072912 5 198 1288  950      45
1996072918 5 202 1282  950      45
1996073000 5 210 1278  950      45
1996073006 5 220 1271  945      50
1996073012 6 225 1266  935      55
1996073018 6 232 1260  935      55
1996073100 5 240 1247  940      50
1996073106 5 243 1237  940      50
1996073112 5 248 1225  945      45
1996073118 4 249 1210  960      40
1996080100 4 254 1200  970      35
1996080106 3 257 1187  975      30
1996080112 2 261 1172  980      23
1996080118 2 262 1161  985      20
1996080200 2 270 1153  988      20
1996080206 1 281 1145  990      15   20
1996080212 1 291 1140  992      15   20
1996080218 1 303 1137  995      12
1996080300 0 309 1131  996      10
1996080306 0 316 1127  996      10
1996080312 0 320 1121  998      10
1996080318 0 325 1118  998      10
66666 0000   25 0010 9609 1 6 JOY                                20110729
1996073006 0 258 1542 1008      10
1996073012 0 260 1540 1008      10
1996073018 1 265 1539 1008      12
1996073100 1 270 1540 1008      12
1996073106 1 275 1540 1006      12
1996073112 1 280 1536 1004      15
1996073118 1 285 1530 1002      15
1996080100 2 289 1524  998      18
1996080106 2 295 1521  995      20
1996080112 2 301 1519  995      20
1996080118 2 305 1517  995      20
1996080200 2 311 1519  995      20
1996080206 3 318 1523  990      25
1996080212 3 320 1530  985      25
1996080218 3 322 1538  985      25
1996080300 3 322 1544  985      25
1996080306 3 325 1551  985      25
1996080312 2 325 1556  990      23
1996080318 2 326 1556  990      23
1996080400 2 329 1553  995      20
1996080406 2 332 1550  998      18
1996080412 1 337 1548 1000      15
1996080418 1 345 1549 1000      15
1996080500 1 350 1552 1000      12
1996080506 1 360 1560 1000      12
66666 0000   47 0011 9611 1 6 KIRK                               20110729
1996080400 1 230 1310 1004      12
1996080406 1 242 1313 1002      12
1996080412 1 250 1310 1002      12
1996080418 1 260 1309 1000      15
1996080500 1 268 1306  998      15
1996080506 1 272 1304  998      15
1996080512 1 274 1304  998      15
1996080518 1 276 1307  998      15
1996080600 2 275 1311  995      18
1996080606 2 273 1316  990      23
1996080612 2 270 1321  990      23
1996080618 2 265 1326  990      23
1996080700 2 260 1330  990      23
1996080706 2 256 1335  990      23
1996080712 2 254 1337  990      23
1996080718 3 252 1339  985      25
1996080800 3 250 1340  985      25
1996080806 3 249 1338  985      25
1996080812 3 249 1338  985      25
1996080818 3 250 1335  985      25
1996080900 3 252 1330  980      30
1996080906 4 254 1323  975      33
1996080912 4 251 1314  975      33
1996080918 4 247 1310  975      33
1996081000 4 245 1308  975      33
1996081006 4 244 1307  970      35
1996081012 4 242 1305  970      35
1996081018 4 240 1303  970      35
1996081100 4 243 1302  965      40
1996081106 4 248 1303  965      40
1996081112 4 252 1297  965      40
1996081118 4 255 1290  960      40
1996081200 4 259 1283  960      40
1996081206 4 263 1279  960      40
1996081212 4 266 1277  960      40
1996081218 4 271 1275  960      40
1996081300 4 278 1277  960      40
1996081306 4 285 1281  960      40
1996081312 4 300 1287  960      40
1996081318 4 309 1293  960      40
1996081400 4 324 1303  960      40
1996081406 4 339 1316  970      35
1996081412 3 354 1344  980      30
1996081418 3 372 1363  985      25
1996081500 3 385 1395  985      25
1996081506 2 396 1431  985      20
1996081512 2 406 1451  985      20
66666 0000   14 0012 9610 0 6 LISA                               20110729
1996080418 1 170 1145 1000      15
1996080500 2 173 1138  990      20
1996080506 3 177 1135  990      25
1996080512 3 185 1136  990      25
1996080518 3 190 1140  990      25
1996080600 3 196 1145  990      25
1996080606 3 210 1158  990      25
1996080612 2 232 1170  993      20
1996080618 2 241 1179  995      18
1996080700 1 248 1179  998      15
1996080706 1 255 1187  998      15
1996080712 0 259 1190 1000      10
1996080718 0 260 1191 1000      10
1996080800 0 260 1192 1000      10
66666 0000   16 0013 0000 0 6 (nameless)                         20110729
1996081118 0 235 1094 1002      10
1996081200 0 220 1090 1002      10
1996081206 0 218 1080 1000      10
1996081212 0 220 1080 1000      10
1996081218 0 210 1074 1000      10
1996081300 1 208 1074  998      15
1996081306 1 206 1074  995      15
1996081312 1 206 1070  995      15
1996081318 1 209 1071  997      15
1996081400 1 208 1067  998      15
1996081406 1 206 1064  999      15
1996081412 0 207 1062 1002      10
1996081418 0 207 1062 1002      10
1996081500 0 207 1060 1000      10
1996081506 1 207 1060 1000      15
1996081512 1 206 1056 1000      12
66666 0000   21 0014 9612 1 6 NIKI                               20110729
1996081800 1 173 1308 1004      12
1996081806 1 178 1294 1002      15
1996081812 1 177 1282 1002      15
1996081818 1 176 1270 1000      15
1996081900 2 175 1257  996      18
1996081906 2 174 1244  992      20
1996081912 2 175 1233  990      23
1996081918 2 176 1215  990      23
1996082000 3 176 1199  985      25
1996082006 3 173 1183  985      25
1996082012 3 171 1168  985      25
1996082018 3 171 1157  980      30
1996082100 3 173 1142  980      30
1996082106 4 175 1127  975      33
1996082112 4 178 1115  975      33
1996082118 4 182 1104  970      35
1996082200 3 185 1094  975      30
1996082206 3 189 1080  975      30
1996082212 3 195 1069  980      30
1996082218 3 200 1054  985      25
1996082300 2 200 1037  990      20
66666 0000   49 0015 9613 1 6 ORSON                              20110729
1996082218 1 230 1425 1002      15
1996082300 1 233 1423 1000      15
1996082306 1 237 1420 1000      15
1996082312 2 237 1420  998      18
1996082318 2 239 1424  995      20
1996082400 2 240 1430  990      23
1996082406 3 243 1437  985      25
1996082412 3 243 1446  980      30
1996082418 3 243 1453  975      30
1996082500 4 243 1466  965      35
1996082506 4 247 1474  960      40
1996082512 4 249 1481  960      40
1996082518 4 252 1489  960      40
1996082600 4 255 1496  960      40
1996082606 4 258 1501  960      40
1996082612 4 261 1506  960      40
1996082618 4 263 1510  960      40
1996082700 4 263 1513  965      35
1996082706 4 263 1517  970      35
1996082712 4 263 1517  970      35
1996082718 4 263 1517  975      33
1996082800 4 263 1517  975      33
1996082806 4 267 1516  975      33
1996082812 3 266 1512  975      30
1996082818 3 265 1507  975      30
1996082900 3 264 1502  980      30
1996082906 3 267 1496  985      25
1996082912 3 270 1489  985      25
1996082918 2 272 1483  990      23
1996083000 2 275 1478  990      23
1996083006 2 280 1471  992      20
1996083012 2 283 1465  992      20
1996083018 2 286 1458  992      20
1996083100 2 290 1450  992      20
1996083106 2 294 1445  992      20
1996083112 2 298 1440  992      20
1996083118 2 303 1436  992      20
1996090100 2 308 1433  992      20
1996090106 2 317 1432  992      20
1996090112 2 327 1440  992      20
1996090118 2 337 1448  992      20
1996090200 2 352 1457  992      20
1996090206 2 368 1471  992      20
1996090212 2 385 1492  992      20
1996090218 2 400 1515  992      20
1996090300 2 410 1535  992      20
1996090306 2 420 1565  992      20
1996090312 9 430 1600  992      20
1996090318 9 440 1650  992      20
66666 0000   15 0016 9614 0 6 PIPER                              20110729
1996082218 0 270 1600 1006      10
1996082300 1 282 1603 1004      12
1996082306 1 295 1605 1002      12
1996082312 1 304 1608 1000      15
1996082318 1 314 1606 1000      15
1996082400 2 316 1600  998      18
1996082406 2 320 1595  998      18
1996082412 2 323 1592  998      18
1996082418 2 330 1591  998      18
1996082500 2 340 1588  995      20
1996082506 2 352 1587  995      20
1996082512 2 362 1584  995      20
1996082518 2 380 1585  995      20
1996082600 2 400 1588  998      18
1996082606 1 432 1600 1004      12
66666 0000   20 0017 9615 0 6 SALLY                              20110729
1996090500 0 130 1350 1004      10
1996090506 0 142 1342 1004      10
1996090512 1 148 1333 1002      12
1996090518 1 152 1323 1000      15
1996090600 2 156 1316  998      18
1996090606 2 167 1304  995      20
1996090612 3 172 1295  985      25
1996090618 3 176 1282  985      25
1996090700 3 181 1268  980      30
1996090706 4 187 1254  970      35
1996090712 4 189 1235  960      40
1996090718 4 192 1219  960      40
1996090800 5 194 1198  950      45
1996090806 5 199 1178  940      45
1996090812 5 204 1157  935      50
1996090818 5 207 1137  935      50
1996090900 5 212 1116  935      50
1996090906 3 215 1095  960      30
1996090912 1 220 1080  992      15
1996090918 0 222 1056 1000      10
66666 0000   13 0018 0000 3 6 (nameless)                         20110729
1996091012 1 155 1225 1002      12
1996091018 1 158 1200 1000      12
1996091100 1 175 1175 1000      12
1996091106 1 175 1165  998      15
1996091112 1 174 1155  996      15
1996091118 1 174 1140  995      15
1996091200 1 171 1128  995      15
1996091206 1 165 1105  995      15
1996091212 1 168 1095  995      15
1996091218 1 170 1086  995      15
1996091300 1 170 1080  995      15
1996091306 1 180 1060  995      12
1996091312 1 180 1060  995      12
66666 0000   47 0019 9616 1 6 VIOLET                             20110729
1996091200 1 170 1310 1000      12
1996091206 1 164 1297  995      15
1996091212 1 164 1297  994      15
1996091218 1 164 1297  994      15
1996091300 2 164 1297  992      20
1996091306 3 163 1291  990      25
1996091312 3 164 1290  985      25
1996091318 3 164 1288  980      30
1996091400 3 164 1285  980      30
1996091406 4 167 1284  970      35
1996091412 4 172 1283  970      35
1996091418 4 177 1278  960      40
1996091500 4 180 1273  960      40
1996091506 5 185 1270  955      45
1996091512 5 188 1267  950      45
1996091518 5 195 1265  940      50
1996091600 5 200 1262  940      50
1996091606 5 204 1262  940      50
1996091612 5 206 1266  940      50
1996091618 5 210 1271  945      45
1996091700 5 213 1276  945      45
1996091706 4 218 1283  950      40
1996091712 4 222 1288  950      40
1996091718 4 226 1295  955      40
1996091800 4 229 1300  955      40
1996091806 4 232 1304  955      40
1996091812 4 233 1310  955      40
1996091818 4 234 1313  955      40
1996091900 4 238 1318  955      40
1996091906 4 240 1318  955      40
1996091912 4 244 1319  955      40
1996091918 4 248 1319  955      40
1996092000 4 250 1321  955      40
1996092006 4 254 1324  955      40
1996092012 4 261 1327  955      40
1996092018 4 268 1332  965      35
1996092100 4 276 1342  970      35
1996092106 4 283 1350  970      35
1996092112 4 293 1363  970      35
1996092118 4 308 1378  970      35
1996092200 4 325 1389  970      35
1996092206 3 350 1408  980      30
1996092212 3 378 1433  980      30
1996092218 3 392 1452  985      25
1996092300 3 414 1468  985      25
1996092306 3 428 1480  985      25
1996092312 2 446 1490  992      20
66666 0000   30 0020 9617 1 6 TOM                                20110729
1996091218 1 173 1480 1002      12
1996091300 1 184 1475 1000      15
1996091306 2 191 1467  998      18
1996091312 2 197 1458  995      20
1996091318 2 198 1444  995      20
1996091400 2 197 1440  990      20
1996091406 3 197 1434  985      25
1996091412 3 201 1431  985      25
1996091418 3 204 1431  980      25
1996091500 3 205 1434  980      30
1996091506 3 210 1441  980      30
1996091512 3 216 1447  980      30
1996091518 4 220 1452  970      35
1996091600 4 220 1454  970      35
1996091606 4 222 1460  970      35
1996091612 4 229 1466  970      35
1996091618 4 232 1469  970      35
1996091700 3 236 1473  970      30
1996091706 3 241 1479  985      28
1996091712 3 247 1481  985      25
1996091718 3 253 1488  985      25
1996091800 2 258 1493  990      23
1996091806 2 268 1501  995      20
1996091812 2 277 1510  995      20
1996091818 2 289 1522  995      20
1996091900 2 301 1538  995      20
1996091906 2 315 1547  995      20
1996091912 2 331 1563  995      20
1996091918 2 341 1578  995      20
1996092000 2 347 1591  995      20
66666 0000   26 0021 9618 0 6 WILLIE                             20110729
1996091612 1 190 1093 1000      12
1996091618 1 185 1090 1000      12
1996091700 1 185 1090 1000      12
1996091706 1 185 1095  998      12
1996091712 1 180 1100  998      12
1996091718 1 180 1100  998      12
1996091800 1 177 1103  998      15
1996091806 2 174 1109  995      18
1996091812 2 181 1116  990      20
1996091818 2 190 1117  985      23
1996091900 3 196 1116  985      25
1996091906 4 200 1115  975      33
1996091912 4 200 1112  975      33
1996091918 3 203 1110  980      30
1996092000 3 205 1105  980      28
1996092006 3 203 1102  980      30
1996092012 3 202 1095  980      30
1996092018 3 200 1091  980      28
1996092100 3 198 1085  980      28
1996092106 3 195 1078  980      28
1996092112 3 194 1075  980      28
1996092118 3 193 1072  980      28
1996092200 3 193 1068  985      25
1996092206 3 192 1064  985      25
1996092212 2 191 1061  990      20
1996092218 1 188 1055 1000      15
66666 0000   34 0022 9619 1 6 YATES                              20110729
1996092300 1 160 1572 1000      15
1996092306 2 162 1560  995      20
1996092312 3 163 1549  985      25
1996092318 4 163 1538  975      33
1996092400 4 162 1527  970      35
1996092406 4 162 1516  970      35
1996092412 4 162 1501  970      35
1996092418 4 161 1487  970      35
1996092500 4 160 1478  960      40
1996092506 4 160 1466  960      40
1996092512 4 161 1455  960      40
1996092518 4 162 1446  960      40
1996092600 4 165 1439  960      40
1996092606 4 170 1431  960      40
1996092612 4 173 1423  960      40
1996092618 4 179 1417  960      40
1996092700 4 188 1411  960      40
1996092706 4 197 1403  960      40
1996092712 4 201 1395  960      40
1996092718 4 207 1388  960      40
1996092800 4 211 1384  960      40
1996092806 4 215 1381  960      40
1996092812 4 220 1377  960      40
1996092818 4 227 1375  960      40
1996092900 4 233 1381  960      40
1996092906 4 241 1383  965      35
1996092912 4 251 1388  965      35
1996092918 4 268 1395  965      35
1996093000 4 282 1401  975      33
1996093006 3 298 1417  980      30
1996093012 3 310 1445  980      30
1996093018 3 323 1468  985      25
1996100100 2 336 1495  990      23
1996100106 2 345 1530  992      20
66666 0000   38 0023 9620 1 6 ZANE                               20110729
1996092406 1 150 1380 1000      15
1996092412 1 155 1369 1000      15
1996092418 1 161 1356 1000      15
1996092500 2 167 1337  998      18
1996092506 2 169 1322  990      23
1996092512 2 172 1312  990      23
1996092518 3 179 1301  985      25
1996092600 3 189 1294  980      30
1996092606 4 195 1285  975      33
1996092612 4 200 1279  975      33
1996092618 4 204 1271  975      35
1996092700 4 208 1266  970      35
1996092706 4 214 1259  960      40
1996092712 4 216 1256  960      40
1996092718 4 223 1254  960      40
1996092800 4 228 1253  960      40
1996092806 4 236 1252  960      40
1996092812 4 242 1254  960      40
1996092818 4 253 1258  960      40
1996092900 4 262 1262  960      40
1996092906 4 271 1265  960      40
1996092912 4 276 1267  960      40
1996092918 4 276 1272  960      40
1996093000 4 276 1280  970      35
1996093006 4 274 1291  975      33
1996093012 4 276 1304  975      33
1996093018 4 278 1321  975      33
1996100100 4 285 1339  975      33
1996100106 3 287 1361  980      30
1996100112 3 294 1382  980      30
1996100118 3 298 1401  980      30
1996100200 3 293 1423  980      30
1996100206 3 298 1449  985      25
1996100212 3 300 1470  985      25
1996100218 3 307 1497  985      25
1996100300 3 312 1530  985      25
1996100306 2 320 1548  990      23
1996100312 2 325 1571  995      18
66666 0000   17 0024 0000 0 6 BETH                               20110729
1996101112 1 155 1210 1002      12
1996101118 1 155 1205 1000      15
1996101200 1 162 1198 1000      15
1996101206 1 183 1196 1000      15
1996101212 1 180 1188 1000      15
1996101218 1 195 1185 1000      15
1996101300 1 195 1176 1000      15
1996101306 1 198 1172 1000      15
1996101312 1 200 1170 1000      15
1996101318 1 199 1162 1000      15
1996101400 1 197 1152 1000      15
1996101406 1 195 1143 1000      15
1996101412 1 191 1136 1000      15
1996101418 1 185 1128 1000      15
1996101500 1 172 1127 1000      15
1996101506 1 164 1123 1000      15
1996101512 1 160 1120 1004      12
66666 0000   33 0025 9621 0 6 ABEL                               20110729
1996101312 1 155 1340 1004      12
1996101318 1 156 1331 1004      12
1996101400 1 156 1321 1002      15
1996101406 1 158 1313 1002      15
1996101412 1 162 1305 1002      15
1996101418 1 167 1303 1000      15
1996101500 1 171 1302  998      15
1996101506 1 172 1294  998      15
1996101512 1 173 1288  998      15
1996101518 1 174 1283  998      15
1996101600 2 175 1276  995      18
1996101606 2 176 1268  995      18
1996101612 2 174 1260  992      20
1996101618 2 175 1251  990      23
1996101700 3 176 1242  985      25
1996101706 3 177 1232  980      30
1996101712 3 177 1226  980      30
1996101718 3 177 1220  980      30
1996101800 3 180 1211  980      30
1996101806 3 182 1206  980      30
1996101812 4 183 1200  975      33
1996101818 3 186 1195  980      30
1996101900 3 188 1182  980      30
1996101906 3 189 1175  980      30
1996101912 3 190 1166  985      25
1996101918 2 187 1159  990      23
1996102000 2 178 1147  995      18
1996102006 2 172 1136  998      18
1996102012 2 170 1130  998      18
1996102018 2 169 1124  998      18
1996102100 1 168 1120 1000      15
1996102106 1 162 1108 1002      12
1996102112 0 158 1098 1004      10
66666 0000   22 0026 9622 1 6 CARLO                              20110729
1996102100 1 188 1498 1004      12
1996102106 1 190 1490 1002      15
1996102112 1 192 1486 1002      15
1996102118 1 193 1480 1002      15
1996102200 2 193 1475 1000      18
1996102206 2 193 1475  995      18
1996102212 2 194 1470  995      20
1996102218 2 196 1463  990      23
1996102300 3 198 1455  985      25
1996102306 3 204 1450  985      25
1996102312 3 207 1449  980      30
1996102318 4 216 1447  970      35
1996102400 4 226 1446  970      35
1996102406 4 238 1448  970      35
1996102412 4 252 1452  970      35
1996102418 4 268 1455  970      35
1996102500 4 284 1460  975      33
1996102506 3 302 1470  980      30
1996102512 3 319 1482  985      25
1996102518 2 335 1502  990      23
1996102600 2 352 1525  995      20
1996102606 2 372 1550  998      18
66666 0000   10 0027 0000 0 6 (nameless)                         20110729
1996110100 1 120 1170 1004      12
1996110106 1 123 1161 1002      12
1996110112 1 128 1153 1000      15
1996110118 1 131 1146 1000      15
1996110200 1 133 1138  998      15
1996110206 1 136 1128  998      15
1996110212 1 139 1117  997      15
1996110218 1 141 1105  997      15
1996110300 1 143 1086  998      15
1996110306 1 151 1072  998      12
66666 0000   35 0028 9623 1 6 DALE                               20110729
1996110418 1 102 1522 1000      12
1996110500 1 103 1522  998      15
1996110506 1 104 1521  996      15
1996110512 1 105 1519  996      15
1996110518 2 106 1517  992      18
1996110600 2 109 1515  992      18
1996110606 2 114 1508  990      20
1996110612 2 117 1498  990      20
1996110618 3 115 1486  985      25
1996110700 3 111 1479  980      30
1996110706 3 114 1472  980      30
1996110712 3 118 1464  975      30
1996110718 3 117 1446  975      30
1996110800 4 117 1436  975      35
1996110806 4 115 1424  970      35
1996110812 4 119 1410  970      35
1996110818 4 124 1400  965      40
1996110900 4 127 1390  960      40
1996110906 5 137 1377  945      45
1996110912 6 146 1364  930      55
1996110918 6 156 1352  930      55
1996111000 5 168 1338  940      50
1996111006 5 176 1328  940      50
1996111012 5 184 1321  940      50
1996111018 5 195 1315  940      50
1996111100 5 206 1313  940      50
1996111106 5 217 1311  940      50
1996111112 5 228 1314  950      45
1996111118 4 239 1317  955      40
1996111200 4 250 1326  960      40
1996111206 4 262 1338  970      35
1996111212 4 274 1358  970      35
1996111218 3 293 1389  975      30
1996111300 3 313 1430  985      25
1996111306 3 327 1475  985      25
66666 0000   44 0029 9624 0 6 ERNIE                              20110729
1996110506 1  86 1287 1004      12
1996110512 1  90 1278 1004      12
1996110518 1  93 1268 1004      12
1996110600 1  97 1255 1004      12
1996110606 1 100 1245 1004      12
1996110612 1 107 1235 1004      12
1996110618 1 113 1225 1004      12
1996110700 1 117 1214 1004      12
1996110706 1 119 1203 1004      12
1996110712 1 120 1192 1004      12
1996110718 1 122 1185 1002      15
1996110800 1 125 1181 1000      15
1996110806 1 131 1180 1000      15
1996110812 1 138 1179 1000      15
1996110818 1 146 1176  998      15
1996110900 1 156 1173  998      15
1996110906 1 168 1172  998      15
1996110912 1 182 1174  998      15
1996110918 1 188 1178  996      15
1996111000 2 194 1179  994      20
1996111006 2 199 1178  994      20
1996111012 2 201 1177  994      20
1996111018 2 203 1179  994      20
1996111100 2 202 1182  992      20
1996111106 2 198 1185  992      20
1996111112 2 195 1190  992      20
1996111118 2 194 1195  992      20
1996111200 2 192 1200  992      20
1996111206 2 186 1201  994      20
1996111212 2 181 1201  994      20
1996111218 2 172 1197  996      18
1996111300 2 164 1189  996      18
1996111306 2 159 1182  998      18
1996111312 2 156 1175  998      18
1996111318 2 152 1162  998      18
1996111400 2 146 1151  998      18
1996111406 2 139 1139  998      18
1996111412 1 131 1129 1002      15
1996111418 1 124 1124 1008      12
1996111500 1 114 1114 1008      12
1996111506 1 108 1108 1008      12
1996111512 0 105 1099 1008      10
1996111518 0 102 1090 1008      10
1996111600 0  96 1082 1008      10
66666 0000   30 0030 9625 0 6 FERN                               20110729
1996122300 1  92 1408  998      15
1996122306 1  95 1404  995      15
1996122312 1  97 1401  995      15
1996122318 1  98 1396  995      15
1996122400 2  99 1392  992      18
1996122406 2  92 1389  990      20
1996122412 2  88 1387  990      20
1996122418 2  89 1383  988      20
1996122500 3  92 1381  985      25
1996122506 3  93 1378  985      25
1996122512 3  97 1378  985      25
1996122518 3 102 1379  985      25
1996122600 3 106 1382  985      25
1996122606 3 111 1384  985      25
1996122612 3 116 1386  985      25
1996122618 3 121 1388  980      30
1996122700 3 127 1389  980      30
1996122706 3 133 1390  980      30
1996122712 3 138 1390  980      30
1996122718 3 143 1391  980      30
1996122800 3 148 1392  980      30
1996122806 3 153 1400  980      30
1996122812 3 160 1410  985      25
1996122818 3 169 1421  990      25
1996122900 3 177 1433  990      25
1996122906 2 185 1447  995      20
1996122912 2 190 1463  995      20
1996122918 2 193 1483  995      20
1996123000 1 196 1500  998      15
1996123006 1 200 1518 1000      12
