66666 0000   30 0001 7501 0 6 Lola                               20110729
1975012106 1  66 1376 1002      12
1975012112 1  69 1370 1002      12
1975012118 1  72 1362 1002      12
1975012200 1  73 1355 1002      12
1975012206 2  75 1348 1000      20
1975012212 2  76 1345  995      20
1975012218 3  78 1342  990      25
1975012300 3  80 1340  990      25
1975012306 3  85 1330  985      30
1975012312 3  88 1314  985      30
1975012318 4  88 1297  980      35
1975012400 4  88 1280  975      35
1975012406 4  90 1264  975      35
1975012412 3  94 1246  985      30
1975012418 3 102 1227  990      25
1975012500 3 109 1208  995      25
1975012506 3 117 1187  995      25
1975012512 3 123 1168  993      30
1975012518 3 130 1151  993      30
1975012600 3 136 1140  990      30
1975012606 4 142 1132  990      35
1975012612 4 151 1125  990      35
1975012618 4 157 1123  990      35
1975012700 4 163 1122  990      35
1975012706 4 169 1123  990      40
1975012712 4 167 1128  995      35
1975012718 3 160 1127  998      30
1975012800 3 155 1123 1000      25
1975012806 2 150 1117 1000      20
1975012812 1 148 1111 1005      15
66666 0000   24 0002 0000 0 6 (nameless)                         20110729
1975042100 0  45 1320 1005      10
1975042106 0  59 1305 1003      10
1975042112 1  70 1290 1003      12
1975042118 0  78 1271 1006      10
1975042200 0  82 1256 1006      10
1975042206 0  86 1246 1006      10
1975042212 0  90 1238 1006      10
1975042218 0  96 1236 1006      10
1975042300 0 103 1236 1006      10
1975042306 1 108 1240 1005      12
1975042312 0 106 1235 1005      10
1975042318 0 111 1222 1006      10
1975042400 0 110 1208 1006      10
1975042406 0 106 1214 1005      10
1975042412 0 112 1207 1005      10
1975042418 0 110 1202 1007      10
1975042500 0 109 1195 1007      10
1975042506 0 110 1187 1007      10
1975042512 0 111 1183 1007      10
1975042518 0 115 1178 1007      10
1975042600 0 120 1172 1007      10
1975042606 0 123 1169 1007      10
1975042612 0 128 1165 1007      10
1975042618 0 132 1160 1007      10
66666 0000   20 0003 0000 0 6 (nameless)                         20110729
1975061412 0 160 1155 1002       0
1975061418 0 166 1144 1002       0
1975061500 0 175 1132 1001       0
1975061506 0 178 1123 1001       0
1975061512 0 184 1125  999      10
1975061518 0 187 1127  998      10
1975061600 1 185 1125  998      12
1975061606 1 185 1121  998      15
1975061612 1 185 1117  998      15
1975061618 1 186 1114  998      15
1975061700 1 189 1111  998      15
1975061706 1 192 1108  998      12
1975061712 0 193 1098  998      10
1975061718 1 191 1090  997      12
1975061800 1 189 1085  997      12
1975061806 1 194 1081  997      15
1975061812 1 198 1078  992      15
1975061818 1 203 1074  995      15
1975061900 1 206 1065  995      15
1975061906 0 209 1059 1000      10
66666 0000   11 0004 0000 0 6 (nameless)                         20110729
1975070306 0 175 1450 1007      10
1975070312 0 177 1438 1007      10
1975070318 0 179 1425 1007      10
1975070400 0 182 1414 1006      10
1975070406 1 186 1404 1005      12
1975070412 1 191 1392 1005      12
1975070418 1 200 1382 1005      12
1975070500 1 210 1373 1005      15
1975070506 1 220 1367 1003      15
1975070512 0 230 1360 1006      10
1975070518 0 242 1355 1006      10
66666 0000   22 0005 7502 0 6 Mamie                              20110729
1975072512 1 178 1407 1007      12
1975072518 1 185 1423 1007      12
1975072600 1 195 1436 1004      15
1975072606 1 205 1440 1002      15
1975072612 1 215 1434 1002      15
1975072618 1 221 1430 1002      15
1975072700 1 226 1424 1001      15
1975072706 1 233 1417 1001      15
1975072712 1 239 1408 1000      15
1975072718 2 244 1399  994      20
1975072800 2 248 1388  994      20
1975072806 2 252 1379  994      20
1975072812 2 256 1363  994      20
1975072818 2 259 1351  996      20
1975072900 2 263 1338  996      20
1975072906 2 272 1323  996      20
1975072912 2 283 1310  996      20
1975072918 2 295 1296  996      20
1975073000 2 306 1284  996      20
1975073006 1 316 1274  998      15
1975073012 1 330 1262  998      15
1975073018 1 349 1252  999      15
66666 0000   37 0006 7503 0 6 Nina                               20110729
1975073000 0 176 1382 1005      10
1975073006 0 174 1374 1003      10
1975073012 0 172 1364 1003      10
1975073018 1 170 1355 1001      12
1975073100 1 169 1346 1000      15
1975073106 1 170 1338  999      15
1975073112 2 172 1331  996      20
1975073118 2 177 1326  992      20
1975080100 3 185 1323  980      25
1975080106 3 194 1315  976      25
1975080112 3 204 1304  970      30
1975080118 4 212 1295  955      35
1975080200 5 219 1282  930      50
1975080206 6 226 1266  910      55
1975080212 6 231 1249  900      65
1975080218 6 234 1236  900      65
1975080300 6 237 1222  900      65
1975080306 5 240 1208  950      45
1975080312 4 243 1197  970      35
1975080318 4 246 1187  975      35
1975080400 2 253 1175  985      20
1975080406 1 260 1163  990      15
1975080412 1 270 1152  991      15
1975080418 1 274 1141  991      15
1975080500 1 281 1132  991      15
1975080506 1 290 1125  994      15
1975080512 1 295 1119  996      12
1975080518 1 300 1115  997      12
1975080600 1 306 1126  997      12
1975080606 1 313 1133  996      12
1975080612 1 319 1135  995      12
1975080618 1 322 1134  995      12
1975080700 1 325 1133  995      12
1975080706 1 324 1132  995      12
1975080712 1 322 1129  996      12
1975080718 0 320 1123  996      10
1975080800 0 315 1116  996       9
66666 0000   14 0007 0000 0 6 (nameless)                         20110729
1975080400 0 183 1317 1002      10
1975080406 0 190 1313 1001      10
1975080412 0 199 1309 1001      10
1975080418 0 204 1297 1001      10
1975080500 0 212 1282 1001      10
1975080506 0 221 1270 1001      10
1975080512 0 234 1260 1000      10
1975080518 0 245 1246 1000      10
1975080600 1 240 1234  999      12
1975080606 1 234 1227  999      12
1975080612 1 227 1227  999      15
1975080618 1 230 1231  998      15
1975080700 1 228 1224  998      15
1975080706 0 225 1219  998      10
66666 0000    6 0008 0000 0 6 (nameless)                         20110729
1975080606 0 257 1240  997      10
1975080612 1 260 1232  997      12
1975080618 1 262 1226  997      12
1975080700 1 264 1220  997      15
1975080706 1 265 1210  996      15
1975080712 1 264 1197  996      12
66666 0000   34 0009 7504 0 6 Ora                                20110729
1975080900 1 187 1266  998      12
1975080906 1 194 1263  998      15
1975080912 1 200 1260  998      15
1975080918 2 206 1256  990      20
1975081000 2 212 1250  985      20
1975081006 3 218 1248  980      25
1975081012 3 226 1248  980      25
1975081018 3 232 1250  980      25
1975081100 3 238 1251  977      30
1975081106 3 249 1253  975      30
1975081112 4 258 1251  975      35
1975081118 4 265 1243  970      35
1975081200 4 273 1230  970      35
1975081206 4 282 1217  970      40
1975081212 4 287 1205  980      35
1975081218 2 290 1190  985      20   30
1975081300 1 289 1184  990      15   20
1975081306 1 290 1173  991      15
1975081312 1 290 1160  993      15
1975081318 1 290 1150  993      12
1975081400 1 290 1146  993      12
1975081406 1 288 1144  993      12
1975081412 1 286 1142  993      12
1975081418 1 284 1142  992      12
1975081500 1 284 1146  993      12
1975081506 1 285 1151  994      12
1975081512 0 285 1155  995      10
1975081518 0 285 1160  995       9
1975081600 0 288 1165  995       9
1975081606 0 294 1165  996       9
1975081612 0 299 1169  997       9
1975081618 0 302 1171  998       9
1975081700 0 315 1182  999       9
1975081706 0 316 1187  999       9
66666 0000   26 0010 7506 0 6 (nameless)                         20110729
1975080906 0 184 1160  997       0
1975080912 0 184 1150  997      10
1975080918 0 185 1140  997      10
1975081000 1 190 1132  996      12
1975081006 1 193 1124  996      15
1975081012 1 192 1115  995      15
1975081018 1 189 1106  992      15
1975081100 0 188 1098  993      10   15
1975081106 1 183 1092  990      15   20
1975081112 1 178 1092  990      15   20
1975081118 1 181 1093  990      15   20
1975081200 1 184 1094  990      12   20
1975081206 1 187 1097  988      15   20
1975081212 2 191 1106  986      20
1975081218 2 197 1113  985      20
1975081300 2 203 1121  985      20
1975081306 2 210 1129  985      20
1975081312 2 217 1133  985      20
1975081318 1 222 1134  988      15
1975081400 0 228 1135  990      10   15
1975081406 0 233 1137  990      10
1975081412 0 245 1145  993       9
1975081418 0 246 1145  994       9
1975081500 0 248 1142  994       9
1975081506 0 250 1140  994       9
1975081512 0 254 1138  995       9
66666 0000    6 0010 7506 2 6 (nameless)(-)1                     20110729
1975081512 0 237 1163  995       9
1975081518 0 242 1172  995      10
1975081600 1 247 1183  995      12
1975081606 1 246 1192  995      12
1975081612 1 244 1197  995      12
1975081618 1 242 1202  995      12
66666 0000   29 0011 7505 0 6 Phyllis                            20110729
1975081200 1 126 1379  992      15
1975081206 2 130 1375  986      20
1975081212 2 135 1370  980      20
1975081218 3 138 1368  975      25
1975081300 3 141 1364  970      25
1975081306 3 149 1365  965      30
1975081312 3 159 1366  960      30
1975081318 5 174 1367  952      45
1975081400 5 191 1370  945      50
1975081406 6 208 1370  935      55
1975081412 6 225 1370  931      60
1975081418 6 244 1371  931      60
1975081500 6 261 1371  934      55
1975081506 5 272 1365  936      50
1975081512 5 283 1355  938      50
1975081518 5 290 1350  940      45
1975081600 5 296 1343  942      45
1975081606 4 303 1340  944      40
1975081612 4 312 1336  950      40
1975081618 4 319 1333  955      40
1975081700 4 326 1328  960      40
1975081706 3 339 1321  980      30
1975081712 3 347 1314  985      25
1975081718 3 357 1304  990      25
1975081800 1 366 1294  995      15
1975081806 1 382 1296  999      12
1975081812 0 388 1305 1000      10
1975081818 0 392 1312 1003      10
1975081900 0 395 1319 1004      10
66666 0000   32 0012 7507 1 6 Rita                               20110729
1975081612 1 246 1230  997      12
1975081618 1 250 1241  996      12
1975081700 1 252 1253  996      12
1975081706 1 252 1263  996      12
1975081712 1 248 1274  995      15
1975081718 1 244 1283  995      15
1975081800 1 245 1296  995      15
1975081806 1 247 1306  995      15
1975081812 1 249 1309  995      15
1975081818 1 254 1310  994      15
1975081900 2 257 1307  992      20
1975081906 2 257 1304  990      20
1975081912 2 259 1299  990      20
1975081918 2 263 1295  990      20
1975082000 3 266 1288  985      25
1975082006 3 266 1285  985      25
1975082012 3 270 1291  980      25
1975082018 3 276 1300  980      25
1975082100 3 281 1310  975      30
1975082106 4 286 1318  970      35
1975082112 4 293 1325  970      35
1975082118 4 300 1330  970      35
1975082200 4 310 1334  970      35
1975082206 4 319 1338  970      35
1975082212 4 328 1342  970      35
1975082218 4 343 1348  970      35
1975082300 3 359 1355  980      25
1975082306 3 376 1376  985      25
1975082312 2 398 1405  990      20
1975082318 2 417 1429  992      20
1975082400 9 442 1463 1000      20
1975082406 9 469 1500 1005      15
66666 0000   14 0013 0000 0 6 (nameless)                         20110729
1975082300 0 225 1198  999       0
1975082306 0 221 1188 1001       0
1975082312 0 216 1180 1001      10
1975082318 0 210 1173 1001      10
1975082400 0 205 1168 1001      10
1975082406 1 202 1160 1001      12
1975082412 1 199 1149 1001      12
1975082418 1 199 1128 1000      12
1975082500 1 199 1103 1000      12
1975082506 1 199 1082  998      15
1975082512 1 195 1075  998      15
1975082518 1 188 1062  998      15
1975082600 0 185 1050  999      10
1975082606 0 180 1035 1000       9
66666 0000   37 0014 0000 0 6 Susan                              20110729
1975082518 0 230 1530 1002       0
1975082600 0 239 1531 1002       0
1975082606 1 247 1532 1000      15
1975082612 1 253 1532 1000      15
1975082618 1 260 1530 1000      15
1975082700 1 268 1525 1000      15
1975082706 1 280 1520 1000      15
1975082712 0 298 1520 1002      10
1975082718 0 312 1517 1002      10
1975082800 0 324 1511 1002      10
1975082806 0 331 1512 1002      10
1975082812 1 338 1515 1000      15
1975082818 1 343 1520 1000      15
1975082900 2 350 1526  994      20
1975082906 2 357 1533  994      20
1975082912 2 364 1545  994      20
1975082918 2 368 1554  994      20
1975083000 3 373 1566  990      25
1975083006 3 375 1572  985      30
1975083012 3 376 1579  985      30
1975083018 3 378 1584  985      30
1975083100 3 380 1590  985      25
1975083106 3 386 1594  985      25
1975083112 2 393 1593  990      20
1975083118 2 399 1588  990      20
1975090100 2 403 1580  992      20
1975090106 2 405 1572  992      20
1975090112 2 405 1566  994      20
1975090118 2 406 1561  994      20
1975090200 2 409 1558  994      20
1975090206 2 415 1555  996      20
1975090212 2 422 1556  996      20
1975090218 1 429 1559 1000      15
1975090300 0 435 1561 1010      10
1975090306 0 437 1562 1010      10
1975090312 0 440 1563 1012      10
1975090318 0 442 1565 1012      10
66666 0000   20 0015 0000 0 6 (nameless)                         20110729
1975082700 0 155 1120 1005       0
1975082706 0 158 1117 1004       0
1975082712 0 168 1110 1003       0
1975082718 1 172 1108 1003      12
1975082800 1 173 1104 1003      15
1975082806 1 174 1101 1002      15
1975082812 1 175 1098 1002      12
1975082818 1 176 1093 1002      12
1975082900 1 180 1086 1002      15
1975082906 1 188 1080 1002      15
1975082912 1 192 1079 1000      15
1975082918 1 198 1076 1000      15
1975083000 2 203 1075 1000      20
1975083006 2 206 1074 1000      20
1975083012 3 208 1072 1000      25
1975083018 1 214 1070 1000      15
1975083100 0 216 1065 1001      10
1975083106 0 222 1051 1001       9
1975083112 0 224 1038 1002       9
1975083118 0 228 1025 1003       9
66666 0000   37 0016 7508 2 6 Tess                               20110729
1975090112 0 172 1514 1000      10
1975090118 1 176 1510  995      15
1975090200 2 180 1505  995      20
1975090206 2 185 1500  995      20
1975090212 2 186 1493  990      20
1975090218 3 188 1491  990      25
1975090300 3 193 1493  985      25
1975090306 4 196 1493  980      35
1975090312 4 201 1494  970      35
1975090318 4 205 1494  965      40
1975090400 4 210 1491  960      40
1975090406 4 216 1487  950      40
1975090412 5 223 1480  945      45
1975090418 5 230 1475  945      50
1975090500 5 240 1470  945      50
1975090506 5 250 1462  945      45
1975090512 5 256 1456  945      45
1975090518 4 263 1453  950      40
1975090600 4 270 1452  955      40
1975090606 4 277 1453  955      40
1975090612 4 282 1454  960      40
1975090618 4 285 1455  960      40
1975090700 4 288 1456  960      40
1975090706 4 290 1459  965      35
1975090712 4 289 1461  965      35
1975090718 4 293 1463  970      35
1975090800 4 296 1465  970      35
1975090806 4 302 1470  970      35
1975090812 4 308 1471  970      35
1975090818 4 315 1473  975      35
1975090900 3 322 1475  975      25
1975090906 3 333 1481  975      25
1975090912 3 344 1492  975      25
1975090918 3 360 1510  980      25
1975091000 3 383 1522  980      25
1975091006 3 415 1530  970      25
1975091012 9 468 1529  965      25
66666 0000   14 0017 7509 0 6 Viola                              20110729
1975090500 1 140 1298 1002      15
1975090506 1 144 1305 1002      15
1975090512 2 149 1311  996      20
1975090518 2 156 1316  995      20
1975090600 2 165 1321  995      20
1975090606 2 174 1326  995      20
1975090612 3 182 1332  990      25
1975090618 3 186 1336  990      25
1975090700 2 191 1341  996      20
1975090706 1 196 1346 1000      15
1975090712 1 202 1355 1004      12
1975090718 0 210 1368 1004      10
1975090800 0 214 1380 1004      10
1975090806 0 217 1391 1005      10
66666 0000   23 0018 0000 0 6 (nameless)                         20110729
1975090500 0 155 1180 1006       0
1975090506 0 152 1175 1005       0
1975090512 0 150 1169 1004       0
1975090518 0 148 1162 1004       0
1975090600 0 146 1156 1004       0
1975090606 0 145 1150 1004       0
1975090612 0 144 1143 1004       0
1975090618 0 144 1134 1004       0
1975090700 1 144 1128 1002      12
1975090706 1 145 1121 1002      12
1975090712 1 148 1117 1002      12
1975090718 1 152 1105 1002      12
1975090800 1 156 1098 1004      15
1975090806 1 160 1090 1004      12
1975090812 0 164 1082 1003      10
1975090818 0 166 1075 1001      10
1975090900 0 167 1068 1001       9
1975090906 0 168 1060 1001       9
1975090912 0 169 1050 1001       9
1975090918 0 170 1041 1002       9
1975091000 0 170 1031 1002       9
1975091006 0 170 1025 1002       9
1975091012 0 170 1023 1003       9
66666 0000   16 0019 0000 1 6 Winnie                             20110729
1975090900 2 255 1640  995      20
1975090906 3 268 1642  985      25
1975090912 3 280 1642  985      25
1975090918 3 293 1637  980      30
1975091000 4 300 1629  980      35
1975091006 4 312 1623  980      35
1975091012 4 323 1618  980      35
1975091018 4 336 1616  980      35
1975091100 3 348 1618  985      30
1975091106 3 366 1621  985      25
1975091112 3 390 1630  985      25
1975091118 3 415 1655  985      25
1975091200 3 428 1688  990      25
1975091206 3 440 1700  990      25
1975091212 3 460 1760  990      25
1975091218 2 480 1800  990      20
66666 0000   22 0020 7510 2 6 Alice                              20110729
1975091512 0 114 1312 1005      10
1975091518 0 124 1303 1005      10
1975091600 1 131 1296 1000      15
1975091606 2 137 1288 1000      20
1975091612 2 140 1275 1000      20
1975091618 3 143 1264  995      25
1975091700 3 147 1253  995      25
1975091706 4 150 1242  987      35
1975091712 4 153 1229  970      35
1975091718 4 158 1212  970      35
1975091800 4 162 1198  970      35
1975091806 4 164 1184  975      35
1975091812 4 167 1169  975      35
1975091818 3 170 1157  980      30
1975091900 3 175 1144  980      30
1975091906 3 180 1129  980      30
1975091912 3 185 1115  980      30
1975091918 3 191 1102  980      30
1975092000 3 192 1088  985      30
1975092006 3 196 1074  985      25
1975092012 3 202 1058  990      25
1975092018 1 204 1045  995      15
66666 0000   34 0021 7511 0 6 Betty                              20110729
1975091606 0 102 1406 1007       0
1975091612 0 106 1414 1007       0
1975091618 0 111 1420 1007       0
1975091700 0 116 1426 1007      10
1975091706 1 144 1428 1003      12
1975091712 1 167 1420 1003      15
1975091718 1 168 1408 1003      15
1975091800 2 168 1390  998      20
1975091806 2 171 1380  998      20
1975091812 2 169 1376  998      20
1975091818 2 166 1373  996      20
1975091900 2 169 1367  996      20
1975091906 3 175 1364  990      25
1975091912 3 180 1361  985      25
1975091918 3 184 1356  980      25
1975092000 3 191 1346  980      30
1975092006 3 199 1331  980      30
1975092012 3 207 1317  980      30
1975092018 3 214 1306  975      30
1975092100 4 222 1294  970      35
1975092106 4 226 1280  965      40
1975092112 4 227 1262  950      40
1975092118 4 226 1249  950      40
1975092200 4 225 1234  948      40
1975092206 4 224 1216  950      40
1975092212 4 225 1206  965      35
1975092218 4 225 1196  970      35
1975092300 4 229 1189  980      35
1975092306 4 234 1179  980      35
1975092312 3 237 1168  988      25
1975092318 1 233 1157  995      15
1975092400 0 236 1153 1000      10
1975092406 0 243 1150 1002       9
1975092412 0 250 1149 1004       9
66666 0000   26 0022 7512 1 6 Cora                               20110729
1975093018 0 122 1352 1005       0
1975100100 0 132 1341 1005       0
1975100106 0 140 1329 1003      10
1975100112 0 150 1324 1000      10
1975100118 1 162 1320 1000      15
1975100200 2 173 1317 1000      20
1975100206 2 185 1316 1000      20
1975100212 2 196 1311  995      20
1975100218 2 206 1302  995      20
1975100300 3 217 1298  995      25
1975100306 4 226 1293  970      35
1975100312 4 238 1293  960      40
1975100318 5 248 1293  950      45
1975100400 6 261 1297  946      55
1975100406 6 274 1305  945      55
1975100412 6 288 1319  944      55
1975100418 6 303 1336  945      55
1975100500 6 320 1365  945      55
1975100506 6 334 1396  945      55
1975100512 5 344 1430  945      50
1975100518 5 351 1469  945      50
1975100600 5 353 1506  955      45
1975100606 4 361 1543  960      35
1975100612 3 390 1580  960      30
1975100618 3 410 1620  960      30
1975100700 9 415 1630  960      25
66666 0000   28 0023 7513 2 6 Doris                              20110729
1975100100 0 100 1156 1005      10
1975100106 1 108 1155 1004      12
1975100112 1 114 1154 1004      12
1975100118 1 119 1152 1004      12
1975100200 1 124 1150 1004      12
1975100206 1 128 1147 1002      12
1975100212 1 132 1143 1000      12
1975100218 1 135 1140 1000      12
1975100300 1 140 1135 1000      15
1975100306 1 146 1131  999      15
1975100312 1 152 1126  997      15
1975100318 1 157 1124  995      15
1975100400 2 164 1122  995      20
1975100406 2 170 1121  990      20
1975100412 3 176 1120  985      25
1975100418 3 183 1119  985      25
1975100500 3 188 1119  985      25
1975100506 3 195 1119  980      25
1975100512 4 206 1121  970      35
1975100518 4 218 1125  970      35
1975100600 3 230 1131  988      30
1975100606 1 244 1137  998      15
1975100612 1 254 1151 1002      12
1975100618 0 268 1173 1004      10   20
1975100700 3 278 1208 1000      25
1975100706 9 307 1262 1000      25
1975100712 9 324 1300  998      25
1975100718 9 339 1336  998      20
66666 0000   24 0024 7514 0 6 Elsie                              20110729
1975100900 0 124 1373 1004      10
1975100906 1 132 1364 1002      15
1975100912 1 140 1355 1000      15
1975100918 2 152 1348  995      20
1975101000 3 162 1334  989      25
1975101006 3 169 1319  987      30
1975101012 3 173 1303  984      30
1975101018 3 179 1290  980      30
1975101100 4 183 1277  970      35
1975101106 4 188 1262  965      40
1975101112 5 192 1252  915      50
1975101118 6 196 1243  903      55
1975101200 6 200 1235  900      60
1975101206 6 205 1224  900      60
1975101212 6 208 1216  915      55
1975101218 6 210 1206  915      55
1975101300 6 212 1196  930      55
1975101306 5 214 1185  950      45
1975101312 4 216 1174  960      40
1975101318 4 218 1164  965      40
1975101400 4 219 1155  965      40
1975101406 4 219 1145  970      40
1975101412 4 220 1133  970      35
1975101418 2 215 1128  999      20
66666 0000   31 0025 7515 0 6 Flossie                            20110729
1975101606 1 131 1294 1002      12
1975101612 1 134 1291 1002      15
1975101618 1 137 1286 1002      15
1975101700 1 139 1279 1002      15
1975101706 1 140 1268 1002      12
1975101712 1 143 1258 1002      12
1975101718 1 145 1248 1002      12
1975101800 1 146 1238 1002      15
1975101806 1 149 1229 1000      15
1975101812 1 151 1221 1000      15
1975101818 1 154 1210 1000      12
1975101900 1 158 1202 1000      12
1975101906 1 160 1195 1000      15
1975101912 1 162 1190  999      15
1975101918 1 163 1182  999      15
1975102000 1 164 1173  997      15
1975102006 1 160 1163  995      15
1975102012 2 155 1160  990      20
1975102018 2 156 1162  989      20
1975102100 3 160 1163  985      25
1975102106 3 165 1164  985      30
1975102112 3 171 1166  980      30
1975102118 3 180 1160  980      30
1975102200 3 185 1150  977      30
1975102206 3 189 1144  975      30
1975102212 4 193 1138  970      35
1975102218 4 199 1132  970      35
1975102300 4 206 1122  975      35
1975102306 3 215 1110  980      30
1975102312 1 220 1101  995      15   20
1975102318 1 226 1094 1005      12
66666 0000   44 0026 7516 1 6 Grace                              20110729
1975102406 0 197 1300 1004       0
1975102412 0 192 1293 1004       0
1975102418 0 188 1288 1004      10
1975102500 1 182 1285 1000      15
1975102506 3 180 1285  995      25
1975102512 3 182 1288  990      25
1975102518 2 187 1283  995      20
1975102600 1 187 1284  998      15
1975102606 0 187 1286 1004      10
1975102612 0 188 1288 1006      10
1975102618 0 190 1287 1006      10
1975102700 0 190 1283 1006      10
1975102706 0 187 1281 1004      10
1975102712 1 184 1280 1004      12
1975102718 1 182 1280 1002      12
1975102800 1 178 1283 1002      15
1975102806 1 176 1288 1002      12
1975102812 1 173 1293 1002      12
1975102818 0 172 1290 1002      10
1975102900 0 172 1284 1000      10
1975102906 0 175 1285 1000      10
1975102912 0 177 1286 1000      10
1975102918 1 182 1286  998      12
1975103000 2 182 1286  998      20
1975103006 2 186 1291  998      20
1975103012 3 200 1296  992      25
1975103018 3 209 1298  985      25
1975103100 3 215 1300  985      25
1975103106 3 221 1309  985      30
1975103112 3 233 1319  990      25
1975103118 3 240 1329  990      25
1975110100 3 247 1341  990      25
1975110106 3 253 1355  990      25
1975110112 2 259 1368  995      20
1975110118 2 266 1384  995      20
1975110200 2 271 1403  995      20
1975110206 9 284 1433  995      20
1975110212 9 301 1475 1000      25
1975110218 9 319 1519 1000       0
1975110300 9 338 1560 1000       0
1975110306 9 357 1604 1000       0
1975110312 9 379 1644 1000       0
1975110318 9 400 1681 1000       0
1975110400 9 420 1720 1000       0
66666 0000   15 0027 7517 0 6 Helen                              20110729
1975110100 0 145 1245 1008      10
1975110106 0 144 1235 1007      10
1975110112 0 144 1229 1005      10
1975110118 0 145 1222 1005      10
1975110200 1 146 1215 1005      12
1975110206 1 142 1201 1005      12
1975110212 1 138 1187 1005      15
1975110218 1 135 1174 1005      15
1975110300 1 135 1159 1004      15
1975110306 1 135 1144 1004      15
1975110312 2 139 1137  998      20
1975110318 2 142 1128  998      20
1975110400 2 144 1120  998      20
1975110406 2 150 1103  998      20
1975110412 0 154 1086 1008      10
66666 0000   28 0028 7518 1 6 Ida                                20110729
1975110618 0 128 1491 1005      10
1975110700 0 131 1496 1005      10
1975110706 1 137 1497 1000      15
1975110712 1 144 1493  996      15
1975110718 1 147 1488  996      15
1975110800 2 152 1485  992      20
1975110806 3 163 1483  990      25
1975110812 3 174 1480  985      25
1975110818 3 179 1474  985      25
1975110900 3 184 1464  980      30
1975110906 3 192 1457  975      30
1975110912 4 202 1454  970      35
1975110918 4 212 1455  965      40
1975111000 4 223 1458  962      40
1975111006 4 242 1463  962      40
1975111012 4 265 1472  960      40
1975111018 4 287 1480  950      40
1975111100 4 316 1496  950      40
1975111106 4 344 1513  955      40
1975111112 9 375 1530  965      40
1975111118 9 394 1543  975      35
1975111200 9 409 1560  980      30
1975111206 9 419 1586  985      25
1975111212 9 426 1613  990      25
1975111218 9 430 1635  995      20
1975111300 9 430 1660  995      20
1975111306 9 430 1685  995      20
1975111312 9 430 1710  995      20
66666 0000   35 0029 7519 1 6 June                               20110729
1975111600 1  62 1428 1000      12
1975111606 2  63 1428  998      20
1975111612 2  64 1428  992      20
1975111618 2  65 1428  992      20
1975111700 3  67 1427  980      25
1975111706 3  69 1426  977      30
1975111712 3  71 1425  975      30
1975111718 4  75 1425  970      35
1975111800 4  80 1426  965      40
1975111806 4  88 1425  960      40
1975111812 4  93 1424  952      40
1975111818 5 108 1421  940      45
1975111900 5 114 1418  905      50
1975111906 6 124 1414  890      75
1975111912 6 133 1409  877      75
1975111918 6 140 1402  875      75
1975112000 6 144 1396  897      60
1975112006 6 149 1387  897      60
1975112012 6 154 1380  898      55
1975112018 6 161 1374  900      55
1975112100 6 169 1369  900      55
1975112106 6 176 1363  900      55
1975112112 6 185 1359  905      55
1975112118 5 197 1354  920      50
1975112200 5 208 1350  924      50
1975112206 5 219 1350  930      50
1975112212 5 229 1353  936      50
1975112218 5 242 1361  940      45
1975112300 5 259 1379  945      45
1975112306 5 279 1401  945      45
1975112312 4 306 1436  950      40
1975112318 4 338 1482  960      40
1975112400 9 378 1547  970      35
1975112406 9 420 1620  976      35
1975112412 9 460 1690  976      30
66666 0000   28 0030 7520 0 6 (nameless)                         20110729
1975122306 0  70 1155 1006      10
1975122312 0  72 1155 1006      10
1975122318 0  74 1154 1006      10
1975122400 0  76 1154 1006      10
1975122406 1  78 1153 1005      12
1975122412 1  80 1153 1005      12
1975122418 1  84 1153 1004      12
1975122500 1  87 1152 1004      12
1975122506 1  90 1152 1004      12
1975122512 1  95 1151 1000      15
1975122518 1 100 1148 1000      15
1975122600 2 105 1140  998      20
1975122606 2 108 1134  998      20
1975122612 3 112 1132  995      25
1975122618 2 111 1139  995      20
1975122700 2 105 1144  995      20
1975122706 2 100 1145  995      20
1975122712 2  97 1147  995      20
1975122718 2  95 1149  995      20
1975122800 2  93 1153  995      20
1975122806 1  92 1158  999      15
1975122812 1  91 1163  999      15
1975122818 1  90 1169  999      15
1975122900 1  88 1173  999      15
1975122906 1  87 1178  999      15
1975122912 1  86 1183 1002      15
1975122918 1  87 1188 1003      15
1975123000 1  90 1192 1004      15
