66666 0000   14 0001 8301 0 6 Sarah                              20110729
1983062300 0 140 1170 1004      10
1983062306 0 130 1170 1004      10
1983062312 1 115 1165 1004      12
1983062318 1 115 1150 1003      12
1983062400 1 125 1140 1003      12
1983062406 1 130 1130 1000      15
1983062412 1 135 1120 1000      15
1983062418 1 142 1113 1000      15
1983062500 1 151 1105  998      15
1983062506 2 157 1098  998      20
1983062512 2 162 1089  998      20
1983062518 2 177 1073  998      20
1983062600 1 180 1063 1000      15
1983062606 1 185 1050 1000      12
66666 0000   21 0002 8302 0 6 Tip                                20110729
1983070900 1 120 1275 1005      12
1983070906 1 125 1265 1005      12
1983070912 1 128 1258 1005      12
1983070918 1 130 1250 1002      12
1983071000 1 131 1240 1002      12
1983071006 1 134 1230 1002      15
1983071012 1 135 1215 1000      15
1983071018 2 139 1189  998      20
1983071100 2 144 1175  990      20
1983071106 3 152 1165  984      25
1983071112 3 157 1160  980      25
1983071118 3 162 1155  980      25
1983071200 3 170 1139  980      30
1983071206 3 175 1126  983      30
1983071212 3 180 1121  985      25
1983071218 2 187 1117  990      20
1983071300 1 195 1113  992      15
1983071306 1 199 1109  994      15
1983071312 1 203 1104  998      15
1983071318 1 207 1098 1000      12
1983071400 0 210 1090 1002      10
66666 0000   36 0003 8303 0 6 Vera                               20110729
1983071000 1  88 1435 1008      12
1983071006 1  90 1420 1005      12
1983071012 1  91 1400 1005      12
1983071018 1  93 1385 1004      15
1983071100 1  95 1366 1004      15
1983071106 1  98 1354 1004      15
1983071112 1 100 1344 1004      15
1983071118 1 103 1334 1004      15
1983071200 1 106 1322 1004      15
1983071206 1 109 1308 1002      15
1983071212 1 110 1299 1000      15
1983071218 2 111 1291  995      20
1983071300 2 112 1284  993      20
1983071306 3 114 1277  988      25
1983071312 3 117 1271  984      30
1983071318 3 121 1262  980      30
1983071400 4 126 1254  975      35
1983071406 4 130 1245  975      35
1983071412 3 135 1234  980      30
1983071418 3 139 1223  980      30
1983071500 3 142 1212  980      30
1983071506 3 145 1205  982      30
1983071512 3 154 1194  986      30
1983071518 3 161 1179  984      30
1983071600 4 167 1168  980      35
1983071606 4 173 1156  975      35
1983071612 4 177 1146  975      35
1983071618 4 184 1133  970      35
1983071700 4 190 1122  970      35
1983071706 4 194 1110  967      35
1983071712 3 197 1098  970      30
1983071718 3 201 1086  975      30
1983071800 3 209 1073  975      30
1983071806 3 213 1053  985      25
1983071812 1 214 1030  990      15
1983071818 1 215 1002  995      15
66666 0000   25 0004 8304 0 6 Wayne                              20110729
1983072000 0  80 1440 1005      10
1983072006 0  88 1428 1005      10
1983072012 0  92 1415 1005      10
1983072018 0  97 1400 1005      10
1983072100 1 105 1390 1004      12
1983072106 1 115 1379 1004      12
1983072112 1 122 1369 1004      12
1983072118 1 130 1362 1004      12
1983072200 1 136 1354 1002      15
1983072206 1 146 1341 1000      15
1983072212 2 153 1329  995      20
1983072218 3 162 1318  990      25
1983072300 3 170 1300  988      25
1983072306 4 175 1288  980      35
1983072312 6 181 1276  912      65
1983072318 6 187 1262  918      65
1983072400 6 192 1247  920      65
1983072406 6 199 1230  920      65
1983072412 6 204 1216  925      60
1983072418 6 212 1204  935      55
1983072500 5 223 1194  945      50
1983072506 5 235 1182  950      45
1983072512 3 245 1171  975      30
1983072518 2 256 1160  990      20
1983072600 1 265 1147 1002      12
66666 0000   81 0005 8305 0 6 Abby                               20110729
1983080400 0  85 1445 1008      10
1983080406 1  85 1435 1006      12
1983080412 1  85 1425 1006      12
1983080418 1  88 1415 1004      12
1983080500 1  92 1407 1004      15
1983080506 1  94 1404 1000      15
1983080512 2  96 1400  998      20
1983080518 2  98 1395  998      20
1983080600 2 100 1390  995      20
1983080606 2 110 1381  990      20
1983080612 3 118 1375  985      25
1983080618 3 123 1366  976      30
1983080700 3 123 1359  972      30
1983080706 4 135 1349  965      35
1983080712 4 143 1341  945      40
1983080718 5 149 1336  930      50
1983080800 6 157 1330  908      60
1983080806 6 164 1325  902      60
1983080812 6 170 1320  900      60
1983080818 6 174 1314  888      65
1983080900 6 178 1310  893      65
1983080906 6 182 1307  900      65
1983080912 6 186 1306  910      60
1983080918 6 188 1304  920      60
1983081000 6 191 1304  925      55
1983081006 6 195 1304  925      55
1983081012 6 199 1305  925      55
1983081018 5 201 1306  930      50
1983081100 5 205 1307  935      50
1983081106 6 212 1307  925      55
1983081112 6 216 1306  920      55
1983081118 6 219 1306  920      55
1983081200 6 225 1306  920      55
1983081206 6 230 1308  920      55
1983081212 6 233 1310  920      55
1983081218 6 238 1314  920      55
1983081300 6 245 1318  920      55
1983081306 5 251 1321  925      50
1983081312 5 255 1325  928      50
1983081318 5 260 1330  935      50
1983081400 5 266 1333  940      45
1983081406 5 272 1334  940      45
1983081412 5 276 1335  940      45
1983081418 4 281 1335  950      40
1983081500 4 285 1336  950      40
1983081506 4 291 1340  955      40
1983081512 4 296 1343  955      40
1983081518 4 302 1350  960      40
1983081600 4 310 1353  965      35
1983081606 4 318 1358  965      35
1983081612 3 326 1366  970      30
1983081618 3 337 1372  970      30
1983081700 3 345 1377  970      30
1983081706 3 350 1382  980      30
1983081712 3 360 1393  985      25
1983081718 3 366 1403  990      25
1983081800 3 375 1414  992      25
1983081806 2 380 1422  992      20
1983081812 2 382 1430  994      20
1983081818 2 380 1438  994      20
1983081900 2 375 1445  994      20
1983081906 2 380 1450  990      20
1983081912 9 375 1437  990      20
1983081918 9 368 1445  990      20
1983082000 9 358 1453  990      20
1983082006 9 350 1465  990      20
1983082012 9 340 1470  990      20
1983082018 9 330 1470  992      15
1983082100 9 325 1480  996      15
1983082106 9 323 1490  998      12
1983082112 9 320 1500 1000      12
1983082118 9 325 1507 1002      12
1983082200 9 330 1510 1002      12
1983082206 9 335 1515 1002      12
1983082212 9 340 1520 1002      12
1983082218 9 345 1525 1004      10
1983082300 9 350 1530 1004      10
1983082306 9 355 1535 1004      10
1983082312 9 360 1540 1004      10
1983082318 9 365 1550 1004      10
1983082400 9 370 1560 1004      10
66666 0000   19 0006 8307 2 6 Carmen                             20110729
1983081012 1 151 1154 1002      12
1983081018 1 154 1153 1002      12
1983081100 1 157 1152 1000      12
1983081106 1 162 1153 1000      12
1983081112 1 166 1156 1000      12
1983081118 1 170 1160 1000      12
1983081200 1 173 1163 1000      12
1983081206 1 177 1168 1000      12
1983081212 1 180 1168 1000      15
1983081218 1 183 1169 1002      15
1983081300 1 187 1172 1002      15
1983081306 1 190 1178 1002      15
1983081312 1 193 1190 1000      15
1983081318 1 196 1203  998      15
1983081400 2 198 1215  996      20
1983081406 2 198 1229  994      20
1983081412 2 199 1242  992      20
1983081418 2 202 1262  992      20
1983081500 2 210 1283  995      20
66666 0000   16 0007 8306 2 6 Ben                                20110729
1983081112 1 240 1440 1004      12
1983081118 1 241 1447 1002      15
1983081200 2 245 1453 1000      20
1983081206 2 255 1460  998      20
1983081212 2 265 1462  996      20
1983081218 2 272 1460  995      20
1983081300 2 280 1456  994      20
1983081306 2 286 1454  990      20
1983081312 3 294 1453  987      25
1983081318 3 300 1452  989      25
1983081400 3 310 1450  990      25
1983081406 3 318 1448  990      25
1983081412 3 330 1434  990      25
1983081418 3 340 1415  990      25
1983081500 2 343 1393  992      20
1983081506 1 344 1371 1000      12
66666 0000   31 0008 8308 0 6 Dom                                20110729
1983081812 0 153 1358 1006      10
1983081818 0 155 1351 1006      10
1983081900 1 158 1343 1004      12
1983081906 1 162 1333 1004      15
1983081912 1 164 1328 1004      15
1983081918 1 167 1324 1002      15
1983082000 1 169 1323 1002      15
1983082006 1 174 1324 1000      15
1983082012 2 179 1330 1000      20
1983082018 2 185 1337 1000      20
1983082100 2 194 1348 1000      20
1983082106 1 200 1356 1002      15
1983082112 1 207 1362 1002      15
1983082118 1 214 1369 1002      15
1983082200 1 224 1376 1002      15
1983082206 1 234 1385 1002      15
1983082212 1 240 1400 1000      15
1983082218 2 245 1412  998      20
1983082300 2 249 1427  995      20
1983082306 2 252 1433  996      20
1983082312 2 256 1438  996      20
1983082318 2 254 1441  998      20
1983082400 2 252 1442  998      20
1983082406 1 254 1446  998      15
1983082412 1 254 1446  998      15
1983082418 1 257 1445  998      15
1983082500 1 264 1437  998      12
1983082506 1 270 1429 1000      12
1983082512 0 280 1420 1003      10
1983082518 0 291 1410 1003      10
1983082600 0 302 1412 1003      10
66666 0000   43 0009 8309 0 6 Ellen                              20110729
1983083000 1 131 1651 1008      12
1983083006 1 126 1637 1008      12
1983083012 1 116 1622 1008      12
1983083018 1 112 1603 1008      12
1983083100 1 110 1585 1008      12
1983083106 1 108 1570 1008      12
1983083112 1 105 1550 1008      12
1983083118 1 103 1529 1006      15
1983090100 1 102 1509 1006      15
1983090106 1 100 1492 1006      15
1983090112 1  93 1471 1002      15
1983090118 2  88 1450 1000      20
1983090200 2  91 1431  998      20
1983090206 2  92 1417  998      20
1983090212 2  92 1404  998      20
1983090218 2  94 1390  994      20
1983090300 3  99 1375  990      25
1983090306 3 105 1360  988      25
1983090312 3 110 1344  985      30
1983090318 3 116 1329  985      30
1983090400 3 122 1317  985      30
1983090406 4 130 1307  982      35
1983090412 4 137 1296  980      35
1983090418 4 145 1287  974      35
1983090500 4 151 1280  968      40
1983090506 4 159 1270  960      40
1983090512 5 166 1260  950      45
1983090518 5 172 1249  940      50
1983090600 6 178 1240  928      60
1983090606 6 183 1230  930      60
1983090612 6 187 1221  935      55
1983090618 5 190 1211  950      45
1983090700 5 192 1202  965      45
1983090706 5 196 1191  963      45
1983090712 5 198 1183  960      45
1983090718 5 200 1175  963      45
1983090800 5 203 1167  965      45
1983090806 5 208 1159  965      45
1983090812 5 212 1150  965      45
1983090818 5 217 1143  965      45
1983090900 5 221 1137  970      45
1983090906 3 228 1132  985      30
1983090912 1 236 1130  998      15
66666 0000   39 0010 8310 2 6 Forrest                            20110729
1983091912 0  80 1480 1006      10
1983091918 1  91 1467 1004      12
1983092000 1  98 1455 1004      15
1983092006 1 103 1445 1002      15
1983092012 2 110 1437 1000      20
1983092018 2 115 1428  997      20
1983092100 2 121 1419  994      20
1983092106 3 128 1409  988      25
1983092112 3 136 1399  985      30
1983092118 3 144 1390  980      30
1983092200 4 153 1380  975      35
1983092206 5 162 1370  950      45
1983092212 6 172 1360  920      60
1983092218 6 180 1347  876      75
1983092300 6 186 1336  885      70
1983092306 6 190 1326  893      70
1983092312 6 196 1319  902      65
1983092318 6 201 1310  908      65
1983092400 6 209 1301  912      60
1983092406 6 216 1295  915      60
1983092412 6 223 1287  919      60
1983092418 6 230 1280  918      60
1983092500 6 237 1274  915      60
1983092506 6 244 1269  910      65
1983092512 6 251 1264  918      60
1983092518 6 257 1258  920      60
1983092600 6 267 1251  924      60
1983092606 6 274 1245  925      60
1983092612 6 281 1242  930      55
1983092618 6 290 1240  935      55
1983092700 5 299 1241  935      50
1983092706 5 306 1245  940      45
1983092712 4 315 1256  950      40
1983092718 4 321 1272  960      35
1983092800 3 326 1294  975      30
1983092806 3 330 1327  985      25
1983092812 9 335 1368  990      20
1983092818 9 340 1415  990      20
1983092900 9 345 1460  989      20
66666 0000   15 0011 8311 0 6 Georgia                            20110729
1983092800 1 170 1175 1005      12
1983092806 1 175 1170 1005      12
1983092812 1 180 1165 1002      15
1983092818 1 186 1158 1002      15
1983092900 2 190 1150  996      20
1983092906 2 192 1137  994      20
1983092912 3 193 1127  985      25
1983092918 3 194 1120  980      30
1983093000 3 195 1111  980      30
1983093006 3 199 1102  985      25
1983093012 3 201 1091  990      25
1983093018 2 202 1081  995      20
1983100100 2 203 1072  998      20
1983100106 1 204 1060 1000      15
1983100112 0 204 1045 1002      10
66666 0000   13 0012 0000 0 6 (nameless)                         20110729
1983093018 0 145 1185 1005      10
1983100100 1 146 1172 1004      12
1983100106 1 148 1160 1002      15
1983100112 1 149 1147 1002      15
1983100118 1 150 1135 1002      15
1983100200 1 153 1122 1000      15   20
1983100206 1 158 1110  998      15   20
1983100212 1 161 1102  998      15   20
1983100218 1 166 1094  998      15   20
1983100300 1 173 1088  998      15   20
1983100306 1 184 1076  998      15
1983100312 1 190 1064  998      15
1983100318 0 192 1044 1000      10
66666 0000   19 0013 8312 0 6 Herbert                            20110729
1983100600 0 101 1170 1006      10
1983100606 0 104 1160 1006      10
1983100612 1 108 1150 1004      12
1983100618 1 110 1142 1004      12
1983100700 1 112 1136 1000      15
1983100706 2 115 1130  998      20
1983100712 2 118 1123  995      20
1983100718 3 122 1118  992      25
1983100800 3 121 1113  992      25
1983100806 3 122 1107  992      25
1983100812 2 126 1100  995      20
1983100818 2 130 1092  995      20
1983100900 2 136 1081  998      20
1983100906 1 140 1075 1000      15
1983100912 1 145 1070 1004      12
1983100918 0 150 1060 1004      10
1983101000 0 155 1055 1004      10
1983101006 0 158 1050 1004      10
1983101012 0 160 1042 1006      10
66666 0000   20 0014 8313 2 6 Ida                                20110729
1983100700 1 170 1435 1004      12
1983100706 1 178 1420 1004      12
1983100712 1 185 1408 1004      12
1983100718 1 193 1395 1002      15
1983100800 2 200 1380  998      20
1983100806 3 207 1363  995      25
1983100812 3 212 1348  992      25
1983100818 3 222 1333  990      25
1983100900 3 234 1322  988      30
1983100906 4 249 1319  986      35
1983100912 4 260 1322  984      35
1983100918 4 274 1327  980      35
1983101000 4 287 1331  976      35
1983101006 4 302 1338  973      35
1983101012 3 313 1350  974      30
1983101018 3 323 1364  975      30
1983101100 3 335 1389  980      25
1983101106 3 350 1427  990      25
1983101112 3 360 1470  990      25
1983101118 2 370 1530  995      20
66666 0000   19 0015 8314 0 6 Joe                                20110729
1983100912 0 130 1290 1004      10
1983100918 1 135 1280 1004      12
1983101000 1 138 1265 1002      12
1983101006 1 142 1252 1000      15
1983101012 1 147 1237 1000      15
1983101018 1 150 1225 1000      15
1983101100 2 155 1215  998      20
1983101106 2 160 1200  998      20
1983101112 2 165 1188  995      20
1983101118 3 168 1173  992      25
1983101200 3 170 1160  990      25
1983101206 3 173 1154  988      30
1983101212 3 182 1146  985      30
1983101218 3 188 1141  985      30
1983101300 3 195 1137  985      30
1983101306 3 206 1134  985      30
1983101312 3 215 1127  985      30
1983101318 3 222 1117  995      25
1983101400 1 224 1114 1004      15
66666 0000   15 0016 8315 0 6 Kim                                20110729
1983101500 0  93 1190 1006      10
1983101506 0  94 1176 1006      10
1983101512 0  95 1165 1006      10
1983101518 1  96 1153 1004      12
1983101600 1  97 1135 1002      15
1983101606 1  98 1122 1000      15
1983101612 1 100 1113 1000      15
1983101618 2 104 1103  998      20
1983101700 2 112 1090  995      20
1983101706 2 120 1075  998      20
1983101712 1 130 1050 1000      15
1983101718 1 135 1030 1004      12
1983101800 1 140 1020 1004      12
1983101806 0 140 1000 1004      10
1983101812 0 150  990 1006      10
66666 0000   30 0017 8316 0 6 Lex                                20110729
1983101906 1 140 1320 1004      12
1983101912 1 145 1300 1004      12
1983101918 1 150 1282 1004      12
1983102000 1 152 1268 1004      12
1983102006 1 154 1253 1004      12
1983102012 1 157 1235 1004      12
1983102018 1 159 1223 1004      12
1983102100 1 161 1204 1004      15
1983102106 1 165 1194 1002      15
1983102112 1 166 1184 1002      15
1983102118 1 165 1175 1000      15
1983102200 2 162 1165  998      20
1983102206 2 164 1156  995      20
1983102212 2 167 1151  995      20
1983102218 2 169 1145  995      20
1983102300 2 174 1144  995      20
1983102306 2 177 1143  995      20
1983102312 3 180 1140  992      25
1983102318 3 176 1138  992      25
1983102400 3 173 1136  992      25
1983102406 3 172 1132  990      25
1983102412 3 171 1128  990      25
1983102418 3 175 1120  985      30
1983102500 3 171 1114  980      30
1983102506 3 173 1105  985      30
1983102512 3 174 1096  985      30
1983102518 3 175 1087  985      30
1983102600 3 177 1079  985      30
1983102606 2 179 1066  992      20
1983102612 1 180 1051  995      15
66666 0000   10 0018 0000 0 6 (nameless)                         20110729
1983102718 0 108 1190 1006      10
1983102800 0 113 1175 1006      10
1983102806 1 115 1160 1004      12
1983102812 1 118 1150 1004      12
1983102818 1 120 1138 1004      12
1983102900 1 121 1125 1004      12
1983102906 1 122 1115 1004      12
1983102912 1 125 1100 1002      15
1983102918 1 130 1090 1004      12
1983103000 0 140 1080 1006      10
66666 0000   35 0019 8317 1 6 Marge                              20110729
1983103000 1  60 1490 1006      12
1983103006 1  68 1482 1004      15
1983103012 1  75 1475 1006      12
1983103018 1  82 1468 1006      12
1983103100 1  89 1460 1006      12
1983103106 1  93 1450 1002      15
1983103112 1  96 1443 1002      15
1983103118 1 100 1435 1000      15
1983110100 2 105 1425  998      20
1983110106 2 120 1420  997      20
1983110112 2 129 1412  997      20
1983110118 2 137 1408  993      20
1983110200 3 145 1403  990      25
1983110206 3 153 1401  987      30
1983110212 3 161 1398  980      30
1983110218 4 166 1394  972      35
1983110300 4 170 1389  962      40
1983110306 4 173 1382  948      40
1983110312 5 176 1373  930      50
1983110318 6 179 1361  913      60
1983110400 6 182 1352  896      70
1983110406 6 185 1345  892      70
1983110412 6 188 1340  898      70
1983110418 6 193 1336  904      70
1983110500 6 198 1333  908      65
1983110506 6 203 1336  908      65
1983110512 6 210 1338  914      60
1983110518 6 217 1344  918      55
1983110600 6 227 1356  920      55
1983110606 6 237 1373  920      55
1983110612 5 253 1399  930      50
1983110618 5 280 1438  938      45
1983110700 9 313 1480  955      40
1983110706 9 350 1526  960      40
1983110712 9 380 1540  985      30
66666 0000   13 0020 0000 0 6 Norris                             20110729
1983110806 1 170 1550 1006      12
1983110812 1 173 1537 1004      12
1983110818 1 176 1525 1000      15
1983110900 2 187 1516  996      20
1983110906 2 196 1515  994      20
1983110912 2 205 1518  996      20
1983110918 2 212 1522  996      20
1983111000 2 221 1528  998      20
1983111006 2 234 1536  998      20
1983111012 2 246 1545 1000      20
1983111018 1 258 1555 1002      15
1983111100 1 270 1570 1006      12
1983111106 1 295 1595 1008      12
66666 0000   39 0021 8318 0 6 Orchid                             20110729
1983111612 0 100 1390 1006      10
1983111618 1 100 1380 1004      12
1983111700 1 100 1370 1004      12
1983111706 1 105 1355 1002      15
1983111712 1 110 1340 1002      15
1983111718 1 115 1325 1000      15
1983111800 2 124 1308  996      20
1983111806 2 130 1293  994      20
1983111812 2 130 1285  992      20
1983111818 2 130 1281  990      20
1983111900 3 127 1280  985      25
1983111906 3 127 1280  985      25
1983111912 3 123 1278  980      25
1983111918 3 122 1275  975      30
1983112000 4 122 1275  970      35
1983112006 4 123 1272  960      35
1983112012 4 128 1266  955      40
1983112018 5 131 1261  945      45
1983112100 5 135 1261  947      45
1983112106 5 140 1257  942      45
1983112112 5 144 1254  942      45
1983112118 5 148 1255  940      50
1983112200 5 148 1255  943      50
1983112206 5 152 1256  943      45
1983112212 4 156 1258  950      40
1983112218 4 160 1260  950      40
1983112300 4 163 1263  945      40
1983112306 5 170 1262  935      50
1983112312 6 170 1262  933      55
1983112318 6 173 1260  930      55
1983112400 6 176 1257  930      55
1983112406 5 174 1253  935      50
1983112412 4 174 1253  945      40
1983112418 4 176 1249  950      35
1983112500 3 179 1247  970      30
1983112506 3 179 1247  975      30
1983112512 3 183 1244  990      25
1983112518 2 182 1242  995      20
1983112600 1 182 1242 1002      15
66666 0000   28 0022 8319 0 6 Percy                              20110729
1983111718 1  95 1105 1004      12
1983111800 1  93 1112 1002      15
1983111806 1  93 1115 1002      15
1983111812 1  95 1120 1002      15
1983111818 1  95 1120 1000      15
1983111900 2  93 1127  998      20
1983111906 2  88 1116  998      20
1983111912 3  90 1120  990      25
1983111918 3  85 1118  985      30
1983112000 3  81 1115  980      30
1983112006 3  78 1112  980      30
1983112012 4  73 1113  970      35
1983112018 4  73 1113  975      35
1983112100 4  78 1116  980      35
1983112106 3  75 1110  985      30
1983112112 3  73 1104  985      30
1983112118 3  73 1100  990      25
1983112200 3  77 1102  990      25
1983112206 3  78 1108  995      25
1983112212 2  80 1120  998      20
1983112218 2  82 1129  998      20
1983112300 2  84 1138 1000      20
1983112306 1  85 1142 1002      15
1983112312 1  88 1150 1002      15
1983112318 1  90 1157 1004      15
1983112400 1  95 1172 1004      15
1983112406 1  99 1190 1004      12
1983112412 0 103 1205 1006      10
66666 0000   18 0023 0000 0 6 (nameless)                         20110729
1983112100 0  80 1485 1004      10
1983112106 1  85 1475 1002      15
1983112112 1  91 1466 1002      15
1983112118 1  98 1455 1004      12
1983112200 1 100 1446 1004      12
1983112206 1 103 1435 1004      12
1983112212 1 100 1425 1004      12
1983112218 1  97 1413 1004      12
1983112300 1  92 1403 1004      12
1983112306 1  94 1406 1004      12
1983112312 1  90 1406 1004      12
1983112318 1  87 1403 1004      12
1983112400 1  85 1399 1004      12
1983112406 1  85 1394 1004      12
1983112412 1  87 1389 1004      12
1983112418 1  87 1384 1004      12
1983112500 1  88 1380 1004      12
1983112506 0  89 1376 1004      10
66666 0000   17 0024 8320 0 6 Ruth                               20110729
1983112612 1 150 1330 1008      12
1983112618 1 160 1320 1008      12
1983112700 1 160 1310 1006      15
1983112706 1 164 1302 1006      15
1983112712 1 166 1297 1004      15
1983112718 1 168 1291 1002      15
1983112800 2 173 1287  997      20
1983112806 3 179 1283  994      25
1983112812 3 182 1280  994      25
1983112818 3 183 1273  996      25
1983112900 2 183 1268  998      20
1983112906 2 184 1264  998      20
1983112912 1 183 1261 1002      15
1983112918 1 183 1258 1004      15
1983113000 1 185 1255 1004      15
1983113006 1 181 1252 1004      15
1983113012 1 176 1250 1007      12
66666 0000   13 0025 8321 0 6 Sperry                             20110729
1983120200 1 110 1360 1004      12
1983120206 1 125 1340 1002      15
1983120212 1 144 1326 1000      15
1983120218 2 155 1318  998      20
1983120300 3 164 1315  995      25
1983120306 3 169 1316  995      25
1983120312 3 179 1320  995      25
1983120318 2 183 1325  998      20
1983120400 2 190 1345  998      20
1983120406 2 190 1360  998      20
1983120412 1 191 1370 1002      15
1983120418 1 192 1380 1004      12
1983120500 1 193 1395 1004      12
66666 0000   11 0026 8322 0 6 Thelma                             20110729
1983121518 1 110 1353 1004      12
1983121600 2 120 1347  998      20
1983121606 3 130 1340  994      25
1983121612 3 137 1336  992      25
1983121618 3 142 1333  990      25
1983121700 3 146 1332  990      25
1983121706 3 155 1331  992      25
1983121712 2 161 1335  996      20
1983121718 2 164 1342  998      20
1983121800 1 170 1365 1000      15
1983121806 1 176 1400 1004      12
66666 0000    6 0027 0000 0 6 (nameless)                         20110729
1983121718 0  75 1290 1008      10
1983121800 1  85 1295 1004      15
1983121806 1  95 1305 1002      15
1983121812 1 100 1312 1002      15
1983121818 1 105 1319 1004      12
1983121900 1 108 1328 1006      12
