66666 0000   28 0001 0000 1 6 Nadine                             20110729
1978010612 0  50 1650 1004       0
1978010618 0  58 1647 1004       0
1978010700 0  66 1642 1002       0
1978010706 0  71 1639 1002       0
1978010712 1  77 1635 1000      12
1978010718 1  82 1627 1000      12
1978010800 1  89 1620 1000      12
1978010806 1  95 1621  996      15
1978010812 1  98 1625  996      15
1978010818 1 102 1627  996      15
1978010900 1 103 1623  996      15
1978010906 1 102 1618  996      15
1978010912 1 100 1613  996      15
1978010918 1 102 1609  996      15
1978011000 1 109 1611  996      15
1978011006 2 117 1611  992      20
1978011012 2 126 1605  990      20
1978011018 3 137 1602  985      25
1978011100 3 145 1604  985      25
1978011106 3 153 1611  980      25
1978011112 3 159 1619  980      25
1978011118 3 165 1631  976      30
1978011200 3 171 1647  975      30
1978011206 3 180 1665  973      30
1978011212 3 190 1687  973      30
1978011218 3 202 1710  972      30
1978011300 3 212 1730  975      25
1978011306 2 228 1770  980      20
66666 0000   45 0002 7801 0 6 Olive                              20110729
1978041700 0  62 1412 1005      10
1978041706 0  67 1399 1004      10
1978041712 0  73 1384 1004      10
1978041718 0  78 1370 1004      10
1978041800 1  83 1356 1003      15
1978041806 1  86 1340 1003      15
1978041812 1  90 1325 1000      15
1978041818 2  93 1314  998      20
1978041900 2  97 1298  995      20
1978041906 3 100 1285  992      25
1978041912 3 104 1271  990      25
1978041918 3 109 1260  988      25
1978042000 3 114 1248  985      30
1978042006 3 119 1235  985      30
1978042012 3 123 1223  985      30
1978042018 3 128 1210  990      25
1978042100 3 130 1196  990      25
1978042106 3 132 1188  988      25
1978042112 3 134 1180  985      30
1978042118 3 137 1172  980      30
1978042200 3 139 1163  975      30
1978042206 4 142 1155  965      35
1978042212 4 147 1147  960      35
1978042218 4 152 1142  955      40
1978042300 5 159 1135  955      45
1978042306 5 165 1131  955      45
1978042312 5 169 1129  955      45
1978042318 5 177 1131  955      45
1978042400 5 184 1138  955      45
1978042406 5 191 1146  955      45
1978042412 4 197 1159  960      40
1978042418 4 202 1172  965      40
1978042500 4 209 1188  970      35
1978042506 4 213 1208  975      35
1978042512 4 215 1231  980      35
1978042518 3 217 1253  985      30
1978042600 3 218 1273  985      30
1978042606 3 221 1294  985      30
1978042612 3 226 1313  990      25
1978042618 3 231 1334  990      25
1978042700 2 235 1350  995      20
1978042706 2 239 1374  996      20
1978042712 1 247 1398  998      15
1978042718 9 252 1422 1000      15
1978042800 9 260 1445 1004      12
66666 0000   41 0003 7802 1 6 Polly                              20110729
1978061400 0 215 1365 1004       0
1978061406 0 225 1360 1004       0
1978061412 0 230 1355 1004       0
1978061418 0 233 1348 1004       0
1978061500 0 235 1340 1002      10
1978061506 1 233 1338 1002      12
1978061512 1 230 1333 1000      12
1978061518 1 230 1330 1000      12
1978061600 1 230 1330 1000      12
1978061606 1 231 1325 1000      12
1978061612 1 234 1310 1000      12
1978061618 1 238 1297 1000      15
1978061700 1 244 1292  998      15
1978061706 1 247 1285  997      15
1978061712 1 248 1275  996      15
1978061718 1 250 1267  996      15
1978061800 1 254 1259  994      15
1978061806 2 260 1257  992      20
1978061812 2 265 1259  990      20
1978061818 2 269 1261  988      20
1978061900 2 274 1261  985      20
1978061906 3 281 1262  985      25
1978061912 3 292 1264  985      25
1978061918 3 303 1269  985      25
1978062000 3 318 1278  985      25
1978062006 2 332 1294  990      20
1978062012 9 346 1315  998      12
1978062018 9 365 1350  998      12
1978062100 9 390 1390  999      12
1978062106 9 405 1430  999      12
1978062112 9 420 1475  998      15
1978062118 9 430 1515  998      15
1978062200 9 435 1550  998      15
1978062206 9 440 1584  998      15
1978062212 9 445 1620  998      15
1978062218 9 448 1650  998      15
1978062300 9 450 1680  998      20
1978062306 9 450 1703  998      20
1978062312 9 450 1726  998      20
1978062318 9 466 1753  996      20
1978062400 9 482 1780  994      20
66666 0000   15 0004 7803 0 6 Rose                               20110729
1978062106 1 185 1290 1004      12
1978062112 1 185 1285 1004      12
1978062118 1 185 1280 1004      12
1978062200 1 185 1275 1004      15
1978062206 1 188 1268 1003      15
1978062212 1 193 1263 1002      15
1978062218 1 194 1257 1002      15
1978062300 2 192 1250  995      20
1978062306 2 188 1242  995      20
1978062312 2 187 1238  995      20
1978062318 2 196 1230  995      20
1978062400 3 214 1224  990      25
1978062406 2 220 1221  992      20
1978062412 0 229 1217  998      10   20
1978062418 0 249 1215 1001       9   20
66666 0000   13 0005 0000 0 6 (nameless)                         20110729
1978062418 0 198 1165 1000       9   12
1978062500 0 197 1142  998       9   15
1978062506 0 205 1138  998      10   15
1978062512 1 210 1133  998      12   15
1978062518 1 216 1125  996      12   15
1978062600 0 213 1110  995      10   15
1978062606 0 214 1090  995       9   15
1978062612 0 212 1080  995       9   15
1978062618 0 210 1073  994       9   15
1978062700 0 206 1062  994       9   15
1978062706 0 212 1048  994       9   15
1978062712 0 222 1030  995       9   15
1978062718 0 230 1015  998       9   15
66666 0000   21 0006 7804 0 6 Shirley                            20110729
1978062700 0 110 1297 1005      10
1978062706 0 116 1280 1004      10
1978062712 0 122 1265 1004      10
1978062718 0 120 1245 1004      10
1978062800 0 118 1220 1004      10
1978062806 1 119 1205 1002      12
1978062812 1 120 1190 1002      12
1978062818 1 121 1180 1000      15
1978062900 1 122 1170 1000      15
1978062906 1 123 1160 1000      15
1978062912 1 125 1150 1000      15
1978062918 1 128 1135  998      15
1978063000 2 130 1125  995      20
1978063006 2 132 1112  995      20
1978063012 2 135 1096  995      20
1978063018 1 140 1082  995      15
1978070100 1 148 1067  995      15
1978070106 1 157 1048  996      15
1978070112 1 160 1035  996      15
1978070118 1 170 1027  998      12
1978070200 0 175 1020 1000      10
66666 0000   17 0007 0000 0 6 (nameless)                         20110729
1978070700 0 235 1440 1006      10
1978070706 1 245 1447 1004      12
1978070712 1 255 1455 1004      15
1978070718 1 263 1460 1004      15
1978070800 1 270 1466 1004      15
1978070806 1 277 1469 1004      15
1978070812 1 284 1467 1006      15
1978070818 1 292 1460 1006      12
1978070900 1 300 1450 1008      12
1978070906 1 308 1439 1008      12
1978070912 1 315 1425 1008      12
1978070918 1 320 1419 1008      12
1978071000 1 327 1410 1008      12
1978071006 0 333 1393 1010       0
1978071012 0 340 1383 1011       0
1978071018 0 352 1388 1012       0
1978071100 0 362 1393 1014       0
66666 0000   58 0008 7805 0 6 Trix                               20110729
1978071112 0 190 1530 1008      10
1978071118 0 195 1522 1006      10
1978071200 0 201 1515 1006      10
1978071206 0 207 1507 1004      10
1978071212 0 214 1499 1004      10
1978071218 0 223 1488 1003      10
1978071300 1 230 1475 1003      12
1978071306 1 235 1465 1002      12
1978071312 1 238 1454 1000      15
1978071318 1 238 1443 1000      15
1978071400 1 238 1433  998      15
1978071406 2 239 1424  996      20
1978071412 2 239 1416  994      20
1978071418 2 239 1406  990      20
1978071500 2 238 1398  985      20
1978071506 3 237 1388  980      30
1978071512 3 234 1383  980      30
1978071518 4 230 1379  980      35
1978071600 4 228 1378  975      40
1978071606 4 224 1377  970      40
1978071612 4 222 1378  970      40
1978071618 4 220 1382  970      40
1978071700 4 221 1390  970      40
1978071706 4 225 1399  970      35
1978071712 4 227 1408  975      35
1978071718 4 230 1417  980      35
1978071800 4 237 1430  980      35
1978071806 4 245 1442  980      35
1978071812 3 250 1448  980      30
1978071818 3 255 1453  985      30
1978071900 3 261 1458  985      25
1978071906 3 270 1463  985      25
1978071912 3 278 1453  985      25
1978071918 3 284 1443  990      25
1978072000 3 289 1434  992      25
1978072006 2 293 1421  996      20
1978072012 2 295 1404  998      20
1978072018 2 296 1388 1000      20
1978072100 1 297 1373 1000      15
1978072106 1 297 1357 1000      15
1978072112 1 293 1337 1002      15
1978072118 1 288 1318 1000      15
1978072200 2 286 1290  998      20
1978072206 3 287 1269  995      25
1978072212 3 287 1245  994      30
1978072218 4 290 1228  992      35
1978072300 4 292 1215  992      35
1978072306 2 298 1195  995      20
1978072312 1 303 1180  998      15
1978072318 1 310 1169 1000      12
1978072400 0 317 1161 1000      10
1978072406 0 324 1157  999      10
1978072412 0 335 1152  998      10
1978072418 0 347 1153 1000       9
1978072500 0 358 1155 1001       9
1978072506 0 368 1159 1001       9
1978072512 0 380 1161 1001       9
1978072518 0 390 1162 1001       9
66666 0000   51 0009 7806 2 6 Wendy                              20110729
1978072200 1 185 1393 1000      15
1978072206 1 193 1391 1000      15
1978072212 1 202 1388 1000      15
1978072218 1 208 1381 1000      15
1978072300 1 211 1373 1000      15
1978072306 1 211 1366 1000      15
1978072312 1 210 1360  998      15
1978072318 1 209 1353  996      15
1978072400 2 208 1346  996      20
1978072406 2 208 1341  994      20
1978072412 3 209 1340  992      25
1978072418 3 209 1339  990      25
1978072500 3 209 1337  985      30
1978072506 3 207 1336  980      30
1978072512 3 208 1338  980      30
1978072518 4 212 1338  975      35
1978072600 4 214 1336  975      35
1978072606 4 217 1332  970      35
1978072612 4 221 1328  965      40
1978072618 4 227 1326  965      40
1978072700 4 233 1324  965      40
1978072706 4 241 1321  963      40
1978072712 4 247 1316  962      40
1978072718 4 255 1309  961      40
1978072800 4 263 1300  962      40
1978072806 4 270 1285  964      35
1978072812 4 275 1273  965      35
1978072818 4 280 1263  965      35
1978072900 4 282 1261  965      35
1978072906 4 287 1259  965      35
1978072912 4 292 1258  965      35
1978072918 4 298 1256  965      35
1978073000 4 301 1251  970      35
1978073006 4 302 1246  970      35
1978073012 4 304 1247  970      35
1978073018 4 304 1247  970      35
1978073100 4 304 1247  970      35
1978073106 4 306 1250  970      35
1978073112 4 306 1252  970      35
1978073118 3 306 1254  975      30
1978080100 3 307 1257  975      30
1978080106 3 308 1260  980      30
1978080112 3 309 1267  980      30
1978080118 3 312 1274  980      25
1978080200 3 316 1282  980      25
1978080206 2 321 1297  983      20
1978080212 2 327 1314  985      20
1978080218 2 346 1321  987      20
1978080300 2 374 1325  988      20
1978080306 1 402 1345  992      15
1978080312 1 430 1390  995      12
66666 0000   49 0010 7808 0 6 Virginia                           20110729
1978072218 1 150 1520  996      12
1978072300 1 155 1514  995      15
1978072306 2 160 1510  990      20
1978072312 2 162 1510  990      20
1978072318 3 164 1511  985      25
1978072400 3 167 1511  985      25
1978072406 3 172 1510  985      30
1978072412 3 177 1509  985      30
1978072418 3 184 1507  980      30
1978072500 3 190 1503  980      30
1978072506 4 196 1500  974      35
1978072512 4 201 1496  975      35
1978072518 4 205 1492  975      35
1978072600 4 209 1489  975      35
1978072606 3 213 1483  980      30
1978072612 3 215 1478  980      30
1978072618 3 217 1475  980      30
1978072700 3 218 1473  980      30
1978072706 3 217 1472  980      30
1978072712 3 215 1474  980      30
1978072718 3 213 1475  980      30
1978072800 3 214 1477  980      30
1978072806 3 215 1476  980      30
1978072812 3 218 1473  980      30
1978072818 3 223 1471  980      30
1978072900 4 226 1470  980      35
1978072906 4 231 1468  980      35
1978072912 4 240 1461  980      35
1978072918 4 247 1455  980      35
1978073000 4 254 1450  980      35
1978073006 4 263 1444  980      35
1978073012 4 274 1438  980      35
1978073018 4 287 1431  980      35
1978073100 4 298 1423  980      35
1978073106 4 310 1419  980      35
1978073112 4 320 1415  980      35
1978073118 4 328 1411  980      35
1978080100 4 335 1411  980      35
1978080106 4 348 1418  980      35
1978080112 4 362 1423  980      35
1978080118 4 379 1434  980      35
1978080200 3 393 1450  980      30
1978080206 3 405 1468  982      30
1978080212 3 413 1482  985      30
1978080218 3 422 1494  985      25
1978080300 2 431 1507  990      20
1978080306 2 443 1529  990      20
1978080312 1 453 1550  992      15
1978080318 1 460 1580  995      15
66666 0000   33 0011 7807 0 6 Agnes                              20110729
1978072306 1 173 1135 1000      12
1978072312 1 168 1137  998      12   15
1978072318 1 165 1142  998      12   15
1978072400 1 163 1147  998      12   15
1978072406 1 166 1150  998      15
1978072412 1 177 1153  995      15
1978072418 1 186 1156  995      15
1978072500 2 198 1157  988      20
1978072506 3 203 1157  988      25
1978072512 3 208 1156  985      25
1978072518 3 214 1154  985      25
1978072600 3 216 1148  980      30
1978072606 3 215 1145  975      30
1978072612 4 214 1140  970      35
1978072618 4 213 1137  960      40
1978072700 4 213 1133  960      40
1978072706 4 213 1127  960      40
1978072712 4 212 1123  960      40
1978072718 4 210 1119  965      40
1978072800 4 208 1118  970      35
1978072806 3 206 1117  975      30
1978072812 3 204 1120  975      30
1978072818 3 203 1124  975      30
1978072900 3 205 1129  980      30
1978072906 3 208 1137  980      30
1978072912 3 215 1145  980      30
1978072918 3 221 1147  985      25
1978073000 2 227 1149  985      20
1978073006 2 228 1155  990      20
1978073012 1 231 1162  993      15
1978073018 0 236 1170  995      10
1978073100 0 245 1160  998       0
1978073106 0 248 1150  998       0
66666 0000   17 0012 0000 0 6 (nameless)                         20110729
1978080412 1 160 1290 1006      12
1978080418 1 162 1285 1006      12
1978080500 1 164 1280 1004      12
1978080506 1 166 1275 1004      12
1978080512 1 168 1270 1004      12
1978080518 1 170 1265 1004      12
1978080600 1 172 1260 1004      15
1978080606 1 176 1255 1002      15
1978080612 1 180 1250 1002      15
1978080618 1 183 1246 1002      15
1978080700 1 188 1242 1002      15
1978080706 1 193 1237 1002      15
1978080712 1 197 1233 1002      15
1978080718 1 203 1230 1002      15
1978080800 1 210 1225 1002      15
1978080806 1 216 1210 1002      15
1978080812 1 220 1190 1002      15
66666 0000   17 0013 7809 0 6 Bess                               20110729
1978080900 1 190 1140  996      15
1978080906 1 185 1138  994      15
1978080912 1 182 1143  994      15
1978080918 2 185 1138  992      20
1978081000 2 185 1130  990      20
1978081006 2 183 1122  987      20
1978081012 2 183 1115  987      20
1978081018 2 184 1108  987      20
1978081100 3 183 1102  983      25
1978081106 2 182 1088  983      20
1978081112 2 180 1079  985      20
1978081118 2 178 1070  985      20
1978081200 2 177 1060  985      20
1978081206 1 176 1050  992      15
1978081212 1 176 1040  992      12
1978081218 0 175 1030  995      10
1978081300 0 175 1020  996       0
66666 0000   45 0014 7810 0 6 Carmen                             20110729
1978080912 0 170 1420 1005      10
1978080918 0 173 1430 1004      10
1978081000 0 174 1439 1004      10
1978081006 1 170 1450 1002      12
1978081012 1 165 1458 1000      15
1978081018 1 156 1455 1000      15
1978081100 2 153 1448  996      20
1978081106 3 157 1445  994      25
1978081112 3 158 1444  990      25
1978081118 3 159 1443  986      25
1978081200 3 161 1442  982      30
1978081206 3 168 1439  980      30
1978081212 3 178 1432  980      30
1978081218 3 189 1423  980      30
1978081300 4 199 1411  976      35
1978081306 4 211 1395  975      35
1978081312 4 220 1379  975      35
1978081318 4 226 1365  975      35
1978081400 4 232 1349  970      40
1978081406 4 241 1333  970      40
1978081412 4 251 1319  965      40
1978081418 4 259 1301  965      40
1978081500 4 264 1286  965      40
1978081506 4 271 1272  965      40
1978081512 4 276 1257  965      40
1978081518 4 280 1246  965      40
1978081600 4 282 1241  965      40
1978081606 4 284 1238  965      35
1978081612 4 287 1235  968      35
1978081618 4 287 1232  970      35
1978081700 4 287 1230  975      35
1978081706 3 286 1231  975      30
1978081712 3 284 1232  980      30
1978081718 3 282 1235  980      30
1978081800 3 280 1239  980      30
1978081806 3 281 1242  982      30
1978081812 3 284 1236  985      25
1978081818 3 287 1249  988      25
1978081900 3 290 1253  988      25
1978081906 3 299 1256  988      25
1978081912 2 317 1255  990      20
1978081918 2 334 1255  990      20
1978082000 2 347 1267  995      20
1978082006 1 357 1280  998      15
1978082012 0 370 1300 1003      10
66666 0000   18 0015 7811 0 6 Della                              20110729
1978080912 0 114 1306 1004      10
1978080918 1 118 1300 1003      12
1978081000 1 127 1296 1003      15
1978081006 1 138 1296 1002      15
1978081012 1 149 1294 1002      15
1978081018 1 157 1292 1002      15
1978081100 1 165 1287 1002      15
1978081106 2 173 1277  998      20
1978081112 2 180 1270  998      20
1978081118 2 191 1261  998      20
1978081200 2 204 1254  996      20
1978081206 3 216 1245  992      25
1978081212 3 221 1237  988      25
1978081218 3 230 1225  985      25
1978081300 3 238 1220  985      25
1978081306 2 252 1203  990      20
1978081312 1 254 1183  996      15
1978081318 0 254 1174 1000      10
66666 0000   12 0016 0000 0 6 (nameless)                         20110729
1978081400 1 190 1200 1000      12
1978081406 1 186 1192  998      15
1978081412 1 180 1180  998      15
1978081418 1 176 1179  998      15
1978081500 1 175 1185  996      15
1978081506 1 177 1185  996      15
1978081512 1 180 1186  998      15
1978081518 1 182 1182  998      15
1978081600 1 183 1176  998      15
1978081606 1 187 1168  998      15
1978081612 1 192 1159 1000      12
1978081618 0 198 1150 1000      10
66666 0000   11 0017 0000 0 6 (nameless)                         20110729
1978081800 0 218 1490 1006      10
1978081806 0 228 1471 1006      10
1978081812 1 238 1449 1004      15
1978081818 1 248 1428 1002      15
1978081900 1 257 1411 1000      15
1978081906 2 267 1392  998      20
1978081912 2 274 1373  998      20
1978081918 2 291 1358  998      20
1978082000 2 308 1348  998      20
1978082006 1 326 1343 1004      15
1978082012 0 345 1349 1008       0
66666 0000   31 0018 7812 1 6 Elaine                             20110729
1978082100 1 170 1270 1000      15
1978082106 1 172 1265 1000      15
1978082112 1 174 1260 1000      15
1978082118 1 175 1257 1000      15
1978082200 1 176 1254 1000      15
1978082206 1 177 1250 1000      15
1978082212 1 179 1247 1000      15
1978082218 2 183 1241  998      20
1978082300 2 186 1235  998      20
1978082306 2 182 1230  995      20
1978082312 2 180 1222  993      20
1978082318 2 178 1214  993      20
1978082400 2 174 1206  990      20
1978082406 2 170 1197  985      20
1978082412 3 171 1193  985      25
1978082418 3 173 1188  985      25
1978082500 3 174 1183  980      25
1978082506 3 173 1179  980      25
1978082512 3 170 1181  975      30
1978082518 3 173 1179  975      30
1978082600 3 183 1169  975      30
1978082606 3 191 1160  975      30
1978082612 4 196 1152  970      35
1978082618 4 200 1138  965      35
1978082700 4 202 1130  965      35
1978082706 4 208 1120  965      35
1978082712 3 213 1102  970      30
1978082718 3 215 1087  980      25
1978082800 2 220 1072  992      20
1978082806 1 212 1050  996      15
1978082812 1 210 1025  996      12
66666 0000   60 0019 7813 0 6 Faye                               20110729
1978082706 0 100 1490 1008       0
1978082712 0 109 1481 1006       0
1978082718 1 119 1472 1006      12
1978082800 1 128 1462 1000      15
1978082806 1 139 1455  996      15
1978082812 2 149 1451  996      20
1978082818 2 160 1450  996      20
1978082900 3 167 1451  994      25
1978082906 3 177 1452  992      25
1978082912 3 188 1455  990      25
1978082918 3 192 1461  990      25
1978083000 3 193 1467  988      25
1978083006 3 192 1473  985      30
1978083012 3 190 1479  985      30
1978083018 3 187 1484  985      30
1978083100 3 182 1488  985      30
1978083106 3 178 1487  985      30
1978083112 3 174 1484  985      30
1978083118 3 171 1480  985      30
1978090100 3 170 1474  985      30
1978090106 4 172 1467  980      35
1978090112 4 177 1460  975      35
1978090118 4 184 1453  965      40
1978090200 5 190 1449  950      45
1978090206 6 198 1443  937      60
1978090212 6 208 1435  936      60
1978090218 6 216 1425  936      55
1978090300 5 222 1412  950      50
1978090306 4 232 1400  970      40
1978090312 4 241 1390  980      35
1978090318 4 250 1378  980      35
1978090400 3 260 1368  984      30
1978090406 3 270 1358  987      30
1978090412 3 278 1350  988      30
1978090418 3 285 1346  986      30
1978090500 3 291 1349  982      30
1978090506 3 296 1354  976      30
1978090512 3 300 1363  974      30
1978090518 4 302 1372  970      35
1978090600 4 303 1382  970      35
1978090606 4 304 1389  970      35
1978090612 4 306 1394  970      35
1978090618 3 307 1399  975      30
1978090700 3 308 1404  985      25
1978090706 2 309 1411  990      20
1978090712 2 309 1415  995      20
1978090718 2 309 1422  995      20
1978090800 2 310 1428  995      20
1978090806 2 311 1434  995      20
1978090812 2 312 1440  995      20
1978090818 2 313 1448  995      20
1978090900 2 314 1456  995      20
1978090906 2 315 1464  995      20
1978090912 1 317 1472  998      15
1978090918 1 321 1478 1000      15
1978091000 1 327 1484 1004      12
1978091006 1 340 1495 1004      12
1978091012 1 350 1510 1004      12
1978091018 1 360 1525 1004      12
1978091100 0 370 1540 1006      10
66666 0000   38 0020 7814 0 6 Gloria                             20110729
1978082800 1 207 1304 1002      12
1978082806 1 201 1297 1000      15
1978082812 1 201 1291 1000      15
1978082818 1 205 1290 1000      15
1978082900 1 209 1291  998      15
1978082906 2 216 1286  995      20
1978082912 2 222 1280  995      20
1978082918 2 231 1279  995      20
1978083000 2 238 1283  992      20
1978083006 2 246 1285  990      20
1978083012 2 255 1286  990      20
1978083018 2 262 1289  992      20
1978083100 2 271 1296  994      20
1978083106 1 279 1303  994      15
1978083112 1 285 1310  996      15
1978083118 1 288 1319  996      15
1978090100 1 285 1330  996      15
1978090106 1 276 1335  998      15
1978090112 1 266 1334  999      15
1978090118 1 259 1328  999      15
1978090200 1 257 1319  999      15
1978090206 1 257 1319  999      15
1978090212 1 257 1319 1000      15
1978090218 1 254 1311 1000      12
1978090300 1 252 1304 1001      12
1978090306 1 257 1299 1001      12
1978090312 1 255 1291 1001      12
1978090318 0 259 1279 1001      10
1978090400 0 265 1271 1001      10
1978090406 0 265 1265 1001      10
1978090412 0 263 1259 1001      10
1978090418 1 259 1252 1002      12
1978090500 1 256 1242 1002      15
1978090506 1 255 1234 1002      15
1978090512 1 255 1226 1002      12
1978090518 1 255 1216 1003      12
1978090600 0 253 1206 1004      10
1978090606 0 249 1199 1004      10
66666 0000   15 0021 0000 0 6 Hester                             20110729
1978082900 1 290 1490 1004      12
1978082906 1 296 1491 1000      12
1978082912 1 303 1495 1000      15
1978082918 1 308 1501  996      15
1978083000 2 313 1503  992      20
1978083006 2 322 1505  990      20
1978083012 3 331 1508  990      25
1978083018 3 338 1513  990      25
1978083100 3 346 1520  990      25
1978083106 3 357 1532  990      25
1978083112 3 370 1560  990      25
1978083118 3 385 1592  990      25
1978090100 2 402 1625  990      20
1978090106 2 420 1657  992      20
1978090112 1 441 1697  996      15
66666 0000   27 0022 0000 0 6 (nameless)                         20110729
1978090818 0 165 1190 1005       0
1978090900 0 156 1185 1005       0
1978090906 0 168 1181 1004      10
1978090912 1 166 1168 1002      15
1978090918 1 165 1156 1000      15
1978091000 1 163 1144 1000      15
1978091006 1 161 1135 1000      15
1978091012 1 160 1130 1000      15
1978091018 1 160 1126 1000      15
1978091100 1 160 1121 1000      15
1978091106 1 161 1114 1002      15
1978091112 1 162 1110 1002      15
1978091118 1 164 1106 1002      15
1978091200 1 167 1102 1002      15
1978091206 1 168 1098 1002      15
1978091212 1 170 1097 1004      15
1978091218 1 172 1100 1002      15
1978091300 1 171 1103 1002      15
1978091306 1 170 1108 1000      15
1978091312 1 170 1110 1000      15
1978091318 1 173 1112 1000      15
1978091400 1 175 1111 1000      15
1978091406 1 173 1108 1002      15
1978091412 1 171 1105 1002      12
1978091418 1 164 1100 1005      12
1978091500 0 163 1095 1005      10
1978091506 0 172 1085 1005       0
66666 0000   34 0023 7816 0 6 Judy                               20110729
1978090900 0 180 1660 1006      10
1978090906 0 185 1645 1004      10
1978090912 0 190 1630 1004      10
1978090918 1 195 1615 1004      12
1978091000 1 200 1600 1004      12
1978091006 1 209 1585 1004      12
1978091012 1 220 1570 1004      12
1978091018 1 228 1558 1004      12
1978091100 1 234 1549 1004      12
1978091106 1 240 1540 1004      12
1978091112 1 243 1531 1004      12
1978091118 1 245 1520 1004      12
1978091200 1 243 1505 1004      15
1978091206 1 242 1489 1004      15
1978091212 1 242 1480 1000      15
1978091218 2 244 1473  996      20
1978091300 3 246 1466  990      25
1978091306 3 252 1462  990      25
1978091312 3 260 1460  990      25
1978091318 3 271 1455  985      30
1978091400 3 277 1453  980      30
1978091406 3 282 1450  975      30
1978091412 3 288 1447  975      30
1978091418 4 295 1443  970      35
1978091500 4 298 1442  965      35
1978091506 4 306 1443  960      40
1978091512 4 316 1446  955      40
1978091518 5 325 1451  950      45
1978091600 5 338 1460  950      45
1978091606 5 351 1475  950      45
1978091612 5 367 1493  950      45
1978091618 4 380 1512  965      35
1978091700 3 398 1533  980      30
1978091706 3 419 1555  985      25
66666 0000   25 0024 7815 0 6 Irma                               20110729
1978091000 0 195 1205 1004      10
1978091006 1 198 1198 1002      12
1978091012 1 205 1197 1002      15
1978091018 1 210 1205 1002      15
1978091100 1 220 1212  997      15
1978091106 1 230 1218  997      15
1978091112 1 235 1221  995      15
1978091118 1 242 1225  995      15
1978091200 2 249 1229  992      20
1978091206 2 254 1230  990      20
1978091212 3 259 1237  985      25
1978091218 3 264 1237  980      30
1978091300 3 271 1235  980      30
1978091306 3 278 1236  978      30
1978091312 3 286 1239  978      30
1978091318 3 292 1243  978      30
1978091400 3 300 1247  978      30
1978091406 3 309 1252  975      30
1978091412 3 316 1260  975      30
1978091418 3 324 1273  972      30
1978091500 3 333 1295  980      25
1978091506 3 339 1311  985      25
1978091512 2 344 1330  990      20
1978091518 1 350 1349  998      15
1978091600 1 355 1366 1000      12
66666 0000   18 0025 0000 0 6 (nameless)                         20110729
1978091700 0 175 1235 1006       0
1978091706 0 178 1225 1004      10
1978091712 1 180 1215 1004      12
1978091718 1 183 1185 1000      15
1978091800 1 179 1171 1000      15
1978091806 1 175 1160 1000      15
1978091812 1 170 1148 1000      15
1978091818 1 163 1139  998      15
1978091900 1 160 1130  998      15
1978091906 1 160 1122  998      15
1978091912 1 161 1113  998      15
1978091918 1 162 1102  998      15
1978092000 1 165 1092  998      15
1978092006 1 175 1080 1000      12
1978092012 1 177 1070 1000      12
1978092018 0 175 1060 1002      10
1978092100 0 165 1042 1002      10
1978092106 0 165 1030 1002      10
66666 0000   35 0026 7817 0 6 Kit                                20110729
1978091900 0 135 1350 1008       0
1978091906 0 150 1340 1006      10
1978091912 0 155 1330 1006      10
1978091918 1 148 1318 1004      12
1978092000 1 135 1310 1004      12
1978092006 1 130 1287 1004      12
1978092012 1 128 1280 1004      12
1978092018 1 122 1288 1004      12
1978092100 1 133 1290 1004      12
1978092106 1 138 1280 1002      12
1978092112 1 141 1270 1002      12
1978092118 1 145 1260 1002      12
1978092200 1 148 1250 1000      12
1978092206 1 151 1235  995      15
1978092212 1 153 1223  995      15
1978092218 1 151 1198 1000      15
1978092300 1 152 1175  996      15
1978092306 2 147 1156  995      20
1978092312 2 151 1155  995      20
1978092318 2 154 1147  995      20
1978092400 3 157 1138  992      25
1978092406 3 168 1128  990      25
1978092412 3 170 1120  990      25
1978092418 3 172 1113  988      25
1978092500 3 176 1105  980      30
1978092506 3 180 1099  980      30
1978092512 3 181 1091  985      30
1978092518 3 182 1083  985      30
1978092600 3 180 1076  985      30
1978092606 3 174 1068  988      25
1978092612 2 168 1059  995      20
1978092618 1 173 1048 1000      15
1978092700 1 180 1040 1000      12
1978092706 1 175 1030 1000      12
1978092712 0 170 1025 1000      10
66666 0000   41 0027 7818 0 6 Lola                               20110729
1978092400 1 122 1360 1006      12
1978092406 1 128 1352 1004      12
1978092412 1 123 1337 1004      12
1978092418 1 126 1323 1002      15
1978092500 1 122 1310 1002      15
1978092506 1 122 1299 1000      15
1978092512 1 123 1288 1000      15
1978092518 1 122 1278  998      15
1978092600 2 122 1268  995      20
1978092606 2 123 1257  990      20
1978092612 2 126 1247  990      20
1978092618 2 130 1238  990      20
1978092700 3 135 1224  985      25
1978092706 3 138 1215  985      25
1978092712 3 142 1202  980      30
1978092718 3 147 1190  980      30
1978092800 3 150 1180  980      30
1978092806 3 154 1171  980      30
1978092812 3 159 1164  975      30
1978092818 4 163 1158  970      35
1978092900 4 165 1149  965      35
1978092906 4 168 1143  965      35
1978092912 4 171 1138  965      40
1978092918 4 172 1133  965      40
1978093000 4 174 1130  965      40
1978093006 4 177 1126  965      40
1978093012 4 180 1122  965      40
1978093018 4 182 1118  965      40
1978100100 4 187 1114  970      35
1978100106 4 192 1109  970      35
1978100112 3 194 1107  975      30
1978100118 3 198 1104  975      25
1978100200 3 202 1099  975      25
1978100206 3 208 1094  975      25
1978100212 3 212 1085  980      25
1978100218 2 213 1075  990      20
1978100300 1 213 1066 1000      15
1978100306 1 212 1057 1002      12
1978100312 1 211 1047 1002      12
1978100318 1 209 1040 1002      12
1978100400 1 208 1035 1002      12
66666 0000   23 0028 7819 1 6 Mamie                              20110729
1978093000 1 191 1525 1002      15
1978093006 1 195 1528 1000      15
1978093012 2 202 1531  996      20
1978093018 2 211 1533  992      20
1978100100 2 218 1530  990      20
1978100106 2 224 1521  988      20
1978100112 2 233 1512  986      20
1978100118 3 241 1506  982      25
1978100200 3 249 1501  980      25
1978100206 3 259 1499  980      25
1978100212 3 269 1500  980      25
1978100218 3 280 1503  975      25
1978100300 3 291 1509  970      30
1978100306 4 306 1520  963      35
1978100312 4 325 1532  963      35
1978100318 4 347 1550  965      35
1978100400 3 367 1571  965      30
1978100406 3 386 1600  970      25
1978100412 3 403 1632  970      25
1978100418 2 419 1665  975      20
1978100500 2 430 1705  980      20
1978100506 2 430 1750  980      20
1978100512 2 430 1800  984      20
66666 0000   45 0029 7820 0 6 Nina                               20110729
1978100600 0 140 1380 1002      10
1978100606 1 145 1372 1002      12
1978100612 1 150 1360 1000      15
1978100618 1 155 1350 1000      15
1978100700 1 160 1340 1000      15
1978100706 1 163 1328  998      15
1978100712 1 160 1318  998      15
1978100718 2 153 1302  995      20
1978100800 2 152 1292  992      20
1978100806 2 150 1280  990      20
1978100812 2 148 1270  990      20
1978100818 2 146 1258  985      20
1978100900 3 149 1247  985      25
1978100906 3 151 1238  985      25
1978100912 3 151 1228  980      25
1978100918 3 147 1212  980      25
1978101000 3 143 1205  980      25
1978101006 3 144 1199  980      25
1978101012 3 148 1192  980      25
1978101018 3 150 1187  975      30
1978101100 3 152 1181  975      30
1978101106 3 154 1175  975      30
1978101112 3 154 1174  975      30
1978101118 3 154 1171  980      30
1978101200 3 155 1168  980      30
1978101206 3 155 1164  980      30
1978101212 3 153 1161  980      30
1978101218 3 152 1158  980      30
1978101300 3 150 1155  980      30
1978101306 3 149 1160  980      30
1978101312 3 152 1158  980      30
1978101318 3 155 1156  985      25
1978101400 3 163 1158  985      25
1978101406 3 169 1159  985      25
1978101412 3 173 1155  985      25
1978101418 3 178 1147  985      25
1978101500 3 182 1134  985      25
1978101506 3 187 1125  985      25
1978101512 3 192 1120  985      25
1978101518 3 196 1118  990      25
1978101600 2 200 1119  990      20
1978101606 2 204 1121  990      20
1978101612 2 210 1124  995      20
1978101618 1 213 1130  998      15
1978101700 0 215 1135 1000      10
66666 0000   22 0030 0000 0 6 (nameless)                         20110729
1978100818 0 185 1645 1008      10
1978100900 0 194 1638 1008      10
1978100906 0 202 1633 1008      10
1978100912 1 209 1628 1006      12
1978100918 1 216 1622 1006      12
1978101000 1 220 1618 1006      12
1978101006 1 223 1613 1006      12
1978101012 1 225 1607 1006      12
1978101018 1 225 1600 1006      12
1978101100 1 223 1590 1006      12
1978101106 1 220 1582 1004      12
1978101112 1 220 1570 1004      12
1978101118 1 223 1555 1004      12
1978101200 1 232 1540 1002      15
1978101206 1 240 1520 1002      15
1978101212 1 243 1500 1004      12
1978101218 1 249 1496 1004      12
1978101300 0 255 1495 1006      10
1978101306 0 262 1494 1006      10
1978101312 0 270 1500 1006      10
1978101318 0 280 1510 1008       0
1978101400 0 290 1530 1008       0
66666 0000   27 0031 7821 1 6 Ora                                20110729
1978100918 1 168 1346 1000      15
1978101000 2 173 1338  998      20
1978101006 3 177 1329  997      25
1978101012 3 180 1317  996      25
1978101018 3 187 1304  995      25
1978101100 3 193 1298  995      25
1978101106 3 202 1287  995      25
1978101112 3 210 1273  985      25
1978101118 3 213 1259  980      30
1978101200 4 218 1247  975      35
1978101206 4 223 1236  965      35
1978101212 4 225 1232  960      40
1978101218 4 229 1229  950      40
1978101300 5 233 1226  943      45
1978101306 5 239 1225  950      45
1978101312 4 246 1226  955      40
1978101318 4 253 1231  970      35
1978101400 3 261 1238  988      30
1978101406 3 268 1248  992      25
1978101412 2 273 1260  995      20
1978101418 2 283 1281  998      20
1978101500 2 292 1310  998      20
1978101506 2 300 1335  998      20
1978101512 9 310 1364  998      20
1978101518 9 320 1394  996      20
1978101600 9 332 1423  998      20
1978101606 9 343 1450  998      20
66666 0000   28 0032 0000 0 6 (nameless)                         20110729
1978101012 0  60 1530 1006       0
1978101018 0  65 1515 1006      10
1978101100 0  70 1500 1006      10
1978101106 1  80 1485 1004      12
1978101112 1  89 1475 1004      12
1978101118 1  93 1455 1004      15
1978101200 1 100 1440 1004      15
1978101206 1  90 1446 1004      15
1978101212 1  90 1430 1004      15
1978101218 1  95 1410 1004      12
1978101300 1  99 1395 1004      12
1978101306 1 110 1380 1004      12
1978101312 1 123 1365 1006      12
1978101318 1 122 1352 1006      12
1978101400 1 120 1340 1006      12
1978101406 1 122 1322 1006      12
1978101412 1 125 1305 1006      12
1978101418 1 131 1304 1006      12
1978101500 1 139 1308 1006      12
1978101506 1 147 1312 1006      12
1978101512 0 150 1306 1006      10
1978101518 0 151 1299 1006      10
1978101600 0 150 1293 1006      10
1978101606 0 147 1290 1006       0
1978101612 0 143 1286 1006       0
1978101618 0 136 1280 1006       0
1978101700 0 128 1275 1006       0
1978101706 0 112 1265 1006       0
66666 0000   32 0033 0000 0 6 Phyllis                            20110729
1978101500 0 130 1630 1004       0
1978101506 0 145 1625 1004       0
1978101512 1 155 1615 1000      12
1978101518 1 156 1611 1000      12
1978101600 1 157 1607  996      15
1978101606 2 159 1603  992      20
1978101612 3 161 1598  992      25
1978101618 3 164 1592  985      25
1978101700 3 170 1585  980      30
1978101706 3 176 1578  980      30
1978101712 3 183 1571  970      30
1978101718 4 190 1563  965      35
1978101800 4 197 1556  955      40
1978101806 5 203 1553  953      45
1978101812 5 210 1552  955      45
1978101818 5 216 1553  955      45
1978101900 5 221 1554  955      45
1978101906 5 227 1555  955      45
1978101912 5 232 1556  955      45
1978101918 5 237 1556  955      45
1978102000 5 243 1553  955      45
1978102006 5 248 1548  955      45
1978102012 4 254 1542  955      40
1978102018 4 263 1537  955      40
1978102100 4 272 1530  955      40
1978102106 4 282 1526  955      35
1978102112 4 290 1538  955      35
1978102118 4 296 1558  960      35
1978102200 3 320 1597  965      30
1978102206 3 350 1640  970      25
1978102212 3 384 1684  970      25
1978102218 2 415 1732  980      20
66666 0000   51 0034 7822 0 6 Rita                               20110729
1978101706 1 100 1775 1006      12
1978101712 1 102 1765 1006      12
1978101718 1 103 1754 1002      15
1978101800 1 105 1742 1002      15
1978101806 2 108 1732 1000      20
1978101812 2 109 1720  996      20
1978101818 2 110 1710  996      20
1978101900 3 112 1699  995      25
1978101906 3 113 1687  995      25
1978101912 3 112 1675  995      25
1978101918 3 115 1661  985      30
1978102000 4 117 1644  967      35
1978102006 4 118 1628  960      40
1978102012 4 117 1611  955      40
1978102018 5 115 1595  938      50
1978102100 5 114 1581  935      50
1978102106 5 114 1568  935      50
1978102112 5 112 1556  935      50
1978102118 6 111 1545  930      55
1978102200 6 113 1535  925      55
1978102206 6 114 1523  910      60
1978102212 6 116 1512  910      60
1978102218 6 116 1500  905      65
1978102300 6 117 1484  890      70
1978102306 6 118 1471  884      70
1978102312 6 120 1454  890      70
1978102318 6 120 1436  900      70
1978102400 6 121 1420  900      70
1978102406 6 123 1398  900      70
1978102412 6 124 1375  890      70
1978102418 6 127 1352  886      70
1978102500 6 129 1331  880      75
1978102506 6 130 1310  878      75
1978102512 6 134 1290  885      70
1978102518 6 137 1271  890      70
1978102600 6 140 1257  900      65
1978102606 6 145 1237  920      60
1978102612 6 148 1225  935      60
1978102618 6 155 1212  955      55
1978102700 5 163 1197  970      50
1978102706 5 168 1182  980      45
1978102712 4 170 1172  984      40
1978102718 4 172 1163  990      35
1978102800 4 170 1158  990      35
1978102806 3 167 1152  990      30
1978102812 3 164 1148  990      30
1978102818 3 160 1143  992      25
1978102900 2 153 1137  995      20
1978102906 2 145 1128  995      20
1978102912 1 140 1118  996      15
1978102918 1 135 1100 1000      12
66666 0000   20 0035 7823 0 6 (nameless)                         20110729
1978102918 0 140 1310 1004      10
1978103000 0 135 1300 1004      10
1978103006 1 130 1288 1004      12
1978103012 1 125 1275 1004      12
1978103018 1 124 1255 1004      12
1978103100 1 123 1235 1004      12
1978103106 1 115 1225 1002      12
1978103112 1 118 1205 1002      15
1978103118 1 119 1194 1002      15   20
1978110100 1 116 1180 1002      15   20
1978110106 1 112 1168 1000      15   20
1978110112 1 110 1156 1000      15   20
1978110118 1 111 1146 1000      15   20
1978110200 2 112 1135  995      20
1978110206 3 113 1127  992      25
1978110212 3 117 1117  992      25
1978110218 2 123 1104  995      20
1978110300 1 118 1090 1000      15
1978110306 0 109 1078 1004      10
1978110312 0 120 1084 1006      10
66666 0000   33 0036 7824 1 6 Tess                               20110729
1978103106 0 135 1465 1002      10
1978103112 0 135 1465 1002      10
1978103118 1 137 1458 1000      12
1978110100 1 140 1450 1000      12
1978110106 1 145 1445  998      15
1978110112 1 145 1445  998      15
1978110118 1 150 1444  995      15
1978110200 2 163 1444  995      20
1978110206 2 175 1446  992      20
1978110212 2 181 1448  990      20
1978110218 2 185 1450  990      20
1978110300 2 186 1455  990      20
1978110306 3 189 1459  985      25
1978110312 3 193 1463  980      25
1978110318 3 201 1464  980      25
1978110400 3 212 1465  980      30
1978110406 3 222 1468  975      30
1978110412 3 232 1472  974      30
1978110418 3 242 1476  975      30
1978110500 3 254 1480  975      30
1978110506 3 268 1489  980      30
1978110512 3 278 1498  980      30
1978110518 3 290 1508  977      30
1978110600 3 304 1523  975      30
1978110606 3 323 1544  977      30
1978110612 3 336 1573  980      25
1978110618 3 349 1610  980      25
1978110700 9 367 1646  980      25
1978110706 9 390 1680  980      30
1978110712 9 420 1710  980      30
1978110718 9 440 1750  980      30
1978110800 9 470 1780  976      35
1978110806 9 500 1800  968      35
66666 0000   26 0037 0000 0 6 (nameless)                         20110729
1978111300 0  85 1500 1002      10
1978111306 1  90 1485 1000      12
1978111312 1  95 1465 1000      12
1978111318 1  92 1442 1000      12
1978111400 0  85 1420 1002      10
1978111406 0  73 1400 1002      10
1978111412 0  70 1380 1002      10
1978111418 0  73 1360 1002      10
1978111500 0  80 1330 1002      10
1978111506 0  90 1310 1002      10
1978111512 0 100 1295 1002      10
1978111518 0 114 1300 1002      10
1978111600 0 125 1305 1002      10
1978111606 0 145 1295 1002      10
1978111612 0 150 1280 1002      10
1978111618 0 141 1268 1002      10
1978111700 0 130 1265 1002      10
1978111706 0 140 1273 1002      10
1978111712 1 148 1272 1000      12
1978111718 1 153 1267 1000      12
1978111800 1 155 1260 1000      12
1978111806 1 153 1253 1000      12
1978111812 0 152 1247 1002      10
1978111818 0 151 1239 1002      10
1978111900 0 150 1232 1002      10
1978111906 0 150 1225 1002      10
66666 0000   41 0038 7825 0 6 Viola                              20110729
1978111700 1  73 1507 1000      15
1978111706 1  82 1497  998      15
1978111712 1  88 1485  998      15
1978111718 1  91 1471  996      15
1978111800 2  93 1455  995      20
1978111806 2 101 1443  995      20
1978111812 3 109 1431  990      25
1978111818 3 115 1418  986      25
1978111900 3 117 1403  984      25
1978111906 3 122 1391  981      25
1978111912 3 130 1381  978      30
1978111918 3 136 1372  970      30
1978112000 4 141 1364  966      35
1978112006 4 146 1356  960      35
1978112012 4 151 1347  950      40
1978112018 5 155 1340  935      45
1978112100 6 159 1332  920      55
1978112106 6 163 1324  910      60
1978112112 6 168 1316  910      60
1978112118 6 176 1308  915      60
1978112200 6 183 1300  920      55
1978112206 6 192 1292  925      55
1978112212 5 201 1286  930      50
1978112218 5 210 1285  940      50
1978112300 5 217 1290  945      50
1978112306 5 225 1297  950      50
1978112312 5 235 1310  955      45
1978112318 4 248 1325  965      40
1978112400 3 252 1340  980      30
1978112406 3 250 1352  990      25
1978112412 2 244 1360  994      20
1978112418 1 240 1363 1000      15
1978112500 1 237 1365 1000      15
1978112506 1 234 1367 1000      15
1978112512 1 231 1369 1002      15
1978112518 1 229 1370 1004      12
1978112600 1 228 1368 1004      12
1978112606 1 225 1365 1006      12
1978112612 1 222 1366 1006      12
1978112618 0 219 1368 1006      10
1978112700 0 216 1370 1006      10
66666 0000   15 0039 7826 0 6 Winnie                             20110729
1978112706 1 116 1495  996      15
1978112712 1 127 1489  996      15
1978112718 1 137 1483  996      15
1978112800 2 149 1476  990      20
1978112806 2 158 1475  990      20
1978112812 2 178 1468  985      20
1978112818 3 196 1463  980      25
1978112900 3 210 1463  975      30
1978112906 3 224 1468  975      30
1978112912 3 240 1483  976      25
1978112918 3 265 1515  978      25
1978113000 3 282 1553  980      25
1978113006 3 298 1597  985      25
1978113012 2 312 1656  990      20
1978113018 1 315 1710  996      15
66666 0000   21 0040 0000 0 6 (nameless)                         20110729
1978121300 0 100 1265 1006      10
1978121306 0 105 1255 1006      10
1978121312 0 107 1249 1006      10
1978121318 0 108 1240 1005      10
1978121400 1 107 1232 1004      12
1978121406 1 105 1225 1004      12
1978121412 1 102 1220 1004      12
1978121418 1 101 1210 1004      12
1978121500 1 105 1198 1004      12
1978121506 1 107 1190 1004      12
1978121512 1 110 1180 1004      12   15
1978121518 1 112 1173 1004      12   15
1978121600 1 114 1170 1004      12   15
1978121606 1 118 1167 1004      12   15
1978121612 0 119 1162 1006      10   15
1978121618 0 117 1158 1006      10   12
1978121700 0 114 1152 1006      10   12
1978121706 0 111 1147 1006      10
1978121712 0 113 1142 1006      10
1978121718 0 114 1136 1006      10
1978121800 0 115 1131 1006      10   12