66666 0000   45 0001 0000 0 6 Ophelia                            20110729
1958010700 1  42 1709 1000      15
1958010706 2  48 1702  995      20
1958010712 3  53 1693  990      25
1958010718 4  57 1683  980      35
1958010800 6  62 1671  960      55
1958010806 6  66 1659  940      75
1958010812 6  70 1648  944      75
1958010818 6  73 1637  950      70
1958010900 6  74 1626  955      65
1958010906 6  76 1615  960      60
1958010912 6  74 1601  962      60
1958010918 6  74 1587  962      60
1958011000 6  73 1574  963      60
1958011006 6  76 1562  969      55
1958011012 6  78 1547  972      55
1958011018 5  79 1533  975      50
1958011100 5  79 1520  982      45
1958011106 5  79 1510  982      45
1958011112 5  79 1498  982      45
1958011118 4  80 1483  984      40
1958011200 5  81 1469  980      45
1958011206 5  82 1456  973      50
1958011212 5  83 1442  967      50
1958011218 6  86 1428  960      55
1958011300 6  90 1417  955      60
1958011306 6  93 1404  953      60
1958011312 6  96 1392  948      65
1958011318 6 100 1380  941      75
1958011400 6 103 1372  940      75
1958011406 6 108 1365  939      75
1958011412 6 111 1360  944      70
1958011418 6 115 1355  950      65
1958011500 6 119 1352  955      60
1958011506 6 123 1351  960      55
1958011512 5 125 1350  968      50
1958011518 4 127 1349  976      40
1958011600 4 128 1350  984      35
1958011606 3 129 1353  993      30
1958011612 3 124 1343  995      25
1958011618 3 133 1329  995      25
1958011700 2 145 1327 1000      20
1958011706 2 152 1331 1002      20
1958011712 1 160 1336 1008      15
1958011718 0 168 1342 1010       0
1958011800 0 175 1350 1010       0
66666 0000    6 0002 0000 0 6 (nameless)                         20110729
1958042900 0 125 1280 1006      10
1958042906 3 130 1270  995      25
1958042912 2 134 1260 1000      20
1958042918 1 129 1250 1004      15
1958043000 1 124 1239 1006      15
1958043006 1 115 1220 1006      12
66666 0000   52 0003 0000 3 6 Phyllis                            20110729
1958052300 1  60 1575 1005      12
1958052306 1  60 1571 1002      15
1958052312 1  61 1566 1000      15
1958052318 1  61 1560  998      15
1958052400 1  62 1554  998      15
1958052406 2  62 1548  996      20
1958052412 3  63 1540  990      30
1958052418 4  64 1532  985      35
1958052500 4  64 1524  980      40
1958052506 5  65 1517  975      45
1958052512 5  66 1510  969      50
1958052518 6  67 1503  963      55
1958052600 6  68 1496  951      65
1958052606 6  69 1489  956      60
1958052612 6  72 1479  958      60
1958052618 6  74 1469  960      60
1958052700 6  77 1460  960      60
1958052706 6  82 1453  960      60
1958052712 6  89 1447  954      65
1958052718 6  96 1441  948      70
1958052800 6 103 1435  943      75
1958052806 6 110 1430  939      80
1958052812 6 119 1422  939      80
1958052818 6 129 1416  939      80
1958052900 6 136 1413  938      80
1958052906 6 141 1409  964      65
1958052912 6 146 1407  967      60
1958052918 6 150 1409  970      55
1958053000 6 152 1412  970      55
1958053006 6 159 1417  970      55
1958053012 5 166 1423  974      50
1958053018 5 174 1429  978      50
1958053100 5 189 1439  973      50
1958053106 5 208 1445  972      50
1958053112 5 230 1445  975      50
1958053118 5 253 1442  978      45
1958060100 4 273 1438  981      35
1958060106 4 284 1434  978      35
1958060112 4 294 1434  976      35
1958060118 4 298 1443  976      35
1958060200 4 299 1456  980      35
1958060206 3 301 1470  990      30
1958060212 3 305 1489  995      25
1958060218 2 312 1504 1000      20
1958060300 1 321 1513 1002      15
1958060306 9 335 1516 1004      15
1958060312 9 349 1515 1006       0
1958060318 9 365 1513 1006       0
1958060400 9 379 1506 1008       0
1958060406 9 397 1499 1000       0
1958060412 9 420 1500 1002       0
1958060418 9 440 1502 1004       0
66666 0000   38 0004 0000 1 6 (nameless)                         20110729
1958052718 1 150 1165 1000      12
1958052800 1 158 1160 1000      15
1958052806 1 163 1155 1000      15
1958052812 1 165 1145 1000      15
1958052818 1 170 1135 1000      15
1958052900 1 174 1134  995      15
1958052906 1 177 1133  995      15
1958052912 1 180 1132  995      15
1958052918 1 184 1132  995      15
1958053000 1 189 1132  995      15
1958053006 2 195 1132  995      20
1958053012 2 200 1131  995      20
1958053018 2 204 1131  990      20
1958053100 3 208 1129  985      25
1958053106 3 211 1128  985      25
1958053112 2 214 1126  990      20
1958053118 2 216 1122  990      20
1958060100 2 216 1118  990      20
1958060106 2 215 1115  990      20
1958060112 2 212 1112  990      20
1958060118 2 208 1109  990      20
1958060200 2 203 1106  990      20
1958060206 2 197 1106  990      20
1958060212 2 193 1107  990      20
1958060218 2 190 1104  990      20
1958060300 2 188 1101  990      20
1958060306 3 186 1096  990      25
1958060312 2 185 1091  990      20
1958060318 2 185 1086  990      20
1958060400 2 186 1083  990      20
1958060406 1 187 1081  990      15
1958060412 1 188 1078  995      15
1958060418 1 188 1075  995      12
1958060500 0 189 1070  995      10
1958060506 0 189 1065  996      10
1958060512 0 190 1059  998       0
1958060518 0 190 1055  998       0
1958060600 0 190 1050  998       0
66666 0000   24 0005 0000 2 6 Rita                               20110729
1958060700 0  82 1510 1008       0
1958060706 0  84 1502 1006       0
1958060712 0  88 1490 1006       0
1958060718 0  93 1478 1006       0
1958060800 1  98 1467 1006      15
1958060806 1 107 1451 1006      15
1958060812 1 112 1438 1005      15
1958060818 2 117 1423 1002      20
1958060900 3 123 1409 1000      25
1958060906 3 133 1400  997      30
1958060912 3 139 1394  994      30
1958060918 3 148 1385  994      30
1958061000 3 154 1376  994      30
1958061006 3 159 1367  994      30
1958061012 4 166 1360  990      35
1958061018 4 175 1354  985      40
1958061100 4 184 1344  991      35
1958061106 4 196 1334  992      35
1958061112 3 205 1333  994      30
1958061118 3 217 1335  995      30
1958061200 3 232 1344  997      25
1958061206 3 248 1352  997      25
1958061212 2 257 1370  998      20
1958061218 9 270 1378 1002      15
66666 0000   24 0006 0000 0 6 (nameless)                         20110729
1958060800 0 200 1270 1003       0
1958060806 0 210 1274 1002       0
1958060812 1 215 1278 1002      15
1958060818 1 221 1283  998      15
1958060900 1 226 1290 1000      15
1958060906 1 219 1289 1000      15
1958060912 1 212 1285 1000      15
1958060918 1 207 1279 1000      15
1958061000 1 208 1270 1000      15
1958061006 1 212 1262 1000      15
1958061012 1 220 1255 1000      15
1958061018 1 231 1250 1000      15
1958061100 2 243 1255  998      20
1958061106 2 256 1266  998      20
1958061112 2 273 1283 1000      20
1958061118 9 290 1300 1000      15
1958061200 9 300 1326 1002       0
1958061206 9 303 1340 1002       0
1958061212 9 304 1351 1002       0
1958061218 9 305 1365 1000       0
1958061300 9 305 1380 1000       0
1958061306 9 310 1391 1002       0
1958061312 9 314 1396 1002       0
1958061318 9 318 1400 1004       0
66666 0000   24 0007 0000 1 6 Susan                              20110729
1958061300 0 121 1465 1005       0
1958061306 1 128 1456 1005      15
1958061312 2 139 1444 1002      20
1958061318 3 150 1433  998      25
1958061400 3 160 1433  996      25
1958061406 3 171 1426  992      30
1958061412 3 180 1422  993      30
1958061418 3 190 1420  994      30
1958061500 4 199 1418  990      35
1958061506 5 207 1420  984      45
1958061512 4 217 1421  988      40
1958061518 4 229 1422  992      35
1958061600 4 240 1425  993      35
1958061606 4 258 1433  993      35
1958061612 3 276 1446  995      30
1958061618 3 293 1463  998      25
1958061700 2 308 1484 1002      20
1958061706 1 325 1504 1002      15
1958061712 0 350 1530 1002       0
1958061718 0 370 1570 1002       0
1958061800 9 380 1602 1002       0
1958061806 9 394 1660 1002       0
1958061812 9 400 1720 1004       0
1958061818 9 410 1760 1004       0
66666 0000   31 0008 0000 0 6 Tess                               20110729
1958062800 1  42 1584 1007      15
1958062806 1  42 1578 1008      15
1958062812 1  39 1568 1008      15
1958062818 1  47 1559 1008      15
1958062900 1  68 1562 1008      15
1958062906 1  80 1553 1008      15
1958062912 1  89 1542 1006      15
1958062918 1  98 1534 1006      15
1958063000 1 107 1524 1006      15
1958063006 1 114 1517 1006      15
1958063012 1 123 1507 1004      15
1958063018 1 131 1498 1004      15
1958070100 1 140 1486 1004      15
1958070106 2 146 1474 1002      20
1958070112 2 150 1460 1002      20
1958070118 3 152 1447 1000      25
1958070200 3 153 1432  998      25
1958070206 3 159 1421  995      30
1958070212 4 163 1406  993      35
1958070218 4 168 1388  993      35
1958070300 4 179 1373  995      35
1958070306 4 187 1360  995      35
1958070312 3 192 1348 1000      25
1958070318 3 199 1337 1000      25
1958070400 3 206 1322 1000      25
1958070406 2 210 1302 1002      20
1958070412 1 211 1290 1005      15
1958070418 0 213 1279 1005       0
1958070500 0 217 1268 1006       0
1958070506 0 226 1261 1006       0
1958070512 0 243 1263 1006       0
66666 0000   39 0009 0000 0 6 Viola                              20110729
1958070718 0 107 1487 1006       0
1958070800 1 108 1476 1000      15
1958070806 2 111 1465  998      20
1958070812 3 117 1458  995      25
1958070818 3 121 1451  995      25
1958070900 3 126 1444  995      25
1958070906 3 129 1441  994      25
1958070912 3 136 1434  992      30
1958070918 3 143 1425  990      30
1958071000 4 151 1417  986      35
1958071006 4 164 1412  983      40
1958071012 5 177 1406  977      45
1958071018 5 189 1399  972      50
1958071100 6 202 1396  967      55
1958071106 6 220 1396  964      60
1958071112 6 235 1397  968      55
1958071118 5 249 1400  974      50
1958071200 5 261 1405  972      50
1958071206 5 273 1415  975      45
1958071212 5 282 1430  976      45
1958071218 5 288 1445  975      45
1958071300 5 294 1460  967      45
1958071306 4 303 1476  980      35
1958071312 4 316 1491  980      35
1958071318 3 330 1500  990      30
1958071400 9 340 1505  995      25
1958071406 9 348 1510  995      25
1958071412 9 354 1515  998      20
1958071418 9 359 1521  998      20
1958071500 9 366 1535  998      20
1958071506 9 373 1553 1002      15
1958071512 9 385 1580 1006       0
1958071518 9 398 1620 1006       0
1958071600 9 410 1660 1006       0
1958071606 9 450 1740 1004       0
1958071612 9 450 1750 1004       0
1958071618 9 467 1770 1002       0
1958071700 9 490 1770 1002       0
1958071706 9 490 1770 1002       0
66666 0000   29 0010 0000 0 6 Winnie                             20110729
1958071100 1 160 1350 1004      15
1958071106 2 164 1344 1000      20
1958071112 3 168 1337  998      25
1958071118 3 172 1330  990      30
1958071200 5 176 1323  960      50
1958071206 6 181 1317  951      55
1958071212 6 188 1310  942      60
1958071218 6 195 1306  934      65
1958071300 6 195 1300  925      75
1958071306 6 196 1292  927      75
1958071312 6 199 1282  933      70
1958071318 6 204 1276  938      65
1958071400 6 206 1270  940      65
1958071406 6 209 1261  940      65
1958071412 6 213 1253  940      65
1958071418 6 217 1244  942      65
1958071500 6 220 1235  942      65
1958071506 6 227 1227  942      65
1958071512 6 238 1213  950      60
1958071518 5 242 1198  960      50
1958071600 4 243 1190  975      35
1958071606 3 248 1176  985      25
1958071612 0 252 1165  989       9   20
1958071618 0 254 1154  990       9   20
1958071700 0 258 1147  992       9   20
1958071706 0 265 1139  993       9   15
1958071712 0 275 1135  994       9   15
1958071718 0 287 1129  997       9
1958071800 0 292 1120  998       9
66666 0000   13 0011 0000 0 6 Betty                              20110729
1958071300 0 200 1160 1000       0
1958071306 0 197 1164 1000       0
1958071312 0 195 1169  999       0
1958071318 1 191 1173  998      12
1958071400 1 188 1176  998      15
1958071406 1 184 1180  997      15
1958071412 1 181 1182  997      15
1958071418 2 177 1183  996      20
1958071500 3 172 1184  990      25
1958071506 3 167 1190  982      30
1958071512 2 173 1197  995      20
1958071518 1 183 1202  996      15
1958071600 1 190 1207  998      15
66666 0000   47 0012 0000 3 6 Alice                              20110729
1958071306 0  48 1459 1004       0
1958071312 0  60 1453 1004       0
1958071318 1  74 1444 1004      15
1958071400 1  88 1435 1002      15
1958071406 1  99 1428 1002      15
1958071412 1 110 1420 1000      15
1958071418 2 120 1411  997      20
1958071500 2 130 1402  996      20
1958071506 3 135 1395  995      25
1958071512 3 139 1389  995      25
1958071518 3 144 1380  995      25
1958071600 3 146 1372  995      25
1958071606 3 145 1363  995      25
1958071612 3 146 1354  992      25
1958071618 3 149 1352  987      30
1958071700 4 154 1350  980      35
1958071706 4 159 1340  976      40
1958071712 5 166 1335  963      50
1958071718 6 173 1332  951      60
1958071800 6 181 1328  939      70
1958071806 6 187 1321  938      70
1958071812 6 194 1318  938      70
1958071818 6 202 1318  938      70
1958071900 6 211 1313  928      75
1958071906 6 220 1314  922      75
1958071912 6 228 1318  927      75
1958071918 6 236 1310  934      70
1958072000 6 246 1313  939      70
1958072006 6 253 1314  945      65
1958072012 6 260 1317  950      60
1958072018 6 268 1325  952      60
1958072100 6 275 1331  956      55
1958072106 5 281 1337  962      50
1958072112 5 286 1346  969      45
1958072118 5 292 1354  970      45
1958072200 4 303 1357  973      40
1958072206 4 316 1361  976      35
1958072212 3 323 1365  980      30
1958072218 3 340 1375  980      30
1958072300 3 353 1391  980      30
1958072306 2 384 1406  988      20
1958072312 9 420 1420  990      20
1958072318 9 449 1469  990       0
1958072400 9 482 1502  988       0
1958072406 9 500 1540  986       0
1958072412 9 510 1572  980       0
1958072418 9 518 1620  980       0
66666 0000   17 0013 0000 0 6 (nameless)                         20110729
1958072000 0 190 1130  997      10
1958072006 0 195 1132  997      10
1958072012 0 198 1134  997      10
1958072018 1 200 1138  997      12   15
1958072100 1 203 1145  997      15
1958072106 1 207 1153  995      15
1958072112 2 215 1160  992      20
1958072118 2 225 1166  990      20
1958072200 2 233 1173  990      20
1958072206 2 236 1177  992      20
1958072212 2 238 1182  992      20
1958072218 3 239 1187  990      25
1958072300 3 242 1190  990      25
1958072306 3 245 1192  990      25
1958072312 2 245 1187  992      20
1958072318 1 244 1180  994      15
1958072400 0 240 1172  998      10
66666 0000   34 0014 0000 0 6 Doris                              20110729
1958072200 1  90 1600 1008      15
1958072206 2 102 1590 1000      20
1958072212 2 108 1578 1000      20
1958072218 3 115 1566  995      25
1958072300 3 124 1554  990      30
1958072306 4 131 1543  986      35
1958072312 4 136 1531  984      35
1958072318 4 142 1518  980      40
1958072400 5 149 1508  975      45
1958072406 6 158 1496  955      65
1958072412 6 167 1483  950      70
1958072418 6 175 1470  939      75
1958072500 6 183 1456  937      80
1958072506 6 195 1436  937      80
1958072512 6 210 1423  937      80
1958072518 6 223 1411  939      80
1958072600 6 232 1398  940      80
1958072606 6 244 1386  932      80
1958072612 6 250 1379  936      80
1958072618 6 256 1371  941      75
1958072700 6 261 1364  948      70
1958072706 6 265 1360  958      60
1958072712 6 268 1355  964      55
1958072718 5 273 1350  975      45
1958072800 4 281 1348  982      35
1958072806 3 288 1350  992      25
1958072812 2 293 1354  998      20
1958072818 2 296 1360  998      20
1958072900 2 299 1364  998      20
1958072906 2 303 1372  998      20
1958072912 2 309 1380  998      20
1958072918 2 315 1388  998      20
1958073000 1 319 1394 1002      15
1958073006 0 325 1405 1002       0
66666 0000   32 0015 0000 1 6 (nameless)                         20110729
1958080312 0 145 1184 1006       0
1958080318 0 156 1185 1006       0
1958080400 0 164 1185 1006       0
1958080406 0 173 1185 1006       0
1958080412 0 184 1184 1005       0
1958080418 0 191 1180 1005       0
1958080500 0 197 1175 1003      10
1958080506 1 200 1170 1000      15
1958080512 1 201 1166 1000      15
1958080518 2 202 1161  998      20
1958080600 2 202 1155  998      20
1958080606 2 202 1151  996      20
1958080612 3 203 1146  994      25
1958080618 3 204 1142  994      25
1958080700 3 205 1138  994      25
1958080706 3 206 1135  992      30
1958080712 3 208 1132  992      30
1958080718 4 210 1130  990      35
1958080800 4 212 1127  985      40
1958080806 4 215 1124  990      35
1958080812 3 216 1121  990      30
1958080818 3 217 1116  995      25
1958080900 3 218 1113  998      25
1958080906 2 217 1111  998      20
1958080912 1 215 1107  998      15
1958080918 1 211 1097  998      15
1958081000 2 211 1087  998      20
1958081006 2 211 1082  998      20
1958081012 3 212 1074  998      25
1958081018 3 213 1070  998      25
1958081100 2 215 1065 1000      20
1958081106 0 221 1055 1003       9
66666 0000   23 0016 0000 2 6 Elsie                              20110729
1958080412 0 225 1522 1006       0
1958080418 1 232 1524 1004      15
1958080500 2 236 1526 1002      20
1958080506 3 240 1531  993      30
1958080512 3 244 1538  993      30
1958080518 3 248 1545  992      30
1958080600 4 254 1552  990      35
1958080606 4 260 1559  983      40
1958080612 5 269 1569  980      45
1958080618 5 278 1575  976      50
1958080700 5 292 1583  975      50
1958080706 6 306 1596  970      55
1958080712 6 324 1608  969      55
1958080718 6 344 1616  968      60
1958080800 6 364 1623  968      60
1958080806 6 389 1629  968      60
1958080812 5 415 1634  975      45
1958080818 4 446 1642  980      35
1958080900 9 460 1660  980       0
1958080906 9 480 1660  985       0
1958080912 9 500 1670  990       0
1958080918 9 515 1685  990       0
1958081000 9 539 1692  992       0
66666 0000   22 0017 0000 0 6 (nameless)                         20110729
1958080506 0 281 1422 1006       0
1958080512 0 275 1415 1006       0
1958080518 0 278 1408 1006       0
1958080600 0 285 1412 1006       0
1958080606 0 284 1422 1004       0
1958080612 0 283 1432 1004       0
1958080618 0 284 1442 1004       0
1958080700 0 285 1451 1004       0
1958080706 0 288 1463 1004       0
1958080712 1 293 1476 1002      12
1958080718 1 300 1489 1002      12
1958080800 0 309 1501 1004       0
1958080806 0 318 1513 1004       0
1958080812 0 330 1525 1006       0
1958080818 0 345 1540 1006       0
1958080900 0 360 1560 1008       0
1958080906 0 373 1575 1008       0
1958080912 0 385 1595 1010       0
1958080918 0 393 1616 1010       0
1958081000 0 398 1635 1010       0
1958081006 0 404 1658 1010       0
1958081012 0 410 1675 1012       0
66666 0000   34 0018 0000 0 6 Flossie                            20110729
1958081912 0 122 1389 1006       0
1958081918 0 133 1390 1006       0
1958082000 0 144 1389 1006       0
1958082006 1 154 1385 1004      15
1958082012 2 164 1380 1002      20
1958082018 2 174 1372 1002      20
1958082100 3 184 1365 1000      25
1958082106 3 193 1356 1000      25
1958082112 3 200 1348  997      25
1958082118 3 210 1341  993      30
1958082200 4 222 1335  990      35
1958082206 4 235 1332  987      35
1958082212 4 243 1331  983      40
1958082218 5 250 1331  979      45
1958082300 5 258 1333  975      45
1958082306 5 266 1332  969      50
1958082312 5 274 1330  968      50
1958082318 5 281 1330  968      50
1958082400 5 290 1332  970      50
1958082406 5 299 1334  970      50
1958082412 5 308 1336  970      45
1958082418 5 316 1338  967      45
1958082500 5 326 1343  967      45
1958082506 4 334 1352  973      35
1958082512 3 344 1357  979      30
1958082518 2 362 1366  996      20
1958082600 1 371 1388 1000      15
1958082606 9 381 1403 1000      15
1958082612 9 388 1421 1004       0
1958082618 9 385 1453 1004       0
1958082700 9 380 1480 1004       0
1958082706 9 370 1495 1006       0
1958082712 9 369 1520 1006       0
1958082718 9 370 1560 1008       0
66666 0000   25 0019 0000 1 6 (nameless)                         20110729
1958082218 0 145 1140 1005       0
1958082300 0 146 1146 1002       0
1958082306 0 150 1150 1002       0
1958082312 0 154 1153 1002       0
1958082318 1 158 1156 1000      12
1958082400 1 162 1158 1000      12
1958082406 1 167 1160 1000      15
1958082412 1 174 1163 1000      15
1958082418 1 180 1164  998      15
1958082500 1 185 1164  998      15
1958082506 1 189 1163  998      15
1958082512 1 192 1160  998      15
1958082518 1 194 1158  998      15
1958082600 1 196 1154  995      15
1958082606 1 196 1150  995      15
1958082612 1 196 1145  995      15
1958082618 1 195 1139  995      15
1958082700 1 194 1130  994      15
1958082706 1 193 1119  994      15
1958082712 1 191 1108  994      15
1958082718 0 189 1098  994      10   12
1958082800 1 188 1087  997      12
1958082806 1 187 1070  997      12
1958082812 1 185 1055  997      12
1958082818 0 185 1045  998       0
66666 0000   21 0020 0000 0 6 (nameless)                         20110729
1958082600 0 170 1290 1005       0
1958082606 0 165 1280 1004       0
1958082612 0 166 1272 1003       0
1958082618 0 167 1265 1003       0
1958082700 0 172 1256 1003       0
1958082706 0 175 1265 1002       0
1958082712 1 170 1270 1000      15
1958082718 1 165 1260 1000      15
1958082800 1 175 1250 1000      15
1958082806 2 190 1260 1000      20
1958082812 3 203 1253  996      25
1958082818 3 214 1236  988      25
1958082900 3 229 1225  982      30
1958082906 3 241 1218  982      30
1958082912 3 243 1203  986      25
1958082918 3 249 1194  986      25
1958083000 2 251 1188  990      20
1958083006 1 252 1182  996      15
1958083012 0 254 1177  998       9
1958083018 0 259 1173 1000       9
1958083100 0 265 1172 1002       9
66666 0000   26 0021 0000 0 6 (nameless)                         20110729
1958082800 0 150 1110 1002       0
1958082806 0 150 1113 1000       0
1958082812 0 150 1117 1000       0
1958082818 0 151 1122 1000      10
1958082900 0 153 1127 1000      10
1958082906 0 156 1135 1000      10
1958082912 1 161 1141  999      12
1958082918 1 164 1146  999      12
1958083000 1 166 1151  999      12
1958083006 1 168 1158  999      15
1958083012 1 171 1166  999      15
1958083018 1 174 1174  999      15
1958083100 1 180 1180  999      15
1958083106 1 197 1179  998      15
1958083112 1 208 1172  998      15
1958083118 1 215 1165  996      15
1958090100 1 217 1160  994      15
1958090106 2 218 1153  994      20
1958090112 2 220 1146  994      20
1958090118 1 222 1139  994      15
1958090200 1 223 1131  997      15
1958090206 0 224 1120 1000       9
1958090212 0 225 1109 1000       9
1958090218 0 225 1098 1000       9
1958090300 0 225 1089 1000       9
1958090306 0 228 1079 1004       9
66666 0000   51 0022 0000 0 6 Grace                              20110729
1958082800 1  90 1470 1006      15
1958082806 1  95 1466 1004      15
1958082812 1 100 1462 1004      15
1958082818 2 104 1456 1002      20
1958082900 2 108 1447 1002      20
1958082906 3 109 1438  999      25
1958082912 3 111 1428  995      30
1958082918 4 114 1418  990      35
1958083000 4 118 1408  986      40
1958083006 5 122 1398  980      45
1958083012 5 127 1385  976      50
1958083018 6 133 1373  971      55
1958083100 6 142 1364  967      60
1958083106 6 150 1352  958      65
1958083112 6 153 1339  937      75
1958083118 6 159 1326  916      85
1958090100 6 165 1314  901     100
1958090106 6 172 1302  907      95
1958090112 6 177 1291  916      85
1958090118 6 185 1281  918      85
1958090200 6 196 1274  916      85
1958090206 6 205 1267  907      95
1958090212 6 212 1257  913      90
1958090218 6 222 1248  919      85
1958090300 6 231 1242  920      80
1958090306 6 241 1236  920      80
1958090312 6 251 1226  935      70
1958090318 6 258 1219  950      60
1958090400 5 267 1209  965      50
1958090406 5 272 1202  975      45
1958090412 4 278 1197  984      35
1958090418 0 286 1197  990       9   25
1958090500 0 294 1202  995       9   25
1958090506 0 304 1209  995       9   20
1958090512 2 313 1221  998      20
1958090518 9 327 1240  999      20
1958090600 9 340 1264 1000      20
1958090606 9 356 1291 1001      15
1958090612 9 369 1319 1003       0
1958090618 9 390 1357 1003       0
1958090700 9 400 1401 1003       0
1958090706 9 391 1439 1005       0
1958090712 9 390 1478 1005       0
1958090718 9 390 1509 1005       0
1958090800 9 390 1530 1006       0
1958090806 9 389 1550 1006       0
1958090812 9 388 1574 1006       0
1958090818 9 387 1604 1006       0
1958090900 9 388 1638 1006       0
1958090906 9 389 1669 1006       0
1958090912 9 390 1690 1008       0
66666 0000   45 0023 0000 0 6 (nameless)                         20110729
1958090212 0  92 1460 1006       0
1958090218 0  92 1450 1004       0
1958090300 0  92 1436 1004       0
1958090306 0  92 1424 1004       0
1958090312 0  92 1413 1004       0
1958090318 0  92 1404 1004       0
1958090400 0  92 1396 1004       0
1958090406 0  92 1388 1004       0
1958090412 0  96 1378 1004       0
1958090418 0 103 1370 1004       0
1958090500 0 110 1362 1004       0
1958090506 0 119 1348 1004       0
1958090512 0 125 1330 1004       0
1958090518 0 132 1310 1004       0
1958090600 0 137 1295 1004      10
1958090606 0 141 1284 1002      10
1958090612 0 146 1272 1000      10
1958090618 0 151 1261 1000      10
1958090700 0 156 1254 1000      10
1958090706 1 162 1243  998      15
1958090712 1 163 1232  998      15
1958090718 1 165 1220  998      15
1958090800 1 168 1202  998      15
1958090806 1 173 1187  998      15
1958090812 2 178 1170  996      20
1958090818 2 180 1153  994      20
1958090900 3 167 1140  990      25
1958090906 3 160 1125  990      25
1958090912 3 160 1115  988      25
1958090918 3 162 1110  984      25
1958091000 3 166 1108  980      30
1958091006 3 169 1108  980      30
1958091012 3 172 1108  975      30
1958091018 3 176 1108  975      30
1958091100 3 179 1108  975      30
1958091106 3 185 1108  975      25
1958091112 3 190 1105  975      25
1958091118 3 196 1097  977      25
1958091200 3 201 1094  980      25
1958091206 3 207 1090  985      25
1958091212 2 214 1085  987      20
1958091218 1 221 1076  996      15
1958091300 0 226 1070  998       9
1958091306 0 233 1061 1000       9
1958091312 0 241 1034 1000       9
66666 0000   12 0024 0000 1 6 (nameless)                         20110729
1958090506 1 190 1168 1000      12
1958090512 1 187 1165 1000      12
1958090518 1 185 1160 1000      12
1958090600 1 184 1155 1000      12
1958090606 1 183 1149  998      15
1958090612 1 183 1140  995      15
1958090618 1 181 1120  995      12
1958090700 1 175 1100  995      12
1958090706 1 177 1085  995      12
1958090712 1 181 1073  995      12
1958090718 0 175 1060  998       0
1958090800 0 165 1040 1000       0
66666 0000   45 0025 0000 1 6 Helen                              20110729
1958090800 0 100 1420 1006       0
1958090806 0 107 1418 1002       0
1958090812 1 117 1412 1002      15
1958090818 1 125 1405 1002      15
1958090900 2 135 1395  999      20
1958090906 2 142 1385  999      20
1958090912 3 148 1375  995      25
1958090918 3 153 1365  991      30
1958091000 3 157 1355  991      30
1958091006 4 162 1346  987      35
1958091012 4 163 1336  987      35
1958091018 4 164 1327  987      35
1958091100 4 171 1321  987      35
1958091106 4 176 1324  982      40
1958091112 5 183 1325  974      45
1958091118 5 189 1319  969      45
1958091200 5 193 1309  963      50
1958091206 6 197 1302  954      55
1958091212 6 201 1295  946      65
1958091218 6 207 1289  935      75
1958091300 6 213 1288  925      85
1958091306 6 216 1288  925      85
1958091312 6 221 1288  932      75
1958091318 6 227 1287  934      75
1958091400 6 234 1287  935      75
1958091406 6 239 1290  935      75
1958091412 6 244 1292  936      75
1958091418 6 250 1296  939      70
1958091500 6 255 1301  942      65
1958091506 6 260 1306  940      65
1958091512 6 266 1311  941      65
1958091518 6 272 1315  945      60
1958091600 6 275 1322  950      55
1958091606 6 278 1329  953      55
1958091612 6 282 1332  953      55
1958091618 6 288 1336  952      55
1958091700 6 297 1340  950      55
1958091706 5 308 1346  952      50
1958091712 5 317 1355  955      50
1958091718 5 335 1377  955      50
1958091800 5 355 1402  960      45
1958091806 5 383 1425  960      45
1958091812 9 421 1450  975      35
1958091818 9 459 1471  975      35
1958091900 9 500 1485  976      35
66666 0000    8 0026 0000 1 6 June                               20110729
1958092000 1 209 1761 1002      15
1958092006 2 231 1779  998      20
1958092012 3 259 1790  995      25
1958092018 3 280 1780  990      30
1958092100 4 300 1760  985      35
1958092106 4 330 1755  985      35
1958092112 3 358 1760  990      25
1958092118 2 380 1780  995      20
66666 0000   36 0027 0000 2 6 Ida                                20110729
1958092006 0 134 1475 1006       0
1958092012 1 131 1465 1004      15
1958092018 2 130 1447 1000      20
1958092100 4 134 1436  988      35
1958092106 4 131 1421  988      35
1958092112 4 129 1410  988      35
1958092118 4 129 1400  988      35
1958092200 4 127 1392  988      35
1958092206 4 127 1384  986      35
1958092212 4 129 1379  980      40
1958092218 5 134 1375  973      45
1958092300 6 140 1371  962      55
1958092306 6 149 1366  940      65
1958092312 6 161 1362  915      80
1958092318 6 170 1358  890     100
1958092400 6 180 1355  878     110
1958092406 6 190 1353  878     110
1958092412 6 205 1349  880     110
1958092418 6 220 1348  883     105
1958092500 6 233 1348  885     105
1958092506 6 244 1349  895     100
1958092512 6 258 1350  912      95
1958092518 6 275 1353  923      85
1958092600 6 303 1362  935      75
1958092606 6 327 1377  945      65
1958092612 5 347 1390  960      50
1958092618 4 367 1405  976      40
1958092700 4 386 1420  980      35
1958092706 3 400 1422  990      25
1958092712 9 410 1422  990      25
1958092718 9 420 1423  992      20
1958092800 9 430 1438  992      15
1958092806 9 432 1457  992      15
1958092812 9 432 1480  996      15
1958092818 9 435 1505 1000      12
1958092900 9 436 1535 1002       0
66666 0000   24 0028 0000 0 6 (nameless)                         20110729
1958092418 0 158 1188 1000      10
1958092500 0 151 1185 1000      10
1958092506 0 145 1184 1000      10   15
1958092512 0 138 1184 1000      10   15
1958092518 0 133 1183 1000      10   15
1958092600 1 130 1178  998      15
1958092606 1 140 1174  998      15
1958092612 1 155 1173  998      15
1958092618 1 165 1172  998      15
1958092700 1 176 1172  999      15
1958092706 1 185 1171  999      15
1958092712 1 188 1167  999      15
1958092718 1 190 1162  998      15
1958092800 1 192 1156  998      15
1958092806 2 193 1152  998      20
1958092812 2 195 1148  998      20
1958092818 2 198 1143  998      20
1958092900 2 200 1140 1000      20
1958092906 2 202 1136 1000      20
1958092912 1 203 1131 1000      15
1958092918 1 205 1128 1004      15
1958093000 0 206 1124 1004      10
1958093006 0 207 1116 1005      10
1958093012 0 208 1100 1008       9
66666 0000   35 0029 0000 0 6 Kathy                              20110729
1958102006 1 130 1285  998      15
1958102012 2 130 1270  995      20
1958102018 2 126 1256  995      20
1958102100 3 120 1242  995      25
1958102106 3 116 1228  982      30
1958102112 3 122 1220  985      30
1958102118 3 128 1211  988      30
1958102200 3 134 1204  991      25
1958102206 3 135 1194  994      25
1958102212 3 133 1184  990      30
1958102218 3 133 1173  987      30
1958102300 4 134 1163  984      35
1958102306 4 138 1158  980      40
1958102312 4 143 1154  980      40
1958102318 4 146 1151  980      40
1958102400 5 149 1147  975      50
1958102406 5 152 1143  975      50
1958102412 5 155 1140  975      50
1958102418 5 158 1136  975      50
1958102500 4 161 1132  980      40
1958102506 4 163 1128  985      35
1958102512 4 164 1124  985      35
1958102518 4 160 1120  985      35
1958102600 3 155 1120  990      30
1958102606 3 150 1130  992      30
1958102612 3 140 1130  995      25
1958102618 2 135 1120 1000      20
1958102700 2 129 1110 1000      20
1958102706 1 122 1104 1003      15
1958102712 1 115 1100 1003      15
1958102718 1 107 1096 1005      12
1958102800 1 100 1090 1005      12
1958102806 1  95 1085 1005      12
1958102812 0  90 1080 1005      10
1958102818 0  85 1075 1005      10
66666 0000   62 0030 0000 1 6 Lorna                              20110729
1958102118 0  96 1494 1004       0
1958102200 0 103 1489 1004       0
1958102206 0 107 1483 1004       0
1958102212 0 114 1476 1004       0
1958102218 0 118 1468 1004       0
1958102300 0 122 1459 1004       0
1958102306 0 126 1448 1002       0
1958102312 1 128 1438 1002      15
1958102318 2 131 1426 1000      20
1958102400 2 133 1415 1000      20
1958102406 2 133 1403  999      20
1958102412 2 132 1395  999      20
1958102418 2 130 1387  998      20
1958102500 2 129 1377  998      20
1958102506 1 129 1364  998      15
1958102512 1 131 1354  998      15
1958102518 1 133 1346  998      15
1958102600 1 135 1337  997      15
1958102606 2 137 1329  997      20
1958102612 2 138 1320  997      20
1958102618 2 138 1310  998      20
1958102700 2 138 1300  998      20
1958102706 3 138 1292  996      25
1958102712 3 138 1284  995      25
1958102718 3 138 1276  994      25
1958102800 3 138 1270  992      30
1958102806 4 139 1264  986      35
1958102812 4 139 1259  979      40
1958102818 5 140 1254  972      45
1958102900 5 144 1250  966      50
1958102906 6 150 1251  961      55
1958102912 6 155 1253  956      60
1958102918 6 164 1257  952      60
1958103000 6 170 1261  947      60
1958103006 6 176 1266  943      65
1958103012 6 182 1269  940      65
1958103018 6 191 1274  950      60
1958103100 6 198 1280  955      55
1958103106 5 210 1289  960      50
1958103112 5 225 1299  961      50
1958103118 5 238 1309  961      50
1958110100 5 249 1318  962      50
1958110106 5 261 1326  971      45
1958110112 5 272 1335  974      45
1958110118 5 278 1345  970      45
1958110200 4 278 1355  976      40
1958110206 4 278 1364  982      35
1958110212 3 279 1378  985      30
1958110218 3 283 1394  985      30
1958110300 3 288 1410  985      30
1958110306 3 294 1422  985      30
1958110312 3 301 1438  990      25
1958110318 2 313 1458  995      20
1958110400 9 328 1480 1000      15
1958110406 9 340 1510 1000       0
1958110412 9 352 1542 1000       0
1958110418 9 369 1586 1000       0
1958110500 9 374 1644 1000       0
1958110506 9 370 1700 1000       0
1958110512 9 366 1725 1000       0
1958110518 9 362 1752 1000       0
1958110600 9 360 1780 1000       0
66666 0000   46 0031 0000 1 6 Marie                              20110729
1958102400 0 115 1596 1002      10
1958102406 0 119 1591 1002      10
1958102412 1 123 1586 1002      15
1958102418 1 127 1583 1002      15
1958102500 1 133 1580 1000      15
1958102506 1 138 1577 1000      15
1958102512 1 143 1574 1000      15
1958102518 3 147 1572  980      30
1958102600 4 153 1564  970      40
1958102606 5 157 1553  962      50
1958102612 6 161 1551  958      55
1958102618 6 164 1553  954      60
1958102700 6 167 1554  945      65
1958102706 6 174 1555  942      65
1958102712 6 173 1547  944      65
1958102718 6 166 1546  944      65
1958102800 6 169 1551  944      65
1958102806 6 175 1553  947      60
1958102812 6 182 1556  951      55
1958102818 5 189 1558  956      50
1958102900 5 196 1558  955      50
1958102906 6 202 1559  950      55
1958102912 6 211 1559  948      60
1958102918 6 220 1557  946      60
1958103000 6 224 1551  946      60
1958103006 6 224 1545  947      60
1958103012 6 223 1539  948      60
1958103018 6 222 1532  949      60
1958103100 6 221 1526  950      60
1958103106 6 221 1518  948      65
1958103112 6 221 1508  948      65
1958103118 6 220 1496  948      65
1958110100 6 228 1489  946      65
1958110106 6 233 1478  941      70
1958110112 6 238 1471  942      70
1958110118 6 254 1469  942      70
1958110200 6 275 1474  945      65
1958110206 6 300 1471  948      60
1958110212 5 321 1490  958      50
1958110218 5 341 1515  967      45
1958110300 4 361 1551  975      40
1958110306 4 370 1595  980      35
1958110312 4 370 1640  980      35
1958110318 9 370 1690  980       0
1958110400 9 370 1740  990       0
1958110406 9 365 1795  990       0
66666 0000   24 0032 0000 0 6 Nancy                              20110729
1958112100 0 112 1332 1005       0
1958112106 1 115 1326 1002      15
1958112112 1 118 1321 1002      15
1958112118 1 120 1317 1000      15
1958112200 1 122 1311 1000      15
1958112206 2 123 1305  995      20
1958112212 3 128 1301  991      25
1958112218 3 133 1297  988      30
1958112300 4 138 1291  984      35
1958112306 5 144 1290  975      45
1958112312 5 151 1289  962      50
1958112318 6 159 1289  949      60
1958112400 6 168 1289  931      70
1958112406 6 176 1293  922      80
1958112412 6 184 1298  928      75
1958112418 6 192 1304  937      70
1958112500 6 201 1311  946      65
1958112506 6 212 1321  944      65
1958112512 6 221 1331  958      55
1958112518 5 228 1342  975      45
1958112600 3 232 1353  996      30
1958112606 3 234 1372  998      25
1958112612 1 228 1392 1002      15
1958112618 0 225 1415 1002       0
66666 0000   14 0033 0000 0 6 (nameless)                         20110729
1958112200 2 100 1192  998      20
1958112206 2 103 1192  998      20
1958112212 2 106 1192  998      20
1958112218 2 108 1193  995      20
1958112300 2 112 1194  995      20
1958112306 3 116 1195  992      25
1958112312 3 121 1200  992      25
1958112318 3 120 1208  992      25
1958112400 2 116 1214  998      20
1958112406 2 113 1220  998      20
1958112412 2 110 1230 1000      20
1958112418 1 111 1241 1000      15
1958112500 1 115 1255 1002      15
1958112506 1 120 1268 1002      15
66666 0000   19 0034 0000 0 6 Pamela                             20110729
1958112900 0 123 1390 1002       0
1958112906 0 134 1389 1002       0
1958112912 0 147 1389 1002       0
1958112918 1 161 1389 1002      15
1958113000 2 170 1388 1000      20
1958113006 3 173 1381  998      25
1958113012 3 177 1380  998      25
1958113018 2 181 1381 1000      20
1958120100 2 185 1385 1000      20
1958120106 3 181 1392  997      25
1958120112 3 177 1389  999      25
1958120118 2 178 1383 1001      20
1958120200 2 177 1379 1003      20
1958120206 2 172 1375 1003      20
1958120212 1 169 1366 1004      15
1958120218 0 170 1357 1004       0
1958120300 0 170 1350 1006       0
1958120306 0 170 1343 1006       0
1958120312 0 170 1337 1006       0
66666 0000   34 0035 0000 0 6 Olga                               20110729
1958120106 2  50 1700  998      20
1958120112 2  60 1686  998      20
1958120118 2  70 1670  998      20
1958120200 2  82 1652  998      20
1958120206 3  93 1633  997      25
1958120212 3 100 1615  995      30
1958120218 4 108 1598  992      35
1958120300 4 120 1584  993      35
1958120306 4 131 1563  994      35
1958120312 4 139 1541  988      40
1958120318 5 147 1519  981      45
1958120400 5 159 1495  975      50
1958120406 6 165 1474  965      55
1958120412 6 170 1458  963      55
1958120418 6 176 1444  961      60
1958120500 6 184 1432  957      60
1958120506 6 194 1422  952      65
1958120512 6 204 1416  950      65
1958120518 6 214 1420  949      70
1958120600 6 223 1429  950      65
1958120606 6 231 1441  951      65
1958120612 6 240 1460  959      60
1958120618 6 247 1483  966      55
1958120700 5 243 1501  977      45
1958120706 3 246 1532  992      30
1958120712 3 247 1558  995      25
1958120718 3 249 1583  995      25
1958120800 2 250 1603 1000      20
1958120806 1 252 1630 1002      15
1958120812 0 260 1656 1002       0
1958120818 9 268 1680 1010       0
1958120900 9 270 1698 1012       0
1958120906 9 271 1710 1012       0
1958120912 9 271 1720 1014       0
66666 0000   13 0036 0000 0 6 (nameless)                         20110729
1958120918 0 120 1405 1006       0
1958121000 0 135 1405 1006       0
1958121006 0 150 1407 1002       0
1958121012 1 163 1409 1000      15
1958121018 2 180 1413  995      20
1958121100 3 192 1418  990      30
1958121106 4 197 1426  985      35
1958121112 4 202 1435  985      35
1958121118 3 211 1445  990      30
1958121200 3 223 1453  995      25
1958121206 2 240 1462  998      20
1958121212 1 265 1486 1004      15
1958121218 0 300 1516 1004       0
