66666 0000   15 0001 0000 0 6 Fran                               20110729
1962020212 0  55 1286 1006       0
1962020218 0  54 1284 1006       0
1962020300 1  55 1285 1005      15
1962020306 1  57 1290 1005      15
1962020312 1  59 1294 1005      15
1962020318 2  62 1298 1005      20
1962020400 3  65 1300 1003      25
1962020406 3  70 1299 1000      25
1962020412 3  74 1297 1000      25
1962020418 3  78 1293 1000      25
1962020500 2  82 1287 1001      20
1962020506 1  85 1283 1003      15
1962020512 1  89 1282 1005      15
1962020518 1  93 1285 1008      15
1962020600 1  96 1289 1010      12
66666 0000   52 0002 0000 0 6 Georgia                            20110729
1962041606 0  91 1420 1002       0
1962041612 1  95 1410 1000      15
1962041618 1 101 1400 1000      15
1962041700 3 100 1394  990      25
1962041706 3  97 1398  985      30
1962041712 3  97 1404  985      30
1962041718 3  98 1410  985      30
1962041800 3  99 1416  985      30
1962041806 4 101 1421  974      35
1962041812 4 105 1426  966      40
1962041818 5 112 1428  958      45
1962041900 5 120 1425  954      45
1962041906 5 129 1420  957      45
1962041912 5 134 1416  960      45
1962041918 5 140 1413  963      45
1962042000 5 146 1411  958      50
1962042006 6 153 1406  929      65
1962042012 6 160 1405  934      65
1962042018 6 167 1406  939      60
1962042100 6 174 1407  939      60
1962042106 6 182 1413  938      60
1962042112 6 195 1422  943      55
1962042118 5 210 1435  948      50
1962042200 5 226 1452  954      45
1962042206 4 241 1473  964      40
1962042212 4 265 1508  968      40
1962042218 4 307 1517  972      40
1962042300 4 338 1525  977      35
1962042306 3 365 1533  980      30
1962042312 3 386 1533  980      30
1962042318 3 400 1533  982      30
1962042400 3 416 1535  984      30
1962042406 3 435 1540  984      30
1962042412 9 450 1544  982      30
1962042418 9 460 1545  980       0
1962042500 9 469 1550  978       0
1962042506 9 477 1556  978       0
1962042512 9 486 1566  978       0
1962042518 9 494 1580  980       0
1962042600 9 503 1594  980       0
1962042606 9 508 1589  992       0
1962042612 9 500 1580  998       0
1962042618 9 488 1578 1000       0
1962042700 9 475 1585 1004       0
1962042706 9 460 1594 1005       0
1962042712 9 457 1608 1007       0
1962042718 9 460 1623 1008       0
1962042800 9 465 1636 1010       0
1962042806 9 468 1640 1010       0
1962042812 9 471 1645 1011       0
1962042818 9 474 1648 1012       0
1962042900 9 476 1651 1012       0
66666 0000   54 0003 6201 0 6 Hope                               20110729
1962051418 0  74 1323 1006       0
1962051500 0  77 1314 1006       0
1962051506 0  80 1306 1006       0
1962051512 1  83 1298 1006      15
1962051518 1  88 1290 1005      15
1962051600 1  92 1282 1004      15
1962051606 2  97 1274 1003      20
1962051612 2 101 1266 1002      20
1962051618 3 106 1258 1000      25
1962051700 3 110 1250  995      25
1962051706 3 115 1240  995      25
1962051712 3 118 1232  995      25
1962051718 3 125 1226  995      25
1962051800 3 135 1225  995      25
1962051806 3 145 1224  995      25
1962051812 3 154 1223  995      25
1962051818 3 164 1224  995      25
1962051900 3 172 1225  995      25
1962051906 3 178 1228  990      25
1962051912 3 183 1233  985      30
1962051918 3 188 1244  985      30
1962052000 4 195 1255  985      35
1962052006 4 204 1265  985      35
1962052012 4 210 1280  985      35
1962052018 4 223 1293  980      40
1962052100 5 234 1304  978      45
1962052106 4 242 1313  980      40
1962052112 4 250 1320  985      35
1962052118 3 262 1327  990      30
1962052200 3 274 1334  995      25
1962052206 2 283 1338 1002      20
1962052212 2 290 1342 1002      20
1962052218 2 300 1345 1002      20
1962052300 2 312 1350 1002      20
1962052306 2 325 1367 1002      20
1962052312 2 336 1386 1002      20
1962052318 9 348 1408 1000      20
1962052400 9 357 1427  996      20
1962052406 9 367 1442  996       0
1962052412 9 379 1459  996       0
1962052418 9 392 1473  996       0
1962052500 9 404 1486  996       0
1962052506 9 415 1499  996       0
1962052512 9 430 1510 1000       0
1962052518 9 445 1515 1000       0
1962052600 9 460 1520 1002       0
1962052606 9 478 1540 1002       0
1962052612 9 486 1575 1004       0
1962052618 9 489 1606 1004       0
1962052700 9 490 1640 1008       0
1962052706 9 490 1670 1010       0
1962052712 9 490 1700 1012       0
1962052718 9 490 1730 1016       0
1962052800 9 490 1760 1018       0
66666 0000   27 0004 0000 0 6 (nameless)                         20110729
1962051818 0 105 1096 1007       0
1962051900 0 112 1103 1007       0
1962051906 0 117 1107 1006       0
1962051912 0 121 1111 1006       0
1962051918 0 125 1114 1006       0
1962052000 0 127 1119 1006      10
1962052006 0 131 1124 1006      10
1962052012 0 133 1129 1006      10
1962052018 0 136 1132 1005      10
1962052100 0 140 1135 1004      10
1962052106 0 143 1135 1004      10
1962052112 0 147 1134 1004      10
1962052118 0 148 1132 1004      10
1962052200 0 145 1129 1004      10
1962052206 0 145 1125 1004      10
1962052212 0 146 1121 1004      10
1962052218 0 150 1118 1004      10
1962052300 0 155 1115 1004      10
1962052306 1 160 1110  998      15
1962052312 1 166 1105  998      15
1962052318 1 182 1103 1000      12
1962052400 0 190 1090 1003       9
1962052406 0 196 1081 1003       9
1962052412 0 203 1080 1002      10
1962052418 0 210 1085 1002      10
1962052500 0 220 1091 1002       9
1962052506 0 229 1091 1002       9
66666 0000   24 0005 6202 0 6 Iris                               20110729
1962052506 0  84 1327 1008       0
1962052512 0  87 1314 1008       0
1962052518 0  91 1305 1008       0
1962052600 0  96 1295 1008       0
1962052606 1 101 1286 1008      12
1962052612 1 108 1278 1006      15
1962052618 1 114 1270 1005      15
1962052700 3 121 1264 1000      25
1962052706 4 129 1258  990      35
1962052712 4 138 1254  990      35
1962052718 4 147 1250  990      35
1962052800 3 152 1249  995      25
1962052806 2 157 1247  995      20
1962052812 2 162 1246  995      20
1962052818 2 167 1245 1000      20
1962052900 1 172 1245 1002      15
1962052906 1 179 1247 1002      15
1962052912 1 186 1250 1002      15
1962052918 1 194 1252 1002      15
1962053000 0 199 1252 1002       0
1962053006 0 204 1251 1002       0
1962053012 0 207 1250 1002       0
1962053018 0 211 1248 1002       0
1962053100 0 216 1246 1006       0
66666 0000   22 0006 6203 2 6 Joan                               20110729
1962070600 0 172 1287 1005       0
1962070606 0 180 1290 1004       0
1962070612 0 186 1294 1004       0
1962070618 1 196 1300 1000      15
1962070700 2 204 1301  998      20
1962070706 3 211 1299  994      25
1962070712 3 215 1298  992      25
1962070718 3 219 1296  990      30
1962070800 3 224 1293  988      30
1962070806 4 230 1288  986      35
1962070812 4 236 1282  985      40
1962070818 4 242 1278  987      40
1962070900 4 251 1271  988      35
1962070906 3 264 1260  991      30
1962070912 3 276 1255  993      30
1962070918 3 290 1250  994      30
1962071000 3 312 1247  995      30
1962071006 3 338 1250  997      25
1962071012 3 360 1260  998      25
1962071018 2 375 1295 1000      20
1962071100 2 400 1342 1000      20
1962071106 2 430 1371 1002      20
66666 0000   14 0007 6204 1 6 (nameless)                         20110729
1962070906 1 165 1158  999      12
1962070912 1 170 1158  999      15
1962070918 1 173 1156  999      15
1962071000 1 176 1154  998      15
1962071006 2 181 1150  992      20
1962071012 2 181 1142  990      20
1962071018 3 181 1125  990      25
1962071100 3 180 1111  990      25
1962071106 2 180 1095  992      20
1962071112 1 178 1080  994      15
1962071118 1 177 1063  995      15
1962071200 0 176 1048  995       0
1962071206 0 172 1030  995       0
1962071212 0 168 1016  995       0
66666 0000   40 0008 6205 0 6 Kate                               20110729
1962071612 0 149 1241 1005       0
1962071618 0 150 1247 1005       0
1962071700 0 153 1252 1005       0
1962071706 0 157 1254 1005       0
1962071712 0 163 1255 1005       0
1962071718 0 168 1256 1004       0
1962071800 0 172 1253 1004       0
1962071806 1 176 1248 1002      15
1962071812 1 181 1243 1002      15
1962071818 1 184 1237 1002      15
1962071900 1 188 1232 1002      15
1962071906 2 192 1225  998      20
1962071912 2 196 1217  998      20
1962071918 3 197 1206  993      25
1962072000 3 196 1199  988      30
1962072006 4 195 1195  980      35
1962072012 4 195 1193  979      35
1962072018 4 195 1188  979      35
1962072100 4 193 1189  976      35
1962072106 4 196 1193  973      35
1962072112 4 200 1196  971      35
1962072118 4 205 1200  969      40
1962072200 4 208 1202  967      40
1962072206 4 218 1209  970      35
1962072212 4 226 1211  970      35
1962072218 3 238 1212  970      30
1962072300 3 256 1208  980      30
1962072306 3 265 1205  980      30
1962072312 3 272 1203  985      25
1962072318 1 279 1200  990      12   20
1962072400 0 287 1196  992       9   20
1962072406 0 296 1188  992       9   20
1962072412 0 309 1177  992       9   15
1962072418 0 318 1168  994       9   15
1962072500 0 325 1165  994       9   15
1962072506 0 329 1166  994       9   15
1962072512 0 332 1167  995       9   15
1962072518 0 336 1168  996       9   15
1962072600 0 342 1169  998       9   15
1962072606 0 352 1172  998       9
66666 0000   37 0009 6206 0 6 Louise                             20110729
1962072012 1 204 1577 1000      15
1962072018 2 214 1575  995      20
1962072100 2 223 1573  988      20
1962072106 3 234 1570  976      30
1962072112 3 244 1565  975      30
1962072118 3 252 1561  973      30
1962072200 4 257 1555  971      35
1962072206 4 262 1549  968      35
1962072212 4 268 1539  972      35
1962072218 4 271 1530  976      35
1962072300 4 274 1518  971      40
1962072306 4 276 1505  961      40
1962072312 4 276 1493  964      40
1962072318 4 278 1478  967      40
1962072400 4 279 1461  967      40
1962072406 4 279 1446  967      40
1962072412 4 281 1430  968      40
1962072418 4 287 1419  968      40
1962072500 4 291 1408  969      40
1962072506 4 295 1398  970      40
1962072512 4 298 1388  971      40
1962072518 4 302 1378  971      40
1962072600 4 307 1370  971      40
1962072606 4 310 1363  971      40
1962072612 4 313 1358  971      40
1962072618 4 320 1355  971      40
1962072700 4 326 1354  971      40
1962072706 4 338 1354  978      35
1962072712 3 346 1358  988      25
1962072718 2 352 1365  996      20
1962072800 1 355 1376 1000      15
1962072806 1 360 1394 1000      15
1962072812 0 365 1410 1003       0
1962072818 0 374 1426 1004       0
1962072900 0 383 1440 1004       0
1962072906 0 396 1454 1004       0
1962072912 0 405 1465 1006       0
66666 0000   47 0010 6207 1 6 Nora                               20110729
1962072506 0 140 1400 1000       0
1962072512 0 140 1390 1000       0
1962072518 0 142 1380 1000       0
1962072600 0 145 1373 1000       0
1962072606 0 148 1366 1000       0
1962072612 0 152 1361 1000       0
1962072618 0 155 1355 1000       0
1962072700 0 160 1350 1000       0
1962072706 0 164 1344 1000       0
1962072712 0 167 1340 1000       0
1962072718 0 170 1336  999       0
1962072800 0 174 1331  998       0
1962072806 1 177 1329  997      15
1962072812 1 181 1325  996      15
1962072818 1 185 1322  995      15
1962072900 1 188 1320  995      15
1962072906 2 193 1319  990      20
1962072912 2 197 1319  990      20
1962072918 3 202 1320  990      25
1962073000 3 210 1317  984      30
1962073006 4 217 1302  982      35
1962073012 4 223 1293  978      35
1962073018 4 228 1283  974      35
1962073100 4 235 1278  972      35
1962073106 4 245 1276  971      40
1962073112 4 254 1266  971      40
1962073118 4 267 1259  971      40
1962080100 4 275 1254  971      40
1962080106 4 288 1250  971      40
1962080112 4 305 1247  973      35
1962080118 4 320 1238  974      35
1962080200 4 329 1235  975      35
1962080206 4 340 1237  976      35
1962080212 3 356 1250  980      30
1962080218 3 371 1261  985      25
1962080300 3 390 1290  988      25
1962080306 3 406 1326  988      25
1962080312 9 420 1370  988      25
1962080318 9 422 1425  990      20
1962080400 9 422 1470  990       0
1962080406 9 420 1530  986       0
1962080412 9 440 1610  984       0
1962080418 9 460 1670  976       0
1962080500 9 503 1696  972       0
1962080506 9 515 1705  968       0
1962080512 9 513 1710  968       0
1962080518 9 550 1730  970       0
66666 0000    8 0011 0000 0 6 Marge                              20110729
1962072800 2 128 1492 1002      20
1962072806 1 129 1486 1005      15
1962072812 1 133 1482 1005      15
1962072818 1 138 1478 1005      15
1962072900 1 143 1474 1005      15
1962072906 1 147 1468 1007      15
1962072912 1 150 1463 1007      15
1962072918 1 154 1457 1007      12
66666 0000    9 0012 0000 0 6 (nameless)                         20110729
1962072912 0 190 1200  999       0
1962072918 1 185 1185  999      12
1962073000 1 176 1176  998      15
1962073006 1 170 1170  998      15
1962073012 1 167 1167  998      15
1962073018 1 165 1160  997      15
1962073100 1 165 1155  995      15
1962073106 1 170 1148  994      15
1962073112 1 180 1135  996      12
66666 0000   60 0013 6208 1 6 Opal                               20110729
1962073000 1  85 1526 1002      15
1962073006 1  86 1518 1002      15
1962073012 1  88 1508 1002      15
1962073018 1  90 1498 1000      15
1962073100 1  91 1488 1000      15
1962073106 1  92 1476 1000      15
1962073112 1  93 1464 1000      15
1962073118 1  95 1450 1000      15
1962080100 1  98 1436 1000      15
1962080106 2 100 1424  995      20
1962080112 3 103 1412  995      25
1962080118 3 107 1400  995      25
1962080200 3 113 1393  990      30
1962080206 4 122 1385  986      35
1962080212 4 134 1373  984      35
1962080218 4 144 1359  982      40
1962080300 4 152 1342  979      40
1962080306 5 163 1328  975      45
1962080312 5 173 1315  972      45
1962080318 5 181 1301  968      50
1962080400 5 189 1289  963      50
1962080406 6 196 1274  953      55
1962080412 6 202 1261  937      60
1962080418 6 209 1250  920      65
1962080500 6 215 1238  908      75
1962080506 6 226 1230  900      75
1962080512 6 241 1216  920      65
1962080518 6 250 1208  940      55
1962080600 4 260 1200  965      40
1962080606 3 271 1194  974      30
1962080612 0 287 1189  988       9   30
1962080618 0 310 1179  988      10   25
1962080700 1 332 1176  988      12   25
1962080706 1 344 1183  988      12   20
1962080712 2 358 1201  988      20
1962080718 2 374 1225  988      20
1962080800 2 387 1250  988      20
1962080806 2 396 1285  988      20
1962080812 2 405 1315  988      20
1962080818 2 416 1345  988      20
1962080900 9 426 1370  988      25
1962080906 9 430 1385  985      25
1962080912 9 435 1396  982      25
1962080918 9 440 1410  982      25
1962081000 9 447 1440  984       0
1962081006 9 455 1473  984       0
1962081012 9 460 1496  986       0
1962081018 9 467 1518  986       0
1962081100 9 477 1542  988       0
1962081106 9 482 1556  988       0
1962081112 9 487 1570  994       0
1962081118 9 491 1581  994       0
1962081200 9 500 1608  998       0
1962081206 9 506 1627  998       0
1962081212 9 514 1646 1002       0
1962081218 9 520 1665 1004       0
1962081300 9 527 1685 1004       0
1962081306 9 534 1707 1006       0
1962081312 9 540 1728 1006       0
1962081318 9 546 1748 1004       0
66666 0000   29 0014 6209 0 6 Patsy                              20110729
1962080500 0  95 1417 1008       0
1962080506 0  96 1409 1008       0
1962080512 0  97 1399 1008       0
1962080518 1  98 1387 1006      15
1962080600 1  99 1372 1005      15
1962080606 1 100 1358 1004      15
1962080612 1 101 1345 1003      15
1962080618 1 103 1330 1002      15
1962080700 2 107 1314 1000      20
1962080706 3 113 1290  997      25
1962080712 3 116 1272  996      25
1962080718 3 114 1263  991      30
1962080800 3 113 1250  995      30
1962080806 3 123 1227  996      25
1962080812 3 132 1213  997      25
1962080818 3 137 1188  996      25
1962080900 3 143 1172  994      30
1962080906 3 153 1155  990      30
1962080912 4 157 1146  985      35
1962080918 4 170 1135  980      35
1962081000 4 177 1124  975      35
1962081006 4 187 1117  975      35
1962081012 4 198 1108  975      35
1962081018 3 203 1099  978      30
1962081100 3 212 1090  978      30
1962081106 3 222 1078  988      25
1962081112 0 225 1068  997      10   12
1962081118 0 224 1056 1000       9
1962081200 0 222 1030 1002       9
66666 0000   54 0015 0000 1 6 Ruth                               20110729
1962081200 0 105 1512 1010       0
1962081206 0 110 1507 1008       0
1962081212 0 116 1500 1008       0
1962081218 0 120 1494 1006       0
1962081300 0 126 1488 1006       0
1962081306 0 132 1481 1006       0
1962081312 1 136 1475 1005      15
1962081318 2 140 1469 1004      20
1962081400 3 146 1462 1000      25
1962081406 3 152 1461  994      30
1962081412 3 161 1460  992      30
1962081418 4 167 1459  990      35
1962081500 4 174 1459  985      40
1962081506 5 184 1460  970      50
1962081512 6 194 1459  955      60
1962081518 6 204 1458  930      75
1962081600 6 214 1454  915      85
1962081606 6 224 1452  915      85
1962081612 6 234 1451  925      80
1962081618 6 245 1446  933      80
1962081700 6 258 1440  932      80
1962081706 6 270 1436  925      80
1962081712 6 283 1427  934      70
1962081718 6 295 1421  944      60
1962081800 6 304 1417  950      60
1962081806 6 309 1411  951      55
1962081812 6 314 1408  954      55
1962081818 5 318 1406  960      50
1962081900 5 322 1406  958      50
1962081906 5 325 1407  947      50
1962081912 5 328 1409  949      50
1962081918 5 331 1412  951      50
1962082000 5 336 1415  953      50
1962082006 5 343 1418  955      45
1962082012 5 349 1422  956      45
1962082018 4 357 1429  956      40
1962082100 4 364 1438  956      40
1962082106 4 373 1448  956      40
1962082112 4 379 1465  960      35
1962082118 4 386 1485  960      35
1962082200 4 395 1505  960      35
1962082206 4 402 1532  960      35
1962082212 3 408 1566  970      30
1962082218 3 410 1610  980      30
1962082300 3 410 1642  982      25
1962082306 9 413 1680  984      25
1962082312 9 423 1712  990       0
1962082318 9 438 1740  990       0
1962082400 9 450 1770  992       0
1962082406 9 463 1786  994       0
1962082412 9 490 1790  994       0
1962082418 9 500 1790  994       0
1962082500 9 540 1780  986       0
1962082506 9 550 1800  986       0
66666 0000   48 0016 6210 2 6 Sarah                              20110729
1962081400 0 225 1285 1008       0
1962081406 1 227 1277 1006      15
1962081412 1 230 1271 1006      15
1962081418 1 232 1268 1006      15
1962081500 2 234 1266 1000      20
1962081506 2 236 1264 1000      20
1962081512 3 237 1262  995      25
1962081518 3 237 1261  990      30
1962081600 4 238 1258  990      35
1962081606 4 238 1256  988      35
1962081612 4 237 1253  987      35
1962081618 4 236 1250  985      35
1962081700 4 236 1247  980      40
1962081706 4 233 1244  972      40
1962081712 4 232 1244  973      40
1962081718 4 231 1246  974      40
1962081800 4 230 1250  975      40
1962081806 4 232 1255  977      40
1962081812 4 238 1258  978      40
1962081818 4 248 1259  979      40
1962081900 4 258 1260  980      35
1962081906 4 269 1261  980      35
1962081912 4 281 1261  981      35
1962081918 3 287 1261  982      30
1962082000 3 292 1265  982      30
1962082006 3 298 1271  982      30
1962082012 3 302 1276  982      30
1962082018 3 305 1282  982      30
1962082100 3 308 1287  982      30
1962082106 3 312 1292  982      30
1962082112 3 317 1299  982      30
1962082118 3 326 1309  985      25
1962082200 2 335 1318  995      20
1962082206 1 344 1330 1000      15
1962082212 1 360 1350 1002      15
1962082218 1 374 1378 1004      15
1962082300 9 387 1406 1004      15
1962082306 9 402 1427 1004       0
1962082312 9 418 1452 1004       0
1962082318 9 430 1480 1004       0
1962082400 9 437 1540 1004       0
1962082406 9 439 1570 1004       0
1962082412 9 439 1604 1004       0
1962082418 9 439 1630 1002       0
1962082500 9 440 1690 1000       0
1962082506 9 460 1710 1000       0
1962082512 9 480 1720  998       0
1962082518 9 515 1731  994       0
66666 0000   38 0017 6211 3 6 Thelma                             20110729
1962082000 0 170 1490 1004       0
1962082006 1 174 1485 1002      15
1962082012 1 175 1480 1002      15
1962082018 2 176 1475 1000      20
1962082100 3 182 1470  999      25
1962082106 3 190 1466  992      30
1962082112 3 198 1455  992      30
1962082118 3 205 1447  992      30
1962082200 3 212 1438  992      30
1962082206 4 218 1427  988      35
1962082212 4 226 1414  986      35
1962082218 4 235 1404  979      35
1962082300 5 245 1402  966      45
1962082306 6 252 1392  949      55
1962082312 5 255 1382  954      50
1962082318 5 262 1374  958      50
1962082400 5 269 1374  960      50
1962082406 5 278 1374  959      50
1962082412 5 283 1373  956      50
1962082418 6 290 1370  952      55
1962082500 6 301 1369  948      60
1962082506 6 313 1368  952      60
1962082512 5 325 1365  964      50
1962082518 4 338 1363  976      40
1962082600 3 358 1362  985      30
1962082606 3 376 1364  995      25
1962082612 2 390 1367 1000      20
1962082618 2 406 1380 1000      20
1962082700 2 420 1400 1002      20
1962082706 9 435 1425 1002       0
1962082712 9 440 1450 1000       0
1962082718 9 440 1480  998       0
1962082800 9 436 1525  998       0
1962082806 9 435 1550  992       0
1962082812 9 438 1565  990       0
1962082818 9 444 1580  988       0
1962082900 9 451 1590  990       0
1962082906 9 457 1602  990       0
66666 0000   15 0018 6212 0 6 Vera                               20110729
1962082412 1 214 1310 1006      15
1962082418 1 215 1317 1006      15
1962082500 1 217 1322 1004      15
1962082506 2 219 1327 1000      20
1962082512 3 222 1333  995      25
1962082518 3 228 1333  995      25
1962082600 3 236 1332  990      30
1962082606 4 244 1330  984      40
1962082612 4 253 1326  984      35
1962082618 4 264 1323  984      35
1962082700 4 273 1317  984      35
1962082706 3 286 1312  995      30
1962082712 3 298 1307  995      25
1962082718 2 311 1308  998      20
1962082800 1 325 1315 1000      15
66666 0000   47 0019 6213 0 6 Wanda                              20110729
1962082500 0  66 1550 1005       0
1962082506 0  75 1520 1005       0
1962082512 0  84 1490 1005       0
1962082518 0  94 1465 1005       0
1962082600 0 103 1440 1000       0
1962082606 0 110 1422 1000       0
1962082612 0 115 1408 1000       0
1962082618 0 122 1394 1000       0
1962082700 0 128 1381 1000       0
1962082706 1 135 1367  998      15
1962082712 1 143 1353  998      15
1962082718 1 149 1343  998      15
1962082800 2 157 1329  995      20
1962082806 3 162 1321  995      25
1962082812 3 166 1313  995      25
1962082818 3 171 1304  994      25
1962082900 3 174 1295  994      30
1962082906 4 181 1279  990      35
1962082912 4 188 1268  987      35
1962082918 4 192 1253  985      35
1962083000 4 193 1238  980      40
1962083006 4 196 1222  977      40
1962083012 4 200 1212  968      40
1962083018 4 205 1199  967      40
1962083100 4 205 1190  966      40
1962083106 5 205 1177  960      45
1962083112 5 212 1170  949      50
1962083118 5 216 1157  960      45
1962090100 4 222 1147  960      40
1962090106 4 225 1137  963      35
1962090112 3 227 1130  976      25
1962090118 1 229 1124  989      15
1962090200 0 229 1120  992      10   15
1962090206 0 226 1114  994       9   12
1962090212 0 222 1108  997       9   10
1962090218 0 217 1106  998       9   10
1962090300 0 212 1103  998       9
1962090306 0 208 1101  998       9
1962090312 0 203 1100  998       9
1962090318 0 198 1095  998       9
1962090400 0 195 1091  998       9
1962090406 0 193 1086  996       0
1962090412 0 189 1084  996       0
1962090418 0 185 1080  996       0
1962090500 0 180 1080  996       0
1962090506 0 175 1080  996       0
1962090512 0 171 1082  998       0
66666 0000   52 0020 6214 0 6 Amy                                20110729
1962082818 1 143 1495 1002      15
1962082900 1 147 1490  999      15
1962082906 2 151 1487  999      20
1962082912 2 155 1483  997      20
1962082918 3 160 1477  994      25
1962083000 3 163 1470  990      30
1962083006 3 173 1460  988      30
1962083012 4 187 1452  985      35
1962083018 4 196 1437  982      35
1962083100 4 196 1416  981      35
1962083106 4 197 1396  981      35
1962083112 4 197 1377  970      40
1962083118 5 196 1363  958      50
1962090100 6 194 1349  947      60
1962090106 6 193 1337  943      65
1962090112 6 191 1324  943      65
1962090118 6 188 1312  943      65
1962090200 6 187 1303  942      65
1962090206 6 187 1297  942      65
1962090212 6 187 1292  941      65
1962090218 6 187 1286  940      65
1962090300 6 188 1283  936      65
1962090306 6 193 1277  935      65
1962090312 6 196 1271  938      65
1962090318 6 202 1262  940      60
1962090400 6 209 1253  940      60
1962090406 6 220 1243  940      60
1962090412 6 228 1236  940      60
1962090418 6 233 1228  940      60
1962090500 5 236 1220  950      50
1962090506 4 240 1206  960      40
1962090512 4 250 1202  970      35
1962090518 3 259 1199  975      30
1962090600 3 267 1191  982      25
1962090606 0 277 1191  990       9   25
1962090612 0 290 1193  995       9   25
1962090618 0 307 1198  998      10   20
1962090700 2 325 1203  998      20
1962090706 2 350 1225 1000      20
1962090712 2 371 1253 1000      20
1962090718 9 390 1290  996      20
1962090800 9 410 1325  996       0
1962090806 9 430 1360  990       0
1962090812 9 450 1380  990       0
1962090818 9 470 1397  985       0
1962090900 9 480 1410  986       0
1962090906 9 490 1420  988       0
1962090912 9 500 1430  990       0
1962090918 9 506 1436  990       0
1962091000 9 510 1440  995       0
1962091006 9 514 1445  996       0
1962091012 9 516 1450  996       0
66666 0000   26 0021 0000 0 6 (nameless)                         20110729
1962091106 0 216 1660 1008       0
1962091112 0 218 1649 1008       0
1962091118 0 220 1638 1008       0
1962091200 0 220 1625 1006       0
1962091206 0 222 1614 1004       0
1962091212 0 224 1602 1004       0
1962091218 0 226 1588 1004       0
1962091300 0 230 1576 1004       0
1962091306 0 234 1563 1004       0
1962091312 0 240 1550 1004       0
1962091318 0 245 1536 1004       0
1962091400 0 251 1524 1004       0
1962091406 1 256 1510 1004      15
1962091412 1 264 1496 1004      15
1962091418 1 274 1484 1002      15
1962091500 1 285 1466 1002      15
1962091506 2 296 1454 1000      20
1962091512 2 311 1440 1000      20
1962091518 2 333 1432 1000      20
1962091600 1 356 1428 1002      15
1962091606 1 371 1434 1002      15
1962091612 0 384 1450 1006       0
1962091618 0 404 1483 1006       0
1962091700 0 421 1520 1008       0
1962091706 0 431 1555 1008       0
1962091712 0 436 1592 1008       0
66666 0000   22 0022 6215 1 6 Babs                             20110729
1962091212 0 155 1190 1006       0
1962091218 0 150 1185 1006       0
1962091300 0 144 1178 1006       0
1962091306 1 138 1173 1006      15
1962091312 1 131 1168 1004      15
1962091318 1 125 1160 1004      15
1962091400 2 125 1148 1000      20
1962091406 3 128 1139  994      25
1962091412 3 133 1133  994      25
1962091418 3 137 1127  994      25
1962091500 3 143 1122  994      25
1962091506 3 150 1115  994      25
1962091512 3 157 1108  990      25
1962091518 3 162 1099  990      25
1962091600 3 166 1090  990      25
1962091606 3 168 1080  990      25
1962091612 2 169 1068  995      20
1962091618 1 170 1058  995      15
1962091700 1 169 1045  995      15
1962091706 1 167 1034  995      12
1962091712 0 163 1024  997       0
1962091718 0 158 1018  999       0
66666 0000   20 0023 6216 0 6 Carla                              20110729
1962091806 0 150 1197 1006       0
1962091812 1 150 1190 1005      15
1962091818 1 154 1185 1005      15
1962091900 1 160 1180 1004      15
1962091906 1 163 1176 1004      15
1962091912 1 166 1171 1002      15
1962091918 1 168 1167 1002      15
1962092000 2 170 1163 1000      20
1962092006 2 172 1158  999      20
1962092012 3 174 1150  996      25
1962092018 3 175 1139  993      25
1962092100 3 178 1127  990      30
1962092106 4 180 1117  984      35
1962092112 4 184 1104  984      35
1962092118 4 187 1090  985      35
1962092200 4 190 1077  985      35
1962092206 4 195 1065  985      35
1962092212 3 200 1055  990      30
1962092218 2 207 1044  995      20
1962092300 1 212 1036 1000      12
66666 0000   13 0024 0000 1 6 (nameless)                         20110729
1962092112 0 310 1540 1008       0
1962092118 0 310 1530 1008       0
1962092200 0 313 1513 1008       0
1962092206 1 320 1500 1006      15
1962092212 1 330 1490 1006      15
1962092218 1 350 1485 1006      15
1962092300 1 372 1518 1006      15
1962092306 1 393 1545 1006      15
1962092312 1 414 1577 1004      15
1962092318 1 438 1627 1002      15
1962092400 9 460 1670  998       0
1962092406 9 480 1710  998       0
1962092412 9 490 1760  995       0
66666 0000   10 0025 0000 0 6 (nameless)                         20110729
1962092218 1 120 1330 1002      15
1962092300 1 120 1310 1002      15
1962092306 1 122 1290 1002      15
1962092312 1 123 1277 1002      15
1962092318 1 125 1266 1002      15
1962092400 1 128 1255 1002      12
1962092406 1 131 1245 1002      12
1962092412 0 135 1235 1004       0
1962092418 0 145 1218 1004       0
1962092500 0 160 1190 1004       0
66666 0000   11 0026 0000 1 6 (nameless)                         20110729
1962092500 0 141 1185 1004       0
1962092506 0 151 1173 1003       0
1962092512 0 154 1161 1003       0
1962092518 0 155 1144 1003      10
1962092600 1 155 1128 1002      12
1962092606 1 157 1114 1000      12
1962092612 1 160 1105 1002      12
1962092618 0 165 1100 1002      10
1962092700 0 170 1094 1002      10
1962092706 0 177 1085 1002       0
1962092712 0 185 1075 1002       0
66666 0000   39 0027 6217 0 6 Dinah                              20110729
1962092500 0 122 1440 1008       0
1962092506 0 120 1437 1006       0
1962092512 0 120 1432 1006       0
1962092518 0 120 1428 1006       0
1962092600 0 120 1423 1006       0
1962092606 0 120 1418 1004       0
1962092612 0 120 1413 1004       0
1962092618 0 121 1407 1004       0
1962092700 1 125 1402 1004      15
1962092706 1 129 1399 1002      15
1962092712 1 133 1395 1000      15
1962092718 1 137 1394 1000      15
1962092800 1 143 1393 1000      15
1962092806 1 149 1392 1000      15
1962092812 1 155 1390 1000      15
1962092818 1 162 1388 1000      15
1962092900 2 167 1386  995      20
1962092906 2 173 1383  993      20
1962092912 2 179 1381  992      20
1962092918 3 187 1377  990      25
1962093000 3 194 1370  988      30
1962093006 4 201 1359  983      35
1962093012 4 204 1346  980      35
1962093018 4 206 1330  975      35
1962100100 4 208 1311  972      40
1962100106 5 209 1300  965      45
1962100112 5 209 1285  961      45
1962100118 5 208 1270  956      45
1962100200 5 207 1256  955      45
1962100206 5 207 1242  955      50
1962100212 5 213 1230  955      50
1962100218 5 217 1216  955      50
1962100300 5 220 1198  955      50
1962100306 4 221 1182  965      40
1962100312 4 228 1166  975      35
1962100318 2 231 1153  985      20
1962100400 1 230 1144  992      12
1962100406 0 230 1137 1000       9
1962100412 0 232 1137 1001       9
66666 0000   59 0028 0000 1 6 Emma                               20110729
1962092812 0  95 1610 1008       0
1962092818 0  96 1605 1008       0
1962092900 0 100 1600 1008       0
1962092906 0 105 1594 1008       0
1962092912 0 110 1592 1008       0
1962092918 0 117 1593 1008       0
1962093000 0 124 1595 1008       0
1962093006 0 131 1591 1008       0
1962093012 0 140 1580 1008       0
1962093018 0 147 1563 1004       0
1962100100 0 151 1537 1004       0
1962100106 0 152 1515 1004       0
1962100112 1 152 1498 1002      15
1962100118 2 152 1482  996      20
1962100200 3 152 1469  990      25
1962100206 4 156 1468  984      35
1962100212 4 158 1469  977      40
1962100218 4 160 1471  969      40
1962100300 4 163 1472  964      40
1962100306 4 169 1471  962      40
1962100312 5 175 1468  961      45
1962100318 5 182 1466  961      45
1962100400 5 188 1465  954      50
1962100406 6 197 1462  940      55
1962100412 6 205 1458  925      65
1962100418 6 213 1453  910      70
1962100500 6 223 1448  890      75
1962100506 6 230 1445  894      75
1962100512 6 232 1444  903      75
1962100518 6 227 1444  913      70
1962100600 6 230 1450  922      65
1962100606 6 235 1453  929      65
1962100612 6 236 1458  934      60
1962100618 6 238 1463  939      60
1962100700 6 242 1472  942      55
1962100706 6 242 1480  941      55
1962100712 6 241 1484  941      55
1962100718 6 239 1489  940      55
1962100800 6 239 1492  940      55
1962100806 6 239 1499  938      60
1962100812 6 236 1508  936      60
1962100818 6 235 1516  934      60
1962100900 6 238 1527  932      60
1962100906 6 244 1536  933      60
1962100912 6 251 1546  937      55
1962100918 6 262 1559  942      55
1962101000 6 275 1572  946      55
1962101006 6 294 1584  948      55
1962101012 5 312 1597  950      50
1962101018 5 332 1612  952      50
1962101100 5 350 1630  954      45
1962101106 4 371 1650  960      40
1962101112 4 395 1680  970      35
1962101118 3 425 1700  970      30
1962101200 3 460 1710  970      30
1962101206 9 479 1721  965       0
1962101212 9 494 1731  950       0
1962101218 9 510 1750  950       0
1962101300 9 520 1769  954       0
66666 0000   38 0029 0000 1 6 Freda                              20110729
1962100106 0 157 1581 1003       0
1962100112 1 163 1582 1000      15
1962100118 2 169 1585  997      20
1962100200 2 173 1588  993      20
1962100206 2 178 1592  990      20
1962100212 3 184 1597  986      25
1962100218 3 188 1601  985      25
1962100300 3 194 1608  985      25
1962100306 3 199 1615  985      25
1962100312 3 204 1622  985      25
1962100318 3 210 1630  980      30
1962100400 4 216 1637  975      35
1962100406 4 221 1640  970      40
1962100412 4 223 1640  966      40
1962100418 5 226 1640  962      45
1962100500 5 230 1636  957      45
1962100506 5 234 1632  953      50
1962100512 5 234 1627  951      50
1962100518 5 236 1624  949      50
1962100600 5 239 1625  948      50
1962100606 5 242 1627  950      50
1962100612 5 247 1629  956      50
1962100618 5 251 1631  959      50
1962100700 5 258 1632  961      45
1962100706 5 264 1633  964      45
1962100712 5 270 1634  966      45
1962100718 4 277 1636  968      40
1962100800 4 282 1640  970      40
1962100806 4 289 1642  973      35
1962100812 4 300 1648  976      35
1962100818 4 320 1658  980      35
1962100900 4 332 1668  983      35
1962100906 4 346 1680  986      35
1962100912 3 358 1693  989      30
1962100918 3 371 1712  991      25
1962101000 3 390 1736  991      25
1962101006 3 420 1751  992      25
1962101012 9 440 1793  992      20
66666 0000   52 0030 6218 1 6 Gilda                              20110729
1962101906 0 126 1395 1004       0
1962101912 0 128 1379 1002       0
1962101918 0 130 1363 1002       0
1962102000 1 130 1350 1002      12
1962102006 1 131 1342 1000      15
1962102012 1 132 1333 1000      15
1962102018 1 135 1324 1000      15
1962102100 1 139 1314 1000      15
1962102106 1 143 1315  999      15
1962102112 1 144 1318  998      15
1962102118 1 145 1320  997      15
1962102200 1 146 1323  996      15
1962102206 2 148 1325  995      20
1962102212 2 150 1327  994      20
1962102218 3 152 1328  993      25
1962102300 3 155 1327  988      30
1962102306 4 155 1326  980      35
1962102312 4 154 1324  980      35
1962102318 4 152 1323  980      35
1962102400 4 152 1320  980      35
1962102406 4 157 1312  979      35
1962102412 4 158 1301  976      35
1962102418 4 157 1292  973      35
1962102500 4 155 1284  967      40
1962102506 5 155 1276  959      45
1962102512 5 157 1267  959      45
1962102518 5 160 1261  958      50
1962102600 5 165 1256  956      50
1962102606 6 168 1254  954      55
1962102612 6 172 1253  954      55
1962102618 6 175 1253  954      55
1962102700 6 179 1256  953      55
1962102706 6 183 1261  953      55
1962102712 6 188 1268  954      55
1962102718 6 193 1274  954      55
1962102800 6 202 1287  954      55
1962102806 6 209 1294  956      55
1962102812 6 216 1305  959      55
1962102818 5 225 1318  961      50
1962102900 5 232 1327  964      50
1962102906 5 240 1340  967      50
1962102912 5 250 1354  968      50
1962102918 5 264 1373  969      45
1962103000 5 278 1396  972      45
1962103006 5 300 1425  977      45
1962103012 4 320 1456  980      40
1962103018 4 350 1505  980      35
1962103100 9 374 1552  984      30
1962103106 9 397 1591  992      25
1962103112 9 420 1659  992      25
1962103118 9 430 1720  992      25
1962110100 9 440 1781  992      25
66666 0000   32 0031 0000 0 6 Harriet                            20110729
1962101906 0 110 1190 1003       0
1962101912 0 102 1189 1006       0
1962101918 0  95 1186 1006       0
1962102000 0  90 1180 1006       0
1962102006 0  89 1174 1006       0
1962102012 0  88 1166 1006       0
1962102018 0  87 1156 1006       0
1962102100 0  87 1149 1005       0
1962102106 0  86 1140 1005       0
1962102112 0  85 1130 1005       0
1962102118 1  82 1120 1005      15
1962102200 1  80 1110 1004      15
1962102206 1  80 1099 1004      15
1962102212 1  80 1090 1004      15
1962102218 1  79 1083 1004      15
1962102300 1  79 1075 1004      15
1962102306 1  78 1074 1004      15
1962102312 1  78 1073 1004      15
1962102318 1  78 1070 1004      15
1962102400 1  77 1066 1002      15
1962102406 1  75 1060 1002      15
1962102412 1  72 1050 1002      15
1962102418 1  72 1040 1002      15
1962102500 1  75 1030 1002      15
1962102506 1  77 1025 1002      15
1962102512 2  80 1020 1000      20
1962102518 2  85 1015 1000      20
1962102600 2  88 1008 1000      20
1962102606 2  88 1000 1000      20
1962102612 1  87  987 1004      15
1962102618 0 100  969 1006       0
1962102700 0 109  950 1006       0
66666 0000   12 0032 6219 2 6 Ivy                                20110729
1962102700 0 123 1403 1010       0
1962102706 0 132 1394 1008       0
1962102712 1 140 1385 1006      15
1962102718 2 150 1375 1002      20
1962102800 3 159 1379  998      30
1962102806 4 167 1377  990      40
1962102812 4 174 1370  990      40
1962102818 4 183 1366  995      35
1962102900 3 190 1362 1000      25
1962102906 2 197 1362 1000      20
1962102912 1 204 1365 1005      15
1962102918 1 210 1370 1006      15
66666 0000   64 0033 6220 0 6 Jean                               20110729
1962110406 0  83 1382 1004       0
1962110412 1  94 1362 1004      12
1962110418 1 100 1340 1004      12
1962110500 1 106 1326 1000      15
1962110506 1 112 1311 1000      15
1962110512 2 116 1296 1000      20
1962110518 3 120 1284  995      25
1962110600 3 123 1267  995      25
1962110606 3 123 1250  995      25
1962110612 3 124 1234  995      25
1962110618 3 125 1217  995      25
1962110700 3 125 1206  993      25
1962110706 3 131 1193  991      30
1962110712 3 140 1180  987      30
1962110718 4 142 1166  983      35
1962110800 4 144 1157  980      40
1962110806 4 150 1149  978      40
1962110812 4 153 1140  978      40
1962110818 4 154 1134  978      40
1962110900 4 155 1130  978      40
1962110906 4 155 1126  978      40
1962110912 4 155 1123  978      40
1962110918 4 155 1118  978      40
1962111000 4 155 1114  977      40
1962111006 4 154 1110  976      40
1962111012 4 155 1107  980      35
1962111018 3 158 1105  980      30
1962111100 3 162 1105  985      30
1962111106 3 164 1105  990      25
1962111112 3 166 1106  990      25
1962111118 3 167 1108  990      25
1962111200 2 168 1110  995      20
1962111206 2 169 1112  995      20
1962111212 2 170 1114  998      20
1962111218 2 172 1115  998      20
1962111300 2 175 1117 1000      20
1962111306 2 178 1120 1000      20
1962111312 2 179 1125 1000      20
1962111318 1 178 1130 1002      15
1962111400 1 175 1135 1002      15
1962111406 1 171 1140 1004      15
1962111412 0 166 1143 1004       0
1962111418 0 163 1146 1004       0
1962111500 0 160 1150 1004       0
1962111506 0 155 1145 1004       0
1962111512 0 150 1145 1004       0
1962111518 0 145 1150 1005       0
1962111600 0 141 1160 1006       0
1962111606 0 145 1168 1006       0
1962111612 0 146 1174 1007       0
1962111618 0 140 1174 1007       0
1962111700 0 136 1170 1007       0
1962111706 0 132 1166 1007       0
1962111712 0 130 1160 1008       0
1962111718 0 126 1154 1008       0
1962111800 0 124 1150 1008       0
1962111806 0 118 1144 1008       0
1962111812 0 115 1138 1010       0
1962111818 0 111 1132 1010       0
1962111900 0 107 1124 1010       0
1962111906 0 106 1116 1010       0
1962111912 0 105 1108 1010       0
1962111918 0 103 1098 1010       0
1962112000 0 101 1086 1010       0
66666 0000   45 0034 6221 1 6 Karen                              20110729
1962110706 1  60 1540 1002      15
1962110712 2  68 1535 1000      20
1962110718 3  76 1529 1000      25
1962110800 3  85 1524  990      30
1962110806 4  90 1524  979      40
1962110812 4  95 1525  956      40
1962110818 6 100 1529  933      55
1962110900 6 105 1531  911      65
1962110906 6 109 1532  900      75
1962110912 6 113 1533  905      70
1962110918 6 116 1533  911      70
1962111000 6 119 1530  916      65
1962111006 6 120 1520  919      65
1962111012 6 123 1509  918      70
1962111018 6 126 1496  917      70
1962111100 6 130 1482  915      70
1962111106 6 134 1469  912      75
1962111112 6 136 1449  914      75
1962111118 6 136 1432  916      75
1962111200 6 138 1420  917      75
1962111206 6 144 1405  918      75
1962111212 6 149 1387  910      80
1962111218 6 153 1370  902      80
1962111300 6 157 1356  894      80
1962111306 6 162 1344  894      80
1962111312 6 168 1330  901      80
1962111318 6 177 1315  908      75
1962111400 6 183 1301  914      70
1962111406 6 190 1292  918      65
1962111412 6 199 1288  923      65
1962111418 6 209 1287  928      60
1962111500 6 219 1285  933      60
1962111506 6 231 1286  939      60
1962111512 6 247 1297  946      55
1962111518 5 260 1309  952      50
1962111600 5 278 1326  959      45
1962111606 5 297 1359  960      45
1962111612 5 309 1398  960      45
1962111618 4 314 1435  960      40
1962111700 4 317 1462  970      35
1962111706 4 326 1497  970      35
1962111712 3 334 1537  985      30
1962111718 9 342 1580  986      30
1962111800 9 345 1645  992      25
1962111806 9 345 1715  994      25
66666 0000   34 0035 6222 1 6 Lucy                               20110729
1962112306 0  50 1442 1005       0
1962112312 0  52 1435 1005       0
1962112318 0  53 1427 1005       0
1962112400 0  54 1420 1005       0
1962112406 0  56 1412 1005       0
1962112412 0  58 1403 1005       0
1962112418 0  61 1393 1003       0
1962112500 1  64 1380 1002      15
1962112506 2  66 1364  999      20
1962112512 2  70 1346  997      20
1962112518 2  74 1328  996      20
1962112600 2  79 1311  995      20
1962112606 2  81 1301  994      20
1962112612 3  86 1287  992      25
1962112618 3  91 1274  990      30
1962112700 3  97 1260  990      30
1962112706 3 103 1245  990      30
1962112712 4 107 1229  989      35
1962112718 4 105 1213  989      35
1962112800 4 104 1200  988      35
1962112806 4 106 1185  986      35
1962112812 4 106 1173  981      40
1962112818 4 104 1157  976      40
1962112900 5 102 1145  972      45
1962112906 5 101 1134  973      45
1962112912 5 101 1121  974      45
1962112918 5 100 1112  974      45
1962113000 5 100 1102  976      45
1962113006 4  99 1087  981      40
1962113012 3  98 1070  990      30
1962113018 2 100 1055  995      20
1962120100 1 101 1039 1000      15
1962120106 0 103 1025 1002       0
1962120112 0 104 1008 1005       0
66666 0000   11 0036 0000 1 6 Mary                               20110729
1962120100 0 100 1127 1010       0
1962120106 0  97 1125 1010       0
1962120112 1  95 1123 1006      15
1962120118 2  93 1120 1006      20
1962120200 2  91 1117 1006      20
1962120206 2  88 1115 1004      20
1962120212 3  85 1114 1004      25
1962120218 2  82 1112 1004      20
1962120300 2  80 1112 1004      20
1962120306 1  78 1111 1006      15
1962120312 1  76 1111 1008      15
66666 0000   24 0037 0000 1 6 Nadine                             20110729
1962120518 0  70 1405 1002       0
1962120600 0  80 1410 1002       0
1962120606 0  90 1415 1002       0
1962120612 0 100 1420 1000       0
1962120618 1 110 1427  998      15
1962120700 1 120 1432  996      15
1962120706 1 126 1426  996      15
1962120712 1 130 1429  995      15
1962120718 1 132 1432  995      15
1962120800 2 136 1436  994      20
1962120806 3 140 1439  990      25
1962120812 3 148 1446  990      25
1962120818 3 162 1466  990      25
1962120900 3 177 1487  989      25
1962120906 3 198 1504  983      25
1962120912 3 218 1526  983      25
1962120918 3 237 1550  982      25
1962121000 3 264 1578  980      30
1962121006 3 300 1612  980      30
1962121012 3 314 1640  978      30
1962121018 3 322 1675  976      30
1962121100 9 335 1710  976      30
1962121106 9 350 1740  974      30
1962121112 9 350 1780  976      30
