66666 0000   26 0001 9501 0 6 Chuck                              20110729
1995042718 1  52 1662 1006      12
1995042800 1  55 1663 1004      15
1995042806 1  65 1665 1004      15
1995042812 1  70 1665 1002      15
1995042818 1  73 1662 1002      15
1995042900 2  74 1655  998      18
1995042906 2  73 1645  998      18
1995042912 2  71 1637  998      18
1995042918 2  69 1631  998      18
1995043000 2  67 1627  998      18
1995043006 2  66 1626  998      18
1995043012 2  64 1623  998      18
1995043018 2  59 1619  998      18
1995050100 1  54 1616 1002      15
1995050106 1  59 1619 1002      15
1995050112 1  68 1617 1004      12
1995050118 1  78 1613 1004      12
1995050200 1  88 1608 1004      12
1995050206 1  96 1601 1004      12
1995050212 0 103 1592 1006      10
1995050218 0 110 1582 1006      10
1995050300 0 115 1577 1006      10
1995050306 0 118 1571 1006      10
1995050312 0 120 1565 1006      10
1995050318 0 122 1559 1006      10
1995050400 0 123 1552 1008      10
66666 0000   35 0002 9502 1 6 Deanna                             20110729
1995060100 1 102 1295 1004      12
1995060106 1 108 1284 1002      15
1995060112 1 112 1276 1002      15
1995060118 1 115 1264 1002      15
1995060200 1 120 1250 1002      15
1995060206 1 129 1231 1002      15
1995060212 1 131 1223 1000      15
1995060218 1 136 1212 1000      15
1995060300 2 140 1206  998      18
1995060306 2 145 1195  998      18
1995060312 2 150 1190  995      20
1995060318 2 157 1188  995      20
1995060400 2 163 1184  995      20
1995060406 2 173 1183  995      20
1995060412 2 179 1190  995      20
1995060418 2 186 1191  995      20
1995060500 2 191 1191  995      20
1995060506 2 192 1190  995      20
1995060512 2 192 1190  995      20
1995060518 2 191 1189  990      23
1995060600 2 190 1187  990      23
1995060606 2 189 1186  990      23
1995060612 2 188 1183  990      23
1995060618 2 189 1181  990      23
1995060700 2 191 1179  990      23
1995060706 2 196 1177  990      23
1995060712 2 198 1178  990      23
1995060718 2 209 1182  995      20
1995060800 2 219 1189  998      18
1995060806 1 229 1195  998      15
1995060812 1 240 1215  998      15
1995060818 9 255 1235  996      15
1995060900 9 265 1255  996      15
1995060906 9 285 1285  996      15
1995060912 9 295 1315  996      15
66666 0000   35 0003 9503 0 6 Faye                               20110729
1995071612 1 167 1417 1004      12
1995071618 1 173 1414 1002      15
1995071700 1 178 1410 1002      15
1995071706 1 182 1403 1000      15
1995071712 2 185 1397  998      18
1995071718 2 186 1392  995      18
1995071800 2 187 1384  992      20
1995071806 2 189 1376  990      23
1995071812 2 191 1371  990      23
1995071818 3 193 1362  985      25
1995071900 3 196 1356  980      30
1995071906 3 203 1345  980      30
1995071912 3 208 1336  980      30
1995071918 3 211 1326  980      30
1995072000 3 215 1315  980      30
1995072006 3 220 1307  980      30
1995072012 3 228 1297  980      30
1995072018 3 237 1285  980      30
1995072100 3 244 1276  980      30
1995072106 3 248 1272  980      30
1995072112 4 255 1267  975      33
1995072118 4 262 1263  970      35
1995072200 4 271 1261  970      35
1995072206 4 280 1265  970      35
1995072212 4 291 1270  965      35
1995072218 4 307 1276  960      40
1995072300 4 325 1278  960      40
1995072306 4 343 1278  970      35
1995072312 3 359 1284  980      30
1995072318 2 376 1294  990      23
1995072400 2 392 1308  992      20
1995072406 2 405 1324  995      20
1995072412 2 421 1354  998      18
1995072418 1 432 1383 1000      15
1995072500 1 450 1420 1000      15
66666 0000   23 0004 9504 3 6 Gary                               20110729
1995072712 1 170 1210 1004      12
1995072718 1 175 1208 1002      12
1995072800 1 180 1203 1000      15
1995072806 1 182 1195 1000      15
1995072812 1 182 1195  998      15
1995072818 1 187 1191  998      15
1995072900 1 189 1185  998      15
1995072906 2 190 1180  995      18
1995072912 2 192 1178  995      18
1995072918 2 193 1175  995      20
1995073000 2 193 1175  995      20
1995073006 3 194 1173  990      25
1995073012 3 200 1170  990      25
1995073018 3 213 1170  980      30
1995073100 3 226 1168  980      30
1995073106 3 242 1169  980      30
1995073112 2 258 1166  990      20
1995073118 1 272 1165  998      15
1995080100 1 290 1160  998      12
1995080106 0 305 1163  998      10
1995080112 0 315 1160  998      10
1995080118 0 320 1165  998      10
1995080200 0 320 1165 1000      10
66666 0000   24 0005 9505 0 6 Helen                              20110729
1995080706 1 152 1330 1005      12
1995080712 1 160 1319 1005      12
1995080718 1 169 1309 1005      12
1995080800 1 179 1300 1005      15
1995080806 1 184 1288 1002      15
1995080812 1 186 1271 1002      15
1995080818 1 188 1253 1002      15
1995080900 2 192 1235  998      18
1995080906 2 194 1218  998      18
1995080912 2 193 1203  995      20
1995080918 2 189 1193  995      20
1995081000 2 185 1182  995      20
1995081006 2 178 1168  990      23
1995081012 3 180 1160  985      25
1995081018 3 183 1156  985      25
1995081100 3 190 1155  985      25
1995081106 3 200 1153  980      30
1995081112 3 208 1150  980      30
1995081118 3 214 1147  980      30
1995081200 3 225 1147  980      30
1995081206 2 234 1145  990      23
1995081212 2 241 1145  995      20
1995081218 1 251 1149  998      15
1995081300 1 265 1154 1002      12
66666 0000   14 0006 9506 0 6 Irving                             20110729
1995081700 1 152 1126 1002      12
1995081706 1 158 1123 1002      12
1995081712 1 165 1122 1000      15
1995081718 2 171 1120  998      18
1995081800 2 179 1119  998      18
1995081806 2 185 1121  995      20
1995081812 2 190 1121  995      20
1995081818 2 193 1120  995      20
1995081900 2 195 1117  995      20
1995081906 2 199 1113  995      20
1995081912 2 204 1108  992      20
1995081918 2 207 1103  993      20
1995082000 2 212 1094  998      18
1995082006 1 221 1089 1002      12
66666 0000   32 0007 9507 1 6 Janis                              20110729
1995082018 1 202 1310 1004      12
1995082100 1 201 1305 1002      15
1995082106 1 200 1301 1002      15
1995082112 2 199 1298  998      18
1995082118 2 202 1299  998      18
1995082200 2 204 1302  998      20
1995082206 2 206 1296  998      20
1995082212 2 212 1292  995      20
1995082218 2 220 1284  995      20
1995082300 2 233 1274  995      20
1995082306 2 247 1257  995      20
1995082312 2 253 1249  995      20
1995082318 2 260 1243  995      20
1995082400 3 267 1237  985      25
1995082406 3 271 1232  985      25
1995082412 3 274 1227  985      25
1995082418 3 279 1220  980      30
1995082500 2 284 1213  995      20
1995082506 2 296 1211  995      20
1995082512 2 307 1213  995      20
1995082518 2 325 1215  995      18
1995082600 2 342 1224  995      18
1995082606 2 355 1235  995      18
1995082612 1 367 1255  995      15
1995082618 1 380 1280  992      15
1995082700 1 385 1305  998      15
1995082706 1 392 1331  998      15
1995082712 1 400 1360  998      15
1995082718 9 405 1390  998      15
1995082800 9 405 1425  998      15
1995082806 9 400 1460  998      15
1995082812 9 395 1485  998      15
66666 0000   25 0008 9508 1 6 Lois                               20110729
1995082400 1 174 1168 1002      15
1995082406 1 173 1165 1000      15
1995082412 1 171 1161 1000      15
1995082418 1 171 1161 1000      15
1995082500 1 171 1161 1000      15
1995082506 1 171 1161 1000      15
1995082512 2 172 1159  998      18
1995082518 2 174 1154  998      18
1995082600 2 175 1150  998      18
1995082606 2 176 1143  995      20
1995082612 2 174 1135  995      20
1995082618 2 172 1129  990      23
1995082700 2 171 1125  990      23
1995082706 3 173 1119  985      25
1995082712 3 177 1113  985      25
1995082718 3 179 1110  985      25
1995082800 3 185 1105  980      30
1995082806 3 185 1095  980      30
1995082812 3 189 1087  980      30
1995082818 3 190 1081  980      30
1995082900 3 190 1075  980      30
1995082906 3 191 1069  980      30
1995082912 3 194 1063  980      30
1995082918 3 194 1052  985      25
1995083000 2 191 1043  995      20
66666 0000   30 0009 9509 0 6 Kent                               20110729
1995082418 0 110 1325 1008      10
1995082500 0 115 1315 1008      10
1995082506 1 125 1305 1004      12
1995082512 1 135 1300 1004      12
1995082518 1 143 1293 1004      12
1995082600 1 148 1286 1000      15
1995082606 2 155 1280  998      20
1995082612 2 160 1273  995      23
1995082618 2 165 1267  995      23
1995082700 2 169 1267  995      23
1995082706 2 173 1264  990      23
1995082712 3 173 1264  990      25
1995082718 3 173 1264  985      25
1995082800 3 176 1262  985      25
1995082806 3 178 1262  980      30
1995082812 3 181 1260  980      30
1995082818 3 183 1254  980      30
1995082900 4 184 1249  975      33
1995082906 4 185 1245  970      35
1995082912 4 190 1240  960      40
1995082918 5 196 1233  950      45
1995083000 5 201 1222  950      45
1995083006 5 207 1208  945      50
1995083012 5 211 1197  945      50
1995083018 5 217 1182  950      45
1995083100 5 223 1168  955      45
1995083106 4 227 1152  960      40
1995083112 3 233 1135  985      25
1995083118 1 237 1115  994      15
1995090100 1 242 1099  998      12
66666 0000   15 0010 9510 1 6 Mark                               20110729
1995083000 1 280 1520 1008      12
1995083006 1 290 1530 1008      12
1995083012 1 296 1535 1004      15
1995083018 1 302 1542 1004      15
1995083100 1 308 1555 1000      15
1995083106 2 312 1560  992      20
1995083112 2 315 1568  990      23
1995083118 2 322 1575  990      23
1995090100 3 333 1587  985      25
1995090106 3 347 1604  980      30
1995090112 4 365 1632  970      35
1995090118 3 380 1670  980      30
1995090200 3 392 1692  985      25
1995090206 2 405 1723  995      20
1995090212 1 410 1750 1000      15
66666 0000   22 0011 9511 0 6 Nina                               20110729
1995090212 1 120 1290 1004      12
1995090218 1 127 1277 1004      15
1995090300 1 135 1264 1004      15
1995090306 1 143 1253 1002      15
1995090312 1 153 1242 1002      15
1995090318 1 162 1230 1002      15
1995090400 1 168 1218 1002      15
1995090406 1 169 1200 1002      15
1995090412 2 166 1184  998      18
1995090418 2 165 1173  998      18
1995090500 2 164 1165  998      18
1995090506 2 164 1159  995      20
1995090512 2 166 1152  995      20
1995090518 2 170 1145  995      20
1995090600 2 175 1140  995      20
1995090606 2 182 1133  995      20
1995090612 2 189 1125  995      20
1995090618 2 195 1118  995      20
1995090700 2 204 1106  995      18
1995090706 1 215 1096  998      15
1995090712 1 236 1083 1000      12
1995090718 0 240 1070 1003      10
66666 0000   26 0012 9512 1 6 Oscar                              20110729
1995091200 1 152 1475 1008      12
1995091206 1 162 1471 1004      15
1995091212 1 168 1467 1004      15
1995091218 2 173 1464  996      18
1995091300 2 177 1461  996      20
1995091306 2 189 1450  990      20
1995091312 3 194 1436  985      25
1995091318 3 200 1422  980      30
1995091400 4 204 1412  970      35
1995091406 4 208 1402  970      35
1995091412 4 215 1393  960      40
1995091418 5 223 1386  950      45
1995091500 5 230 1380  940      50
1995091506 6 240 1374  935      55
1995091512 6 249 1370  925      60
1995091518 6 259 1366  925      60
1995091600 6 271 1365  925      60
1995091606 6 282 1366  925      60
1995091612 6 295 1373  925      60
1995091618 6 313 1383  930      55
1995091700 5 334 1397  935      50
1995091706 5 363 1425  950      45
1995091712 4 401 1458  960      40
1995091718 9 424 1504  975      35
1995091800 9 450 1560  980      30
1995091806 9 470 1630  980      30
66666 0000   30 0013 9513 1 6 Polly                              20110729
1995091406 1 162 1236  998      15
1995091412 1 165 1235  998      15
1995091418 1 168 1236  998      15
1995091500 2 170 1237  998      18
1995091506 2 173 1245  998      18
1995091512 2 175 1252  998      18
1995091518 2 178 1261  998      18
1995091600 2 181 1278  990      23
1995091606 2 185 1294  990      23
1995091612 2 189 1311  990      23
1995091618 2 192 1332  990      23
1995091700 2 196 1350  990      23
1995091706 3 194 1367  985      25
1995091712 3 198 1377  985      25
1995091718 3 203 1382  980      30
1995091800 3 210 1382  980      30
1995091806 4 220 1379  975      35
1995091812 4 230 1378  970      35
1995091818 4 241 1378  965      35
1995091900 4 248 1380  965      35
1995091906 4 256 1388  960      40
1995091912 4 265 1400  960      40
1995091918 4 279 1412  960      40
1995092000 4 288 1423  960      40
1995092006 4 298 1439  965      35
1995092012 4 307 1456  965      35
1995092018 4 319 1476  970      35
1995092100 4 331 1495  970      35
1995092106 4 346 1521  975      33
1995092112 3 365 1555  980      30
66666 0000   38 0014 9514 0 6 Ryan                               20110729
1995091500 1 150 1160 1000      12
1995091506 1 150 1160  998      15
1995091512 2 150 1160  995      18
1995091518 2 150 1160  995      18
1995091600 2 148 1155  995      18
1995091606 2 146 1151  995      18
1995091612 2 145 1146  992      20
1995091618 2 142 1142  990      23
1995091700 2 141 1148  990      23
1995091706 2 145 1146  990      23
1995091712 2 147 1146  990      23
1995091718 3 148 1144  985      25
1995091800 3 147 1140  985      25
1995091806 3 146 1137  980      30
1995091812 3 147 1132  980      30
1995091818 3 148 1128  980      30
1995091900 3 150 1126  980      30
1995091906 3 155 1125  980      30
1995091912 4 162 1124  970      35
1995091918 4 168 1124  970      35
1995092000 4 175 1126  960      40
1995092006 5 179 1130  950      45
1995092012 5 183 1138  950      45
1995092018 5 187 1150  950      45
1995092100 5 191 1162  950      45
1995092106 5 198 1175  950      45
1995092112 5 204 1186  950      45
1995092118 5 208 1197  950      45
1995092200 5 214 1209  950      45
1995092206 5 224 1223  950      45
1995092212 5 236 1235  950      45
1995092218 4 249 1247  960      40
1995092300 4 266 1259  965      40
1995092306 4 284 1275  970      35
1995092312 4 305 1289  975      35
1995092318 3 333 1314  980      30
1995092400 3 369 1342  985      25
1995092406 2 398 1380  995      20
66666 0000   29 0015 9515 0 6 Sibyl                              20110729
1995092700 0  77 1367 1006      10
1995092706 1  78 1350 1004      12
1995092712 1  80 1335 1004      12
1995092718 1  82 1323 1002      15
1995092800 1  85 1310 1002      15
1995092806 1  93 1302 1000      15
1995092812 2  99 1294  998      18
1995092818 2 103 1285  995      20
1995092900 2 107 1273  990      23
1995092906 2 113 1264  990      23
1995092912 2 117 1254  990      23
1995092918 2 125 1241  990      23
1995093000 3 129 1233  985      25
1995093006 3 132 1220  985      25
1995093012 3 135 1216  980      30
1995093018 3 146 1211  980      30
1995100100 3 157 1199  980      30
1995100106 3 163 1184  980      30
1995100112 3 168 1171  980      30
1995100118 3 172 1157  980      30
1995100200 3 177 1148  980      30
1995100206 4 186 1141  975      33
1995100212 4 192 1131  975      33
1995100218 4 200 1124  975      33
1995100300 4 208 1117  975      33
1995100306 3 220 1110  980      30
1995100312 2 228 1107  998      18
1995100318 1 234 1110 1000      12
1995100400 0 240 1115 1004      10
66666 0000   24 0016 9516 0 6 Ted                                20110729
1995100812 1 150 1180 1004      15
1995100818 1 150 1180 1004      15
1995100900 1 151 1168 1004      15
1995100906 1 151 1152 1004      15
1995100912 1 150 1135 1002      15
1995100918 1 149 1125 1002      15
1995101000 1 150 1116 1000      15
1995101006 1 152 1112 1000      15
1995101012 2 155 1110  998      18
1995101018 2 161 1105  998      18
1995101100 2 165 1098  998      18
1995101106 2 169 1090  998      18
1995101112 2 173 1084  998      18
1995101118 2 177 1082  995      20
1995101200 2 181 1080  990      23
1995101206 3 184 1079  985      25
1995101212 3 188 1080  985      25
1995101218 3 198 1083  985      25
1995101300 3 207 1086  985      25
1995101306 3 214 1088  990      25
1995101312 2 221 1095  998      18
1995101318 0 225 1110 1003      10
1995101400 0 232 1112 1005       9
1995101406 0 238 1120 1005       9
66666 0000   23 0017 9517 0 6 Val                                20110729
1995100900 1 195 1465 1002      12
1995100906 1 198 1460 1002      12
1995100912 1 202 1453 1000      15
1995100918 1 207 1448 1000      15
1995101000 1 216 1442 1000      15
1995101006 1 225 1434 1000      15
1995101012 1 238 1416 1000      15
1995101018 1 247 1403 1000      15
1995101100 1 255 1390  998      15
1995101106 2 260 1385  995      20
1995101112 2 262 1380  995      20
1995101118 2 267 1373  995      20
1995101200 2 267 1370  995      20
1995101206 2 262 1368  995      20
1995101212 2 256 1375  995      20
1995101218 2 252 1382  996      18
1995101300 1 250 1390  998      15
1995101306 1 250 1395  998      15
1995101312 1 246 1397  998      15
1995101318 1 239 1394  998      15
1995101400 1 233 1390 1000      15
1995101406 1 225 1383 1000      15
1995101412 1 221 1376 1000      15
66666 0000   26 0018 9518 1 6 Ward                               20110729
1995101606 1 123 1535 1006      12
1995101612 1 130 1520 1004      15
1995101618 1 134 1504 1002      15
1995101700 2 138 1485  998      18
1995101706 2 141 1468  998      20
1995101712 2 144 1452  994      20
1995101718 2 148 1438  990      23
1995101800 3 155 1421  980      30
1995101806 4 161 1407  970      35
1995101812 4 167 1394  960      40
1995101818 4 177 1380  960      40
1995101900 4 186 1365  960      40
1995101906 5 197 1355  955      45
1995101912 5 209 1348  955      45
1995101918 5 219 1344  950      45
1995102000 5 228 1342  940      50
1995102006 5 240 1343  940      50
1995102012 5 245 1346  950      45
1995102018 4 250 1350  960      40
1995102100 4 258 1356  965      40
1995102106 4 265 1368  975      35
1995102112 4 273 1381  975      33
1995102118 3 285 1393  980      30
1995102200 3 296 1405  980      28
1995102206 3 309 1437  985      25
1995102212 2 317 1474  995      18
66666 0000   16 0019 9519 1 6 Yvette                             20110729
1995102218 1 105 1310 1006      12
1995102300 1 110 1290 1006      12
1995102306 1 123 1270 1004      15
1995102312 1 128 1245 1004      15
1995102318 1 125 1225 1002      15
1995102400 1 122 1204 1002      15
1995102406 1 123 1190 1002      15
1995102412 1 125 1181 1000      15
1995102418 2 130 1165  998      18
1995102500 2 133 1148  998      18
1995102506 2 136 1132  995      23
1995102512 2 137 1120  990      23
1995102518 2 137 1109  990      23
1995102600 3 134 1099  985      25
1995102606 2 133 1086  995      20
1995102612 1 135 1075 1002      15
66666 0000   32 0020 9520 1 6 Zack                               20110729
1995102500 0  72 1370 1008      10
1995102506 1  75 1362 1004      12
1995102512 1  76 1355 1000      15
1995102518 1  79 1345 1000      15
1995102600 1  80 1336 1000      15
1995102606 1  82 1332 1000      15
1995102612 1  87 1327 1000      15
1995102618 1  91 1318 1000      15
1995102700 2  96 1310  996      18
1995102706 2 101 1298  992      20
1995102712 2 103 1285  990      23
1995102718 3 103 1270  985      25
1995102800 3 105 1258  985      25
1995102806 3 108 1242  985      25
1995102812 3 108 1229  985      25
1995102818 3 110 1217  980      30
1995102900 3 112 1205  980      30
1995102906 3 115 1192  980      30
1995102912 3 117 1182  980      30
1995102918 3 120 1170  980      30
1995103000 3 125 1161  980      30
1995103006 4 131 1154  975      33
1995103012 4 138 1148  970      35
1995103018 4 144 1140  960      40
1995103100 4 147 1132  960      40
1995103106 5 148 1124  955      45
1995103112 5 148 1117  955      45
1995103118 5 148 1106  955      45
1995110100 4 149 1097  960      40
1995110106 3 147 1085  980      30
1995110112 2 146 1072  990      20
1995110118 1 145 1059 1000      15
66666 0000   49 0021 9521 0 6 Angela                             20110729
1995102600 1 100 1450 1006      12
1995102606 1 105 1443 1004      12
1995102612 1 110 1435 1002      15
1995102618 1 116 1427 1000      15
1995102700 2 122 1418  995      20
1995102706 2 127 1409  995      20
1995102712 2 130 1400  995      20
1995102718 2 132 1393  995      20
1995102800 2 132 1388  995      20
1995102806 2 131 1384  995      20
1995102812 2 130 1380  995      20
1995102818 3 130 1380  985      25
1995102900 3 127 1378  985      25
1995102906 3 127 1383  985      25
1995102912 3 123 1380  985      25
1995102918 3 122 1374  985      25
1995103000 3 121 1365  985      25
1995103006 3 119 1359  980      30
1995103012 3 117 1353  980      30
1995103018 3 118 1347  980      30
1995103100 4 120 1336  975      33
1995103106 4 123 1325  970      35
1995103112 4 124 1313  970      35
1995103118 4 124 1302  960      40
1995110100 5 126 1295  950      45
1995110106 6 133 1290  930      55
1995110112 6 141 1282  925      60
1995110118 6 144 1268  925      60
1995110200 6 143 1260  925      60
1995110206 6 142 1251  925      60
1995110212 5 140 1242  940      50
1995110218 4 141 1232  960      40
1995110300 4 142 1219  970      35
1995110306 3 144 1199  980      30
1995110312 3 146 1188  985      25
1995110318 3 146 1178  985      25
1995110400 3 145 1171  985      25
1995110406 3 150 1161  985      25
1995110412 3 153 1147  985      25
1995110418 3 156 1136  985      25
1995110500 3 159 1127  985      25
1995110506 3 165 1118  985      25
1995110512 3 172 1112  985      25
1995110518 3 179 1105  985      25
1995110600 1 182 1097 1000      15
1995110606 1 184 1094 1000      15
1995110612 1 188 1085 1000      15
1995110618 1 190 1074 1000      15
1995110700 1 190 1074 1000      15
66666 0000   12 0022 9522 1 6 Brian                              20110729
1995110100 0 197 1572 1008      10
1995110106 0 200 1554 1008      10
1995110112 0 207 1537 1006      10
1995110118 1 217 1524 1004      12
1995110200 1 230 1513 1002      15
1995110206 1 243 1511 1000      15
1995110212 1 256 1517 1000      15
1995110218 2 270 1530  998      20
1995110300 2 286 1550  998      20
1995110306 2 296 1575  998      20
1995110312 2 305 1605  998      20
1995110318 2 320 1630  998      20
66666 0000   31 0023 0000 0 6 (nameless)                         20110729
1995120700 1  85 1150 1004      12
1995120706 1  90 1145 1002      15
1995120712 1  90 1140 1000      15
1995120718 1  88 1137 1000      15
1995120800 1  85 1135 1002      15   20
1995120806 1  85 1135 1002      15   20
1995120812 1  85 1135 1002      15   20
1995120818 1  82 1135 1002      15   20
1995120900 1  80 1135 1002      15   20
1995120906 1  75 1135 1002      15   20
1995120912 1  78 1140 1002      15   20
1995120918 1  80 1142 1002      15
1995121000 1  83 1140 1004      15
1995121006 1  85 1140 1004      15
1995121012 1  88 1137 1004      15
1995121018 1  90 1135 1004      15
1995121100 1  90 1135 1004      15
1995121106 1  95 1138 1004      15
1995121112 1  95 1135 1004      15
1995121118 1  93 1130 1004      12
1995121200 1  90 1125 1004      12
1995121206 1  90 1120 1004      12
1995121212 1  90 1120 1006      12
1995121218 1  90 1115 1006      12
1995121300 1  90 1110 1006      12
1995121306 1  90 1103 1006      15
1995121312 1  88 1102 1006      15
1995121318 1  85 1100 1006      15
1995121400 1  85 1095 1006      15
1995121406 1  90 1090 1006      12
1995121412 0  90 1090 1008      10
66666 0000   21 0024 9523 1 6 Dan                                20110729
1995122612 1 101 1305 1000      15
1995122618 1 103 1303 1000      15
1995122700 1 102 1300 1000      15
1995122706 2 100 1296  998      18
1995122712 2  98 1290  995      20
1995122718 2  98 1280  995      20
1995122800 2 102 1275  990      20
1995122806 3 107 1277  985      25
1995122812 3 112 1279  985      25
1995122818 3 116 1282  985      25
1995122900 3 121 1285  980      30
1995122906 3 127 1288  980      30
1995122912 3 135 1292  980      30
1995122918 3 147 1299  980      30
1995123000 3 158 1310  980      30
1995123006 3 173 1322  980      30
1995123012 3 186 1345  985      25
1995123018 3 198 1374  985      25
1995123100 2 209 1410  990      20
1995123106 1 220 1440 1000      15
1995123112 1 230 1470 1002      15
