66666 0000   23 0001 0000 0 6 (nameless)                         20110729
1968012006 0  62 1380 1006       0
1968012012 0  75 1380 1002       0
1968012018 0  83 1375 1002       0
1968012100 1  88 1365 1002      12
1968012106 1  92 1356 1002      12
1968012112 1  95 1350 1002      12
1968012118 1  98 1342 1002      12
1968012200 1 100 1335 1002      12
1968012206 1 103 1327 1002      15
1968012212 1 108 1322 1002      15
1968012218 1 112 1321 1002      15
1968012300 1 115 1319 1004      15
1968012306 1 119 1317 1004      15
1968012312 0 121 1312 1006       0
1968012318 0 117 1310 1006       0
1968012400 0 113 1310 1006       0
1968012406 0 109 1311 1006       0
1968012412 0 106 1314 1006       0
1968012418 0 104 1316 1006       0
1968012500 0 103 1320 1008       0
1968012506 0 108 1328 1008       0
1968012512 0 120 1337 1008       0
1968012518 0 135 1350 1008       0
66666 0000   22 0002 0000 0 6 (nameless)                         20110729
1968022606 0  70 1334 1008       0
1968022612 0  71 1325 1008       0
1968022618 0  73 1317 1008       0
1968022700 0  76 1310 1008       0
1968022706 0  81 1305 1006       0
1968022712 0  87 1301 1006       0
1968022718 0  94 1297 1004       0
1968022800 1 100 1296 1002      15
1968022806 2 107 1296 1001      20
1968022812 2 114 1299 1001      20
1968022818 2 121 1302 1001      20
1968022900 2 128 1305 1001      20
1968022906 2 137 1309  999      20
1968022912 2 143 1315 1003      20
1968022918 1 148 1327 1006      15
1968030100 1 156 1338 1008      15
1968030106 1 166 1345 1008      15
1968030112 1 176 1352 1008      15
1968030118 1 187 1360 1008      15
1968030200 1 198 1372 1008      12
1968030206 1 210 1394 1007      12
1968030212 0 216 1413 1008      10
66666 0000   58 0003 0000 0 6 Jean                               20110729
1968040512 0  46 1574 1004       0
1968040518 0  50 1570 1002       0
1968040600 0  54 1568 1000       0
1968040606 1  58 1566 1000      15
1968040612 1  62 1564 1000      15
1968040618 1  66 1560  997      15
1968040700 2  72 1554  994      20
1968040706 2  77 1552  994      20
1968040712 2  81 1549  993      20
1968040718 2  83 1541  992      20
1968040800 3  87 1533  990      25
1968040806 3  91 1528  988      25
1968040812 3  95 1523  983      30
1968040818 4  97 1518  978      35
1968040900 4 100 1513  970      40
1968040906 5 103 1510  963      45
1968040912 5 107 1507  956      50
1968040918 6 113 1500  952      55
1968041000 6 118 1492  950      55
1968041006 6 124 1486  935      60
1968041012 6 131 1479  937      60
1968041018 6 136 1472  935      60
1968041100 6 142 1465  934      65
1968041106 6 150 1459  928      70
1968041112 6 155 1454  939      65
1968041118 6 161 1450  944      60
1968041200 6 167 1448  949      55
1968041206 5 176 1448  956      50
1968041212 5 185 1450  961      45
1968041218 5 192 1452  962      45
1968041300 4 198 1453  964      40
1968041306 4 202 1454  970      40
1968041312 4 205 1455  977      35
1968041318 4 207 1454  981      35
1968041400 3 208 1450  984      30
1968041406 3 205 1449  990      30
1968041412 3 208 1451  995      25
1968041418 3 213 1452  997      25
1968041500 3 217 1453  998      25
1968041506 2 219 1453  999      20
1968041512 2 221 1454 1000      20
1968041518 2 223 1455 1000      20
1968041600 2 225 1457 1000      20
1968041606 2 227 1459 1002      20
1968041612 2 229 1461 1002      20
1968041618 2 232 1462 1002      20
1968041700 1 234 1460 1004      15
1968041706 1 236 1457 1004      15
1968041712 1 236 1454 1004      15
1968041718 1 237 1449 1004      15
1968041800 1 239 1443 1004      15
1968041806 1 243 1438 1006      15
1968041812 1 249 1436 1006      15
1968041818 1 259 1441 1006      15
1968041900 1 270 1450 1006      15
1968041906 0 280 1458 1006       0
1968041912 0 290 1470 1006       0
1968041918 0 300 1490 1006       0
66666 0000   55 0004 6801 1 6 Kim                                20110729
1968052800 0 100 1500 1008       0
1968052806 0 102 1488 1008       0
1968052812 0 104 1476 1008       0
1968052818 0 107 1463 1008       0
1968052900 0 110 1450 1008       0
1968052906 0 112 1440 1008       0
1968052912 0 115 1430 1008       0
1968052918 0 118 1420 1006       0
1968053000 0 121 1410 1006       0
1968053006 0 125 1401 1006       0
1968053012 0 128 1395 1006       0
1968053018 1 133 1386 1006      15
1968053100 1 137 1377 1006      15
1968053106 3 142 1368  995      25
1968053112 4 146 1360  987      35
1968053118 4 149 1353  976      35
1968060100 4 155 1345  973      40
1968060106 4 162 1335  978      35
1968060112 4 167 1331  980      35
1968060118 4 172 1327  977      35
1968060200 4 176 1325  973      35
1968060206 5 180 1323  968      45
1968060212 5 185 1321  963      50
1968060218 5 190 1322  960      50
1968060300 5 195 1322  953      50
1968060306 5 202 1321  949      50
1968060312 5 210 1323  953      50
1968060318 5 219 1329  955      50
1968060400 5 230 1336  957      50
1968060406 5 241 1344  965      45
1968060412 4 250 1354  976      40
1968060418 4 258 1365  982      40
1968060500 4 268 1375  985      35
1968060506 3 276 1386  992      30
1968060512 9 284 1400  996      25
1968060518 9 294 1415  998      25
1968060600 9 302 1430 1000      20
1968060606 9 308 1448 1000      20
1968060612 9 313 1468 1000      15
1968060618 9 318 1489 1000      15
1968060700 9 321 1510 1002       0
1968060706 9 327 1541 1002       0
1968060712 9 333 1572 1000       0
1968060718 9 343 1600  998       0
1968060800 9 349 1630 1000       0
1968060806 9 350 1650 1000       0
1968060812 9 350 1667 1000       0
1968060818 9 350 1687 1000       0
1968060900 9 350 1705 1000       0
1968060906 9 350 1728 1002       0
1968060912 9 350 1750 1004       0
1968060918 9 350 1760 1004       0
1968061000 9 351 1770 1004       0
1968061006 9 352 1783 1006       0
1968061012 9 353 1800 1006       0
66666 0000   14 0005 0000 0 6 (nameless)                         20110729
1968060300 0 200 1147 1004       0
1968060306 0 199 1154 1004      10
1968060312 1 196 1159 1002      15
1968060318 1 195 1164 1002      15
1968060400 1 194 1170 1002      15
1968060406 1 192 1173 1004      12
1968060412 1 188 1173 1004      12
1968060418 1 187 1169 1006      12
1968060500 1 187 1162 1006      12
1968060506 0 186 1154 1007       0
1968060512 0 185 1145 1008       0
1968060518 0 183 1136 1008       0
1968060600 0 180 1130 1009       0
1968060606 0 175 1135 1009       0
66666 0000   34 0006 0000 1 6 (nameless)                         20110729
1968060306 0 128 1600 1006       0
1968060312 0 128 1593 1010       0
1968060318 0 130 1585 1010       0
1968060400 1 133 1577 1010      15
1968060406 1 137 1568 1010      15
1968060412 1 143 1556 1010      15
1968060418 1 148 1542 1010      15
1968060500 1 154 1525 1008      15
1968060506 1 158 1512 1008      15
1968060512 1 162 1498 1006      15
1968060518 1 167 1482 1004      15
1968060600 2 180 1477 1002      20
1968060606 2 190 1477 1002      20
1968060612 2 194 1474 1006      20
1968060618 1 201 1471 1007      15
1968060700 1 210 1472 1008      15
1968060706 1 220 1475 1008      15
1968060712 1 230 1480 1008      15
1968060718 1 240 1485 1010      15
1968060800 1 250 1493 1010      15
1968060806 1 256 1504 1010      15
1968060812 0 259 1519 1012       0
1968060818 0 263 1532 1012       0
1968060900 9 267 1543 1012       0
1968060906 9 274 1559 1012       0
1968060912 9 279 1579 1012       0
1968060918 9 283 1600 1012       0
1968061000 9 285 1622 1012       0
1968061006 9 291 1648 1012       0
1968061012 9 298 1670 1012       0
1968061018 9 309 1698 1012       0
1968061100 9 315 1725 1016       0
1968061106 9 320 1750 1016       0
1968061112 9 325 1775 1016       0
66666 0000   26 0007 6802 0 6 Lucy                               20110729
1968062600 0 129 1561 1010       0
1968062606 0 132 1550 1010       0
1968062612 0 136 1538 1010       0
1968062618 0 139 1526 1010       0
1968062700 0 142 1513 1010       0
1968062706 0 146 1497 1008       0
1968062712 0 149 1480 1006       0
1968062718 1 152 1461 1006      15
1968062800 2 155 1442  998      20
1968062806 3 158 1425  993      30
1968062812 3 164 1412  990      30
1968062818 3 166 1392  988      30
1968062900 4 172 1370  981      35
1968062906 5 179 1353  969      45
1968062912 5 184 1339  956      50
1968062918 6 188 1325  943      55
1968063000 6 194 1312  941      60
1968063006 5 200 1303  958      50
1968063012 5 205 1297  970      45
1968063018 4 210 1293  973      40
1968070100 4 217 1289  977      35
1968070106 4 227 1287  982      35
1968070112 3 239 1285  989      30
1968070118 3 249 1289  992      25
1968070200 1 260 1293 1000      15
1968070206 0 282 1310 1001       0
66666 0000   75 0008 6804 1 6 Mary                               20110729
1968071900 0 130 1520 1000       0
1968071906 0 131 1513 1004       0
1968071912 0 133 1506 1004       0
1968071918 0 136 1499 1004       0
1968072000 0 138 1492 1004       0
1968072006 1 142 1485 1000      15
1968072012 2 147 1479  997      20
1968072018 2 153 1475  995      20
1968072100 2 158 1471  993      20
1968072106 3 165 1466  988      25
1968072112 3 173 1460  985      25
1968072118 3 177 1453  984      25
1968072200 3 180 1447  979      30
1968072206 4 186 1442  969      40
1968072212 5 189 1434  960      45
1968072218 5 191 1427  955      45
1968072300 5 194 1424  951      50
1968072306 5 198 1422  949      50
1968072312 6 201 1418  943      60
1968072318 6 204 1412  932      60
1968072400 6 208 1409  924      65
1968072406 6 216 1400  926      65
1968072412 6 226 1394  931      60
1968072418 6 233 1389  933      60
1968072500 6 239 1383  940      55
1968072506 5 245 1376  948      50
1968072512 5 248 1368  951      45
1968072518 5 255 1367  951      45
1968072600 5 263 1368  955      45
1968072606 4 268 1362  961      40
1968072612 4 281 1361  966      40
1968072618 4 287 1353  966      40
1968072700 4 295 1349  966      40
1968072706 4 299 1347  969      35
1968072712 4 303 1348  970      35
1968072718 4 307 1351  970      35
1968072800 4 315 1347  971      35
1968072806 4 323 1341  975      35
1968072812 3 335 1330  978      25
1968072818 2 340 1312  980      20
1968072900 2 337 1300  980      20
1968072906 1 331 1299  982      15
1968072912 1 328 1308  985      15
1968072918 1 326 1317  986      12
1968073000 1 326 1325  988      12
1968073006 1 325 1332  988      12
1968073012 1 325 1339  990      12
1968073018 1 324 1347  992      12
1968073100 1 324 1357  992      12
1968073106 1 323 1371  992      12
1968073112 1 322 1383  994      12
1968073118 1 320 1395  994      12
1968080100 1 320 1403  996      15
1968080106 1 323 1412  996      15
1968080112 0 327 1417 1000      10
1968080118 0 341 1428 1000       0
1968080200 0 360 1440 1002       0
1968080206 0 373 1451 1004       0
1968080212 0 384 1464 1006       0
1968080218 0 397 1477 1006       0
1968080300 0 410 1490 1006       0
1968080306 0 420 1505 1008       0
1968080312 9 430 1520 1008       0
1968080318 9 435 1535 1008       0
1968080400 9 442 1550 1008       0
1968080406 9 450 1570 1007       0
1968080412 9 460 1600 1004       0
1968080418 9 470 1620 1000       0
1968080500 9 482 1650  998       0
1968080506 9 490 1670  994       0
1968080512 9 500 1690  992       0
1968080518 9 507 1720  990       0
1968080600 9 514 1755  988       0
1968080606 9 518 1782  986       0
1968080612 9 520 1800  986       0
66666 0000   36 0009 6803 0 6 Nadine                             20110729
1968072000 0 182 1330 1006       0
1968072006 0 183 1321 1004       0
1968072012 0 182 1311 1004       0
1968072018 0 182 1300 1004       0
1968072100 0 182 1292 1002       0
1968072106 1 180 1289 1000      15
1968072112 1 179 1286  998      15
1968072118 1 179 1283  998      15
1968072200 2 182 1280  996      20
1968072206 2 186 1270  991      20
1968072212 2 184 1258  989      20
1968072218 2 177 1265  989      20
1968072300 2 184 1264  993      20
1968072306 3 192 1258  992      25
1968072312 3 201 1258  991      25
1968072318 3 205 1255  987      25
1968072400 3 205 1245  985      30
1968072406 3 199 1239  981      30
1968072412 4 198 1233  974      35
1968072418 4 203 1230  972      35
1968072500 4 209 1225  972      35
1968072506 4 213 1219  973      35
1968072512 4 222 1209  974      35
1968072518 4 225 1197  974      35
1968072600 3 223 1180  984      30
1968072606 3 220 1172  980      30
1968072612 3 215 1169  979      30
1968072618 3 216 1173  981      30
1968072700 3 218 1174  985      25
1968072706 3 221 1175  985      25
1968072712 3 222 1178  985      25
1968072718 3 223 1182  985      25
1968072800 3 225 1188  985      25
1968072806 2 230 1200  990      20
1968072812 1 236 1210  994      15
1968072818 0 246 1225  997       0
66666 0000    2 0009 6803 0 6 Nadine(-)1                         20110729
1968072512 3 235 1196  980      30
1968072518 3 239 1188  982      30
66666 0000   19 0010 6805 2 6 Olive                              20110729
1968072112 0 162 1190 1000       0
1968072118 0 171 1183 1000       0
1968072200 0 174 1176 1000      10
1968072206 0 175 1170  998      10
1968072212 1 173 1165  998      15
1968072218 1 172 1160  998      15
1968072300 1 171 1154  998      15
1968072306 1 169 1146  996      15
1968072312 1 168 1139  994      15
1968072318 2 167 1129  994      20
1968072400 2 168 1119  994      20
1968072406 2 165 1122  992      20
1968072412 3 164 1126  990      25
1968072418 3 164 1130  990      25
1968072500 3 164 1135  988      25
1968072506 3 164 1144  988      25
1968072512 3 165 1153  988      25
1968072518 3 176 1172  986      25
1968072600 2 195 1185  988      20
66666 0000   21 0011 0000 0 6 (nameless)                         20110729
1968072700 0 249 1569 1008       0
1968072706 0 255 1565 1008       0
1968072712 0 261 1559 1008       0
1968072718 0 266 1555 1006       0
1968072800 0 275 1550 1006       0
1968072806 0 280 1545 1004       0
1968072812 0 285 1540 1002       0
1968072818 0 290 1536  998       0
1968072900 0 299 1529  997       0
1968072906 1 306 1520  996      15
1968072912 1 311 1511  996      15
1968072918 1 316 1504  995      15
1968073000 1 324 1497  994      15
1968073006 1 330 1491  993      15
1968073012 1 340 1480  992      15
1968073018 1 350 1476  992      15
1968073100 1 360 1476  994      15
1968073106 1 365 1489  994      15
1968073112 1 370 1500  994      15
1968073118 0 378 1506  998       0
1968080100 0 390 1510  998       0
66666 0000   20 0012 0000 0 6 (nameless)                         20110729
1968072800 0 210 1500 1006       0
1968072806 0 220 1490 1004       0
1968072812 0 230 1480 1002       0
1968072818 0 240 1470 1000       0
1968072900 0 250 1465  998       0
1968072906 0 260 1470  998       0
1968072912 0 267 1481  998       0
1968072918 0 275 1491  998       0
1968073000 0 281 1501  998       0
1968073006 1 285 1505  997      15
1968073012 1 291 1509  996      15
1968073018 1 295 1510  996      15
1968073100 1 300 1513  996      15
1968073106 1 305 1519  996      15
1968073112 1 308 1529  996      15
1968073118 0 312 1537  998       0
1968080100 0 318 1540  998       0
1968080106 0 325 1532 1002       0
1968080112 0 335 1515 1002       0
1968080118 0 350 1500 1002       0
66666 0000   15 0013 0000 1 6 (nameless)                         20110729
1968080306 0 165 1140 1003      10
1968080312 0 157 1135 1003      10
1968080318 0 158 1124 1003      10
1968080400 0 162 1115 1003      10
1968080406 0 166 1109 1003      10
1968080412 0 170 1105 1003      10
1968080418 0 174 1100 1003      10
1968080500 1 178 1096 1003      12
1968080506 0 185 1093 1002       9   15
1968080512 0 193 1096 1002       9
1968080518 0 202 1090 1002      10
1968080600 0 207 1080 1002      10
1968080606 0 206 1070 1002      10
1968080612 0 206 1060 1002       0
1968080618 0 205 1050 1002       0
66666 0000   59 0014 6807 0 6 Polly                              20110729
1968080312 0 172 1630 1006       0
1968080318 0 173 1613 1006       0
1968080400 0 176 1602 1006       0
1968080406 0 180 1592 1006       0
1968080412 0 189 1585 1006       0
1968080418 0 197 1580 1004       0
1968080500 0 205 1576 1002       0
1968080506 0 215 1572 1002       0
1968080512 0 227 1568 1002       0
1968080518 1 236 1573 1002      15
1968080600 2 242 1565  996      20
1968080606 2 238 1567  993      20
1968080612 2 238 1559  990      20
1968080618 2 244 1560  987      20
1968080700 3 241 1560  983      25
1968080706 3 244 1552  983      25
1968080712 3 246 1546  983      25
1968080718 3 248 1536  977      25
1968080800 3 252 1526  975      30
1968080806 3 250 1512  975      30
1968080812 3 255 1500  975      30
1968080818 3 266 1487  975      30
1968080900 3 272 1471  975      30
1968080906 3 281 1456  975      30
1968080912 3 292 1439  975      30
1968080918 3 303 1421  975      30
1968081000 4 314 1403  973      35
1968081006 4 321 1388  973      35
1968081012 4 324 1376  975      35
1968081018 4 325 1367  977      35
1968081100 3 323 1356  977      30
1968081106 3 317 1347  979      30
1968081112 3 312 1338  980      30
1968081118 3 307 1332  981      30
1968081200 3 299 1325  982      30
1968081206 3 294 1316  983      30
1968081212 3 293 1302  983      30
1968081218 3 288 1292  981      30
1968081300 3 283 1282  981      30
1968081306 3 283 1272  980      30
1968081312 3 285 1263  980      30
1968081318 4 284 1252  973      35
1968081400 4 281 1246  969      35
1968081406 4 278 1244  969      35
1968081412 4 278 1238  965      40
1968081418 4 274 1242  965      40
1968081500 4 283 1244  968      40
1968081506 4 286 1245  972      40
1968081512 4 292 1255  974      40
1968081518 4 306 1264  976      40
1968081600 4 325 1275  973      40
1968081606 4 345 1292  975      40
1968081612 4 370 1312  981      35
1968081618 3 397 1330  982      30
1968081700 3 423 1350  985      25
1968081706 1 437 1354  990      15
1968081712 9 453 1358  990      10
1968081718 9 468 1348  998      10
1968081800 9 473 1340 1000      10
66666 0000   36 0015 6806 1 6 Rose                               20110729
1968080500 0 150 1410 1008       0
1968080506 0 150 1402 1006       0
1968080512 0 149 1393 1006       0
1968080518 0 149 1383 1006       0
1968080600 0 149 1374 1006       0
1968080606 0 150 1364 1006       0
1968080612 0 151 1356 1005       0
1968080618 0 152 1347 1005       0
1968080700 0 152 1338 1005       0
1968080706 0 153 1329 1004       0
1968080712 0 154 1322 1004       0
1968080718 0 156 1313 1004       0
1968080800 0 158 1305 1004       0
1968080806 0 161 1296 1002       0
1968080812 0 163 1288 1002       0
1968080818 0 166 1280 1002       0
1968080900 1 168 1272 1002      15
1968080906 1 170 1264  998      15
1968080912 1 171 1255  998      15
1968080918 1 172 1245  998      15
1968081000 2 174 1228  998      20
1968081006 2 176 1215  996      20
1968081012 3 178 1202  992      25
1968081018 3 181 1186  985      30
1968081100 4 182 1167  980      35
1968081106 4 182 1154  977      35
1968081112 4 183 1142  976      35
1968081118 4 185 1130  975      35
1968081200 4 186 1120  970      35
1968081206 4 187 1110  970      35
1968081212 3 190 1102  975      30
1968081218 3 193 1094  982      30
1968081300 3 196 1084  985      30
1968081306 3 199 1074  990      25
1968081312 2 201 1065  990      20
1968081318 1 202 1055 1000      15
66666 0000   13 0016 0000 0 6 (nameless)                         20110729
1968080900 1 194 1390 1002      12
1968080906 1 200 1390  999      12
1968080912 0 205 1394 1002       0
1968080918 0 209 1399 1002       0
1968081000 0 219 1408 1002       0
1968081006 0 234 1416 1002       0
1968081012 0 250 1420 1002       0
1968081018 0 265 1420 1002       0
1968081100 0 284 1420 1002       0
1968081106 0 300 1421 1004       0
1968081112 0 315 1424 1006       0
1968081118 0 330 1430 1006       0
1968081200 0 350 1440 1006       0
66666 0000   38 0017 6808 0 6 Shirley                            20110729
1968081406 0 136 1444 1006       0
1968081412 0 136 1439 1006       0
1968081418 0 135 1433 1006       0
1968081500 0 132 1425 1006       0
1968081506 0 130 1416 1006       0
1968081512 0 130 1404 1006       0
1968081518 0 137 1391 1006       0
1968081600 0 145 1379 1006       0
1968081606 0 152 1366 1004       0
1968081612 0 157 1350 1004       0
1968081618 0 162 1335 1004       0
1968081700 1 164 1319 1001      15
1968081706 1 164 1304  998      15
1968081712 2 161 1293  996      20
1968081718 2 159 1280  993      20
1968081800 2 158 1268  988      20
1968081806 3 162 1258  983      25
1968081812 3 167 1252  978      30
1968081818 4 172 1240  968      35
1968081900 4 174 1228  963      35
1968081906 4 177 1215  966      35
1968081912 4 182 1202  969      35
1968081918 4 186 1194  972      35
1968082000 4 189 1186  977      35
1968082006 4 193 1177  976      35
1968082012 4 196 1170  970      35
1968082018 4 202 1162  970      35
1968082100 4 208 1153  966      40
1968082106 4 216 1147  963      40
1968082112 4 223 1141  965      35
1968082118 1 230 1132  977      15   20
1968082200 0 238 1123  988      10   15
1968082206 0 245 1123  993       9
1968082212 0 250 1123  995       9
1968082218 0 258 1121  995       9
1968082300 0 260 1115  996       9
1968082306 0 259 1108  997       9
1968082312 0 257 1098  998       9
66666 0000   13 0018 0000 0 6 (nameless)                         20110729
1968082200 0 148 1350 1010       0
1968082206 0 148 1344 1010       0
1968082212 0 150 1336 1008       0
1968082218 0 155 1325 1008       0
1968082300 0 162 1312 1008       0
1968082306 0 178 1300 1006       0
1968082312 0 186 1294 1006       0
1968082318 1 198 1290 1004      12
1968082400 1 206 1294 1002      12
1968082406 1 213 1303 1002      12
1968082412 1 225 1313 1000      12
1968082418 1 240 1313 1000      12
1968082500 0 257 1303 1000       0
66666 0000   45 0019 6809 1 6 Trix                               20110729
1968082200 0 200 1383 1004       0
1968082206 1 214 1374 1002      15
1968082212 1 222 1365 1000      15
1968082218 1 227 1355 1000      15
1968082300 1 233 1343  998      15
1968082306 1 237 1331  995      15
1968082312 1 241 1319  991      15
1968082318 2 244 1307  987      20
1968082400 2 245 1296  987      20
1968082406 2 242 1288  987      20
1968082412 2 234 1281  987      20
1968082418 2 224 1286  985      20
1968082500 3 230 1301  984      25
1968082506 3 242 1301  988      25
1968082512 3 247 1295  991      25
1968082518 3 249 1295  982      25
1968082600 3 253 1293  978      25
1968082606 3 251 1291  982      25
1968082612 3 251 1294  985      25
1968082618 3 255 1294  982      25
1968082700 3 263 1293  980      30
1968082706 3 267 1293  980      30
1968082712 3 271 1296  983      30
1968082718 3 279 1295  982      30
1968082800 3 285 1291  980      30
1968082806 3 297 1291  982      25
1968082812 3 306 1294  984      25
1968082818 3 317 1307  984      25
1968082900 3 336 1322  986      25
1968082906 3 355 1351  986      25
1968082912 9 374 1394  990      25
1968082918 9 415 1433  986       0
1968083000 9 449 1470  984       0
1968083006 9 469 1490  982       0
1968083012 9 484 1510  984       0
1968083018 9 490 1540  984       0
1968083100 9 494 1585  990       0
1968083106 9 504 1615  992       0
1968083112 9 510 1640  994       0
1968083118 9 514 1665  996       0
1968090100 9 510 1690 1000       0
1968090106 9 497 1717 1000       0
1968090112 9 487 1737 1004       0
1968090118 9 476 1756 1006       0
1968090200 9 460 1780 1006       0
66666 0000    9 0020 0000 1 6 Virginia                           20110729
1968082400 0 210 1774 1008       0
1968082406 1 233 1762 1004      15
1968082412 1 260 1765 1000      15
1968082418 2 282 1772  998      20
1968082500 3 309 1778  990      25
1968082506 3 326 1780  990      25
1968082512 3 342 1784  990      25
1968082518 3 357 1788  990      25
1968082600 3 374 1795  990      25
66666 0000   55 0021 6811 1 6 Wendy                              20110729
1968082700 1 154 1508 1004      15
1968082706 2 155 1505 1000      20
1968082712 2 156 1503 1000      20
1968082718 2 157 1500  996      20
1968082800 3 159 1495  991      25
1968082806 3 161 1488  986      30
1968082812 4 161 1480  981      35
1968082818 4 161 1473  976      35
1968082900 4 161 1466  970      35
1968082906 4 162 1460  965      40
1968082912 5 164 1458  961      45
1968082918 6 169 1458  941      55
1968083000 6 175 1456  926      65
1968083006 6 178 1449  925      65
1968083012 6 184 1444  922      65
1968083018 6 190 1439  918      70
1968083100 6 194 1433  918      70
1968083106 6 197 1426  923      65
1968083112 6 203 1418  931      60
1968083118 6 210 1405  934      60
1968090100 6 213 1392  936      60
1968090106 6 216 1380  939      55
1968090112 6 219 1367  940      55
1968090118 6 222 1354  940      55
1968090200 6 224 1340  936      55
1968090206 6 227 1324  936      55
1968090212 6 230 1308  940      55
1968090218 6 230 1294  945      55
1968090300 6 228 1282  945      55
1968090306 6 225 1270  945      55
1968090312 6 221 1260  945      55
1968090318 6 219 1249  945      55
1968090400 6 217 1241  945      55
1968090406 6 216 1236  948      55
1968090412 5 215 1231  963      45
1968090418 4 215 1226  969      40
1968090500 4 216 1222  972      40
1968090506 4 217 1218  974      40
1968090512 4 217 1214  975      35
1968090518 4 217 1210  972      35
1968090600 4 217 1205  971      35
1968090606 4 219 1203  970      35
1968090612 4 221 1199  965      40
1968090618 5 221 1193  950      45
1968090700 5 220 1188  957      45
1968090706 5 220 1181  959      45
1968090712 4 219 1170  960      40
1968090718 4 217 1157  965      40
1968090800 4 212 1144  965      40
1968090806 4 212 1132  965      40
1968090812 4 211 1115  965      40
1968090818 3 210 1099  980      30
1968090900 2 208 1084  990      20
1968090906 1 207 1070  996      15
1968090912 0 206 1055 1000      10
66666 0000    3 0021 6811 0 6 Wendy(-)1                          20110729
1968090600 1 236 1198  993      15
1968090606 1 245 1200  994      15
1968090612 1 250 1205  997      12
66666 0000   62 0022 6812 1 6 Agnes                              20110729
1968082706 0 110 1730 1008       0
1968082712 0 116 1727 1008       0
1968082718 0 124 1724 1006       0
1968082800 0 133 1722 1006       0
1968082806 0 140 1718 1004       0
1968082812 0 145 1715 1004       0
1968082818 0 152 1708 1002       0
1968082900 1 158 1701 1002      15
1968082906 1 162 1691 1000      15
1968082912 2 167 1681  998      20
1968082918 3 171 1669  996      25
1968083000 3 172 1657  990      30
1968083006 4 174 1642  987      35
1968083012 4 174 1624  986      35
1968083018 5 172 1607  977      45
1968083100 5 168 1591  968      50
1968083106 5 163 1574  963      50
1968083112 6 161 1556  957      55
1968083118 6 161 1538  951      60
1968090100 6 162 1522  956      60
1968090106 6 161 1505  963      55
1968090112 5 161 1491  964      50
1968090118 5 162 1479  965      50
1968090200 5 164 1466  964      50
1968090206 5 167 1452  962      50
1968090212 5 169 1441  960      50
1968090218 5 171 1430  957      50
1968090300 6 176 1418  953      55
1968090306 6 178 1407  944      60
1968090312 6 183 1398  926      70
1968090318 6 185 1389  907      75
1968090400 6 187 1383  902      75
1968090406 6 193 1376  909      75
1968090412 6 194 1369  915      65
1968090418 6 193 1367  922      65
1968090500 6 192 1365  929      65
1968090506 6 191 1367  934      65
1968090512 6 191 1370  935      65
1968090518 6 193 1371  938      60
1968090600 6 194 1372  941      60
1968090606 6 199 1373  947      55
1968090612 5 204 1370  956      50
1968090618 5 203 1366  959      50
1968090700 5 202 1368  960      50
1968090706 5 210 1371  966      45
1968090712 5 218 1374  971      45
1968090718 4 227 1374  973      40
1968090800 4 236 1374  973      40
1968090806 4 243 1376  976      40
1968090812 4 252 1375  980      35
1968090818 4 264 1387  978      35
1968090900 4 279 1407  975      35
1968090906 4 297 1430  975      35
1968090912 3 317 1459  980      30
1968090918 3 332 1490  980      30
1968091000 3 360 1540  980      30
1968091006 9 405 1585  982      25
1968091012 9 430 1610  982       0
1968091018 9 454 1634  984       0
1968091100 9 480 1661  986       0
1968091106 9 498 1700  986       0
1968091112 9 500 1760  990       0
66666 0000   49 0023 6810 0 6 Bess                               20110729
1968082918 0 232 1197  999       0
1968083000 0 223 1196  999       0
1968083006 0 215 1198  999       0
1968083012 1 208 1192  998      15
1968083018 1 202 1185  998      15
1968083100 2 199 1178  998      20
1968083106 2 198 1172  995      20
1968083112 2 197 1168  995      20
1968083118 2 196 1164  992      20
1968090100 2 196 1158  990      20
1968090106 2 198 1154  987      20
1968090112 3 198 1148  985      25
1968090118 3 197 1144  985      25
1968090200 3 196 1142  985      25
1968090206 3 196 1139  985      25
1968090212 3 196 1136  984      25
1968090218 3 196 1131  982      25
1968090300 3 196 1126  982      25
1968090306 3 192 1122  981      30
1968090312 4 186 1119  978      35
1968090318 4 182 1115  977      35
1968090400 4 179 1110  975      35
1968090406 4 178 1103  967      40
1968090412 4 174 1097  965      40
1968090418 4 171 1093  966      40
1968090500 4 169 1089  970      35
1968090506 4 166 1085  970      35
1968090512 3 165 1080  975      30
1968090518 3 164 1075  980      25
1968090600 2 161 1082  985      20
1968090606 1 165 1089  990      15
1968090612 1 170 1093  995      12
1968090618 0 174 1094  995      10
1968090700 0 177 1097  995      10
1968090706 0 176 1101  995      10
1968090712 0 175 1105  995      10
1968090718 0 173 1112  995      10
1968090800 0 172 1118  998      10
1968090806 0 171 1125  998      10
1968090812 0 169 1132  998      10
1968090818 0 174 1139  998      10
1968090900 0 181 1139  998      10
1968090906 0 185 1135  998      10
1968090912 0 186 1128  998      10
1968090918 0 187 1120 1000      10
1968091000 0 192 1111 1000      10
1968091006 0 202 1102 1003       9
1968091012 0 198 1078 1000       9
1968091018 0 192 1062 1000       0
66666 0000   39 0024 0000 1 6 (nameless)                         20110729
1968090200 0 142 1641 1002       0
1968090206 0 145 1639 1002       0
1968090212 0 150 1636 1002       0
1968090218 0 155 1633 1002       0
1968090300 0 160 1630 1002       0
1968090306 0 165 1625 1002       0
1968090312 0 171 1619 1002       0
1968090318 0 177 1614 1002       0
1968090400 0 185 1607 1002       0
1968090406 0 192 1600 1002       0
1968090412 0 201 1592 1002       0
1968090418 0 214 1586 1002       0
1968090500 0 228 1582 1002       0
1968090506 1 243 1579 1000      15
1968090512 1 255 1577 1000      15
1968090518 1 269 1571 1000      15
1968090600 9 281 1567  996      15
1968090606 9 294 1561  996      15
1968090612 9 305 1556  994      15
1968090618 9 316 1553  992      15
1968090700 9 330 1550  990      15
1968090706 9 340 1550  990      15
1968090712 9 349 1550  990      15
1968090718 9 358 1553  990      15
1968090800 9 365 1559  990      15
1968090806 9 376 1566  990      15
1968090812 9 387 1573  990      15
1968090818 9 399 1574  990       0
1968090900 9 410 1570  990       0
1968090906 9 419 1557  988       0
1968090912 9 424 1539  986       0
1968090918 9 433 1522  984       0
1968091000 9 444 1519  980       0
1968091006 9 450 1522  982       0
1968091012 9 456 1525  982       0
1968091018 9 464 1527  980       0
1968091100 9 470 1530  980       0
1968091106 9 476 1541  980       0
1968091112 9 479 1559  982       0
66666 0000   61 0025 6813 0 6 Della                              20110729
1968091118 0 157 1483 1008       0
1968091200 0 157 1476 1008       0
1968091206 0 157 1471 1008       0
1968091212 0 155 1465 1008       0
1968091218 0 154 1455 1008       0
1968091300 0 154 1446 1007       0
1968091306 0 157 1439 1006       0
1968091312 0 160 1428 1006       0
1968091318 0 162 1418 1006       0
1968091400 0 165 1408 1006       0
1968091406 0 167 1398 1006       0
1968091412 0 170 1388 1006       0
1968091418 0 173 1377 1006       0
1968091500 0 178 1365 1006       0
1968091506 1 182 1360 1004      15
1968091512 1 188 1359 1004      15
1968091518 1 194 1360 1004      15
1968091600 1 199 1359 1004      15
1968091606 1 198 1356 1002      15
1968091612 1 196 1354 1000      15
1968091618 1 194 1352 1000      15
1968091700 1 192 1347  995      15
1968091706 1 188 1343  995      15
1968091712 1 183 1342  995      15
1968091718 2 178 1342  991      20
1968091800 3 173 1340  986      25
1968091806 3 171 1336  981      30
1968091812 4 171 1333  975      35
1968091818 4 170 1330  969      35
1968091900 4 167 1325  965      40
1968091906 4 168 1317  961      40
1968091912 5 172 1311  956      45
1968091918 5 175 1306  953      45
1968092000 5 179 1301  950      45
1968092006 5 184 1297  947      50
1968092012 5 189 1291  946      50
1968092018 5 195 1286  946      50
1968092100 6 201 1282  945      55
1968092106 6 208 1276  945      55
1968092112 6 214 1268  943      55
1968092118 6 221 1259  935      60
1968092200 6 228 1255  930      60
1968092206 6 236 1253  931      60
1968092212 6 242 1254  933      55
1968092218 6 249 1257  934      55
1968092300 6 257 1260  942      55
1968092306 6 267 1269  942      55
1968092312 5 276 1275  945      50
1968092318 5 286 1282  948      45
1968092400 5 295 1288  955      45
1968092406 4 303 1296  960      40
1968092412 4 313 1302  965      40
1968092418 3 324 1304  980      30
1968092500 2 330 1303 1002      20
1968092506 1 328 1301 1006      15
1968092512 1 325 1301 1009      15
1968092518 0 323 1301 1010       0
1968092600 0 320 1300 1011       0
1968092606 0 317 1298 1011       0
1968092612 0 317 1294 1013       0
1968092618 0 320 1290 1013       0
66666 0000   43 0026 0000 0 6 Carmen                             20110729
1968091500 0 164 1524 1008       0
1968091506 0 166 1520 1006       0
1968091512 0 168 1516 1004       0
1968091518 0 170 1513 1002       0
1968091600 1 172 1508 1000      15
1968091606 2 172 1504  995      20
1968091612 3 169 1499  990      25
1968091618 3 168 1495  987      25
1968091700 3 170 1489  983      25
1968091706 4 173 1483  976      35
1968091712 4 175 1479  966      40
1968091718 5 177 1475  955      45
1968091800 5 182 1472  942      45
1968091806 5 190 1468  935      50
1968091812 5 197 1466  937      50
1968091818 5 208 1464  938      50
1968091900 5 217 1460  937      50
1968091906 6 225 1456  935      55
1968091912 6 233 1451  935      55
1968091918 6 240 1448  936      55
1968092000 5 250 1445  938      50
1968092006 5 258 1440  944      50
1968092012 5 266 1433  951      45
1968092018 5 276 1428  955      45
1968092100 4 288 1428  955      40
1968092106 4 299 1431  956      40
1968092112 4 307 1433  957      40
1968092118 4 313 1438  958      40
1968092200 4 320 1440  960      40
1968092206 4 327 1441  968      35
1968092212 4 336 1443  974      35
1968092218 3 344 1447  974      30
1968092300 3 354 1452  975      30
1968092306 3 366 1465  975      30
1968092312 3 380 1485  980      25
1968092318 3 389 1505  985      25
1968092400 3 397 1529  990      25
1968092406 9 402 1546  996      20
1968092412 9 406 1565  998      20
1968092418 9 409 1581  998      20
1968092500 9 410 1600 1000      15
1968092506 9 412 1645 1000       0
1968092512 9 421 1710 1004       0
66666 0000   40 0027 6814 0 6 Elaine                             20110729
1968092206 0  63 1423 1004       0
1968092212 0  69 1412 1006       0
1968092218 0  74 1395 1004       0
1968092300 0  80 1380 1006       0
1968092306 1  84 1367 1004      15
1968092312 1  87 1359 1004      15
1968092318 1  89 1351 1003      15
1968092400 1  92 1342 1003      15
1968092406 1  96 1332  998      15
1968092412 2 101 1321  992      20
1968092418 3 108 1310  985      25
1968092500 3 114 1304  979      30
1968092506 3 121 1299  980      30
1968092512 3 128 1295  986      30
1968092518 3 133 1288  985      30
1968092600 4 139 1281  971      40
1968092606 5 145 1277  956      50
1968092612 6 152 1270  945      55
1968092618 6 158 1260  930      65
1968092700 6 164 1252  915      70
1968092706 6 170 1245  910      75
1968092712 6 172 1238  916      70
1968092718 6 173 1232  921      65
1968092800 6 175 1227  927      60
1968092806 6 178 1223  935      60
1968092812 6 182 1218  942      55
1968092818 5 188 1210  950      50
1968092900 5 190 1202  958      45
1968092906 4 193 1195  970      40
1968092912 4 196 1191  971      40
1968092918 4 199 1186  975      40
1968093000 4 204 1183  976      40
1968093006 4 209 1182  977      40
1968093012 4 217 1179  978      40
1968093018 4 221 1173  978      40
1968100100 4 226 1169  978      35
1968100106 3 228 1165  980      30
1968100112 2 231 1161 1003      20
1968100118 0 235 1165 1006      10
1968100200 0 238 1172 1006      10
66666 0000   43 0028 0000 1 6 Faye                               20110729
1968093012 0 130 1610 1008       0
1968093018 0 133 1605 1008       0
1968100100 0 136 1601 1008       0
1968100106 0 139 1596 1008       0
1968100112 0 142 1592 1002       0
1968100118 1 145 1586 1000      15
1968100200 2 148 1582  998      20
1968100206 2 151 1576  998      20
1968100212 2 153 1580  998      20
1968100218 3 150 1583  990      25
1968100300 4 154 1582  979      35
1968100306 4 156 1588  971      35
1968100312 4 162 1591  964      40
1968100318 4 168 1597  956      40
1968100400 5 172 1602  942      50
1968100406 6 176 1610  938      55
1968100412 6 180 1618  938      60
1968100418 6 183 1626  925      65
1968100500 6 186 1633  914      70
1968100506 6 189 1636  913      70
1968100512 6 192 1639  917      70
1968100518 6 195 1641  920      65
1968100600 6 198 1644  920      65
1968100606 6 202 1644  924      65
1968100612 6 206 1643  931      60
1968100618 6 211 1642  934      60
1968100700 6 217 1641  938      55
1968100706 6 224 1640  945      55
1968100712 5 230 1637  950      50
1968100718 5 238 1633  954      50
1968100800 5 247 1632  958      45
1968100806 4 258 1629  967      40
1968100812 4 270 1625  974      40
1968100818 4 281 1623  970      40
1968100900 4 294 1625  965      40
1968100906 4 310 1637  965      40
1968100912 4 330 1650  965      40
1968100918 4 360 1662  970      35
1968101000 4 396 1670  975      35
1968101006 9 430 1668  975      35
1968101012 9 480 1670  975       0
1968101018 9 512 1669  970       0
1968101100 9 549 1651  964       0
66666 0000   16 0029 0000 0 6 (nameless)                         20110729
1968100906 0 100 1476 1006       0
1968100912 0 101 1464 1006       0
1968100918 0 103 1456 1006       0
1968101000 0 106 1448 1006       0
1968101006 0 107 1440 1006       0
1968101012 0 109 1431 1006       0
1968101018 0 111 1421 1006       0
1968101100 0 115 1411 1008       0
1968101106 0 115 1404 1008       0
1968101112 0 115 1395 1008       0
1968101118 0 116 1386 1008       0
1968101200 1 120 1380 1006      15
1968101206 1 125 1382 1006      12
1968101212 0 128 1386 1008       0
1968101218 0 130 1392 1008       0
1968101300 0 132 1398 1008       0
66666 0000   52 0030 6815 2 6 Gloria                             20110729
1968101206 0  70 1422 1006       0
1968101212 0  74 1417 1006       0
1968101218 0  79 1412 1005       0
1968101300 0  84 1407 1005       0
1968101306 0  90 1401 1004       0
1968101312 0  95 1396 1004       0
1968101318 0 100 1386 1004       0
1968101400 1 102 1376 1004      15
1968101406 1 104 1367 1004      15
1968101412 1 107 1360 1003      15
1968101418 1 111 1355 1002      15
1968101500 1 114 1353 1001      15
1968101506 1 119 1350 1000      15
1968101512 1 125 1350  998      15
1968101518 2 132 1349  996      20
1968101600 2 140 1348  994      20
1968101606 3 147 1347  992      25
1968101612 3 150 1345  990      25
1968101618 3 154 1340  988      30
1968101700 4 156 1334  984      35
1968101706 4 163 1332  977      35
1968101712 4 170 1331  975      35
1968101718 4 174 1330  970      35
1968101800 4 177 1330  964      35
1968101806 4 182 1330  962      40
1968101812 4 186 1330  960      40
1968101818 5 191 1329  958      45
1968101900 5 196 1328  951      45
1968101906 5 201 1328  952      45
1968101912 4 209 1328  961      40
1968101918 4 215 1324  963      40
1968102000 4 221 1322  964      40
1968102006 4 227 1319  965      40
1968102012 4 231 1321  966      35
1968102018 4 233 1325  966      35
1968102100 4 238 1326  965      35
1968102106 4 242 1329  965      35
1968102112 4 245 1331  967      35
1968102118 4 248 1332  967      35
1968102200 4 252 1332  968      35
1968102206 4 258 1332  970      35
1968102212 3 263 1333  974      30
1968102218 3 260 1331  977      30
1968102300 3 258 1335  979      30
1968102306 3 263 1340  983      30
1968102312 3 268 1345  984      30
1968102318 3 274 1350  985      30
1968102400 3 283 1358  985      25
1968102406 3 294 1375  985      25
1968102412 3 305 1397  985      25
1968102418 2 316 1416  986      20
1968102500 2 330 1450  990      20
66666 0000   18 0031 6816 1 6 Hester                             20110729
1968101606 0 140 1183 1006       0
1968101612 0 134 1167 1006       0
1968101618 0 130 1158 1004       0
1968101700 1 124 1154 1002      15
1968101706 1 119 1153 1002      15
1968101712 1 116 1148 1000      15
1968101718 2 115 1139 1000      20
1968101800 2 115 1132  998      20
1968101806 3 115 1125  998      25
1968101812 3 115 1120  998      25
1968101818 3 114 1114  997      25
1968101900 3 113 1109  994      25
1968101906 3 110 1103  990      25
1968101912 3 109 1095  988      25
1968101918 3 111 1089  990      25
1968102000 2 111 1079 1000      20
1968102006 1 107 1067 1004      15
1968102012 0 105 1055 1004       0
66666 0000   36 0032 0000 1 6 Irma                               20110729
1968101800 0  91 1650 1008       0
1968101806 0  93 1636 1006       0
1968101812 0  94 1620 1006       0
1968101818 0  95 1607 1006       0
1968101900 0  97 1592 1006       0
1968101906 0  99 1577 1006       0
1968101912 0 101 1564 1006       0
1968101918 0 104 1552 1004       0
1968102000 0 109 1538 1004       0
1968102006 0 114 1523 1004       0
1968102012 0 120 1512 1002       0
1968102018 1 128 1501 1000      15
1968102100 1 134 1490  997      15
1968102106 1 135 1475  997      15
1968102112 1 136 1461  996      15
1968102118 1 138 1456  995      15
1968102200 2 139 1450  990      20
1968102206 3 142 1446  983      25
1968102212 3 148 1448  980      30
1968102218 4 158 1453  976      35
1968102300 4 174 1456  973      35
1968102306 4 192 1461  967      40
1968102312 4 212 1467  964      40
1968102318 5 233 1472  959      45
1968102400 5 254 1479  956      45
1968102406 5 276 1488  962      45
1968102412 4 300 1498  966      40
1968102418 4 327 1512  971      35
1968102500 4 352 1529  977      35
1968102506 3 374 1546  980      30
1968102512 9 400 1579  985      25
1968102518 9 415 1618  990      20
1968102600 9 421 1669  990      20
1968102606 9 420 1717  992      20
1968102612 9 411 1760  994      20
1968102618 9 401 1800  996      15
66666 0000   59 0033 6817 0 6 Judy                               20110729
1968102100 0  90 1690 1008       0
1968102106 0 100 1677 1008       0
1968102112 0 110 1669 1008       0
1968102118 0 121 1660 1008       0
1968102200 0 130 1650 1008       0
1968102206 0 134 1643 1008       0
1968102212 0 137 1636 1008       0
1968102218 0 138 1629 1008       0
1968102300 0 139 1623 1008       0
1968102306 0 140 1615 1008       0
1968102312 0 140 1608 1006       0
1968102318 0 140 1600 1006       0
1968102400 1 139 1594 1004      15
1968102406 2 135 1577 1000      20
1968102412 3 127 1562  992      25
1968102418 3 116 1553  985      30
1968102500 4 112 1549  975      35
1968102506 4 106 1542  967      40
1968102512 4 104 1532  963      40
1968102518 5 104 1516  959      45
1968102600 5 105 1502  951      50
1968102606 6 109 1489  942      55
1968102612 6 112 1474  942      60
1968102618 6 113 1461  941      60
1968102700 6 118 1449  940      60
1968102706 6 122 1436  936      65
1968102712 6 126 1425  938      65
1968102718 6 129 1414  938      65
1968102800 6 133 1402  936      65
1968102806 6 139 1392  932      65
1968102812 6 143 1382  931      65
1968102818 6 149 1373  929      65
1968102900 6 155 1365  929      65
1968102906 6 162 1359  933      60
1968102912 6 168 1356  939      55
1968102918 5 173 1354  946      50
1968103000 5 179 1355  950      50
1968103006 5 186 1355  958      45
1968103012 4 193 1355  968      40
1968103018 4 198 1361  970      40
1968103100 4 204 1364  974      35
1968103106 4 210 1367  977      35
1968103112 3 214 1374  980      30
1968103118 3 217 1378  976      30
1968110100 3 218 1381  980      30
1968110106 3 222 1385  983      30
1968110112 3 223 1393  987      25
1968110118 3 223 1396  989      25
1968110200 2 221 1397  992      20
1968110206 2 218 1394  995      20
1968110212 1 213 1394  996      15
1968110218 0 208 1394  998       0
1968110300 0 204 1394  998       0
1968110306 0 199 1395 1000       0
1968110312 0 196 1396 1000       0
1968110318 0 193 1398 1002       0
1968110400 0 190 1400 1004       0
1968110406 0 186 1403 1004       0
1968110412 0 182 1407 1008       0
66666 0000   45 0034 0000 1 6 Kit                                20110729
1968102600 0 100 1660 1008       0
1968102606 0 100 1655 1008       0
1968102612 0 100 1648 1008       0
1968102618 0 100 1642 1008       0
1968102700 0 100 1635 1008       0
1968102706 0 100 1629 1006       0
1968102712 0 100 1623 1006       0
1968102718 0 100 1617 1006       0
1968102800 0  99 1610 1006       0
1968102806 0  96 1595 1006       0
1968102812 0  92 1580 1006       0
1968102818 0  87 1566 1006       0
1968102900 0  83 1552 1004       0
1968102906 0  81 1542 1004       0
1968102912 0  79 1531 1004       0
1968102918 1  79 1521 1004      15
1968103000 1  80 1511 1004      15
1968103006 1  80 1506 1003      15
1968103012 1  80 1502 1003      15
1968103018 1  81 1498 1002      15
1968103100 1  82 1493 1002      15
1968103106 1  85 1488 1002      15
1968103112 1  94 1483 1002      15
1968103118 2 111 1478  997      20
1968110100 3 125 1474  992      25
1968110106 3 137 1471  996      25
1968110112 2 143 1469  999      20
1968110118 3 147 1463  992      25
1968110200 3 152 1463  982      30
1968110206 4 158 1461  979      35
1968110212 4 164 1461  977      35
1968110218 4 174 1461  976      35
1968110300 4 183 1459  971      35
1968110306 4 195 1463  966      40
1968110312 5 207 1468  963      45
1968110318 5 223 1468  960      50
1968110400 5 242 1472  960      50
1968110406 5 265 1485  964      45
1968110412 4 287 1507  971      35
1968110418 3 306 1538  977      30
1968110500 3 334 1580  980      25
1968110506 3 349 1620  985      25
1968110512 9 353 1667  985      25
1968110518 9 352 1714  985      25
1968110600 9 344 1764  988      25
66666 0000   31 0035 0000 2 6 Lola                               20110729
1968110512 0  81 1659 1008       0
1968110518 0  83 1648 1008       0
1968110600 0  86 1636 1008       0
1968110606 0  91 1626 1008       0
1968110612 0  96 1616 1008       0
1968110618 0 102 1604 1008       0
1968110700 0 106 1591 1008       0
1968110706 1 108 1578 1006      12
1968110712 1 110 1565 1004      15
1968110718 1 111 1551 1000      15
1968110800 2 119 1536  998      20
1968110806 3 128 1530  993      25
1968110812 3 133 1524  989      25
1968110818 3 139 1520  983      30
1968110900 4 143 1517  974      35
1968110906 4 148 1511  965      40
1968110912 5 154 1504  959      45
1968110918 5 160 1500  954      45
1968111000 5 165 1492  945      50
1968111006 6 175 1484  940      55
1968111012 6 185 1474  943      55
1968111018 6 195 1465  946      55
1968111100 5 203 1459  950      50
1968111106 5 214 1453  951      50
1968111112 5 223 1457  951      50
1968111118 5 240 1463  951      50
1968111200 5 262 1472  954      50
1968111206 4 279 1500  968      40
1968111212 3 298 1530  987      30
1968111218 3 310 1570  990      25
1968111300 2 330 1620  995      20
66666 0000   63 0036 6818 1 6 Mamie                              20110729
1968110900 0  80 1390 1007       0
1968110906 0  84 1380 1007       0
1968110912 1  89 1372 1007      15
1968110918 1  95 1369 1005      15
1968111000 1 102 1368 1003      15
1968111006 1 105 1370 1003      15
1968111012 1 108 1372 1003      15
1968111018 1 110 1374 1002      15
1968111100 1 113 1375 1002      15
1968111106 1 120 1378 1002      15
1968111112 1 130 1375 1002      15
1968111118 1 139 1372 1001      15
1968111200 1 143 1367 1001      15
1968111206 1 143 1362 1002      15
1968111212 1 142 1355 1004      15
1968111218 1 139 1350 1005      15
1968111300 1 136 1347 1005      15
1968111306 1 128 1345 1003      15
1968111312 2 129 1348  999      20
1968111318 2 129 1337  996      20
1968111400 3 130 1325  995      25
1968111406 3 131 1319  996      25
1968111412 3 131 1314  997      25
1968111418 3 127 1308  997      25
1968111500 3 126 1302  998      25
1968111506 2 131 1304 1002      20
1968111512 2 128 1304 1005      20
1968111518 2 128 1301 1002      20
1968111600 2 129 1300 1000      20
1968111606 2 124 1300  995      20
1968111612 3 121 1298  993      25
1968111618 3 122 1293  993      25
1968111700 3 121 1287  987      30
1968111706 3 116 1284  984      30
1968111712 3 111 1284  983      30
1968111718 4 106 1284  980      35
1968111800 4 102 1280  977      35
1968111806 4 107 1275  973      40
1968111812 4 105 1265  974      40
1968111818 4 100 1256  977      35
1968111900 4  98 1246  981      35
1968111906 3  94 1235  984      30
1968111912 3  93 1224  988      30
1968111918 3  97 1213  991      30
1968112000 3  96 1200  994      30
1968112006 3  96 1188  994      30
1968112012 3 100 1175  988      30
1968112018 4 104 1165  983      35
1968112100 4 107 1155  978      40
1968112106 4 110 1147  975      40
1968112112 4 114 1142  975      40
1968112118 4 116 1135  975      35
1968112200 4 115 1129  980      35
1968112206 4 114 1122  980      35
1968112212 4 115 1120  980      35
1968112218 4 115 1118  980      35
1968112300 4 115 1114  980      35
1968112306 3 115 1106  985      30
1968112312 3 115 1095  985      30
1968112318 3 115 1087  990      25
1968112400 2 112 1078  998      20
1968112406 1 107 1065 1000      15
1968112412 0 105 1055 1005       0
66666 0000   52 0037 6819 1 6 Nina                               20110729
1968111506 0  76 1685 1008       0
1968111512 0  79 1674 1008       0
1968111518 0  84 1663 1008       0
1968111600 0  89 1650 1008       0
1968111606 0  94 1631 1008       0
1968111612 0  96 1611 1008       0
1968111618 0  98 1590 1008       0
1968111700 0 100 1570 1008       0
1968111706 0 102 1554 1008       0
1968111712 0 104 1537 1008       0
1968111718 0 107 1518 1004      10
1968111800 0 111 1500 1004      10
1968111806 0 114 1486 1004      10
1968111812 0 116 1473 1004      10
1968111818 0 117 1460 1004      10
1968111900 0 116 1444 1004      10
1968111906 1 127 1435  998      15
1968111912 1 138 1423  998      15
1968111918 1 137 1415  998      15
1968112000 2 136 1406  995      20
1968112006 2 132 1395  993      20
1968112012 3 130 1382  993      25
1968112018 3 131 1370  992      25
1968112100 3 130 1357  990      25
1968112106 3 130 1343  986      30
1968112112 3 128 1328  986      30
1968112118 3 127 1318  979      30
1968112200 4 131 1308  972      35
1968112206 4 132 1299  971      35
1968112212 4 132 1290  971      35
1968112218 4 128 1280  972      35
1968112300 4 123 1273  974      35
1968112306 4 118 1264  975      35
1968112312 4 115 1255  975      35
1968112318 4 113 1247  976      35
1968112400 3 110 1239  976      30
1968112406 3 105 1230  976      30
1968112412 3 102 1218  976      30
1968112418 3  99 1209  977      30
1968112500 3  97 1200  977      30
1968112506 3  95 1187  980      30
1968112512 3  92 1175  985      30
1968112518 3  91 1164  985      30
1968112600 4  90 1152  975      35
1968112606 5  90 1134  964      45
1968112612 5  93 1120  964      45
1968112618 4  95 1111  974      40
1968112700 4  97 1106  984      35
1968112706 3  96 1100  992      25
1968112712 2  94 1096  997      20
1968112718 1  92 1087 1002      15
1968112800 1  90 1073 1002      15
66666 0000   45 0038 6820 0 6 Ora                                20110729
1968111912 0  55 1671 1008       0
1968111918 0  64 1651 1008       0
1968112000 0  73 1630 1008       0
1968112006 0  77 1615 1006       0
1968112012 0  79 1601 1006       0
1968112018 0  80 1586 1004       0
1968112100 0  80 1571 1004       0
1968112106 0  80 1555 1002       0
1968112112 1  85 1535 1002      15
1968112118 1  95 1515 1000      15
1968112200 1 108 1503 1000      15
1968112206 2 120 1489  998      20
1968112212 3 132 1465  995      25
1968112218 3 136 1443  988      30
1968112300 4 139 1427  979      35
1968112306 4 142 1411  971      35
1968112312 4 144 1400  966      40
1968112318 4 144 1391  963      40
1968112400 5 146 1384  949      50
1968112406 5 149 1380  941      50
1968112412 5 151 1375  942      50
1968112418 6 154 1372  942      55
1968112500 6 159 1368  937      55
1968112506 6 164 1364  932      60
1968112512 6 165 1360  935      60
1968112518 6 166 1356  937      60
1968112600 6 165 1352  939      55
1968112606 5 164 1345  944      50
1968112612 5 162 1338  952      50
1968112618 5 160 1330  954      50
1968112700 5 158 1324  958      50
1968112706 5 157 1315  962      45
1968112712 5 157 1305  964      45
1968112718 5 157 1293  964      45
1968112800 5 154 1281  962      45
1968112806 5 153 1269  952      50
1968112812 5 152 1256  950      50
1968112818 5 152 1244  952      50
1968112900 5 152 1233  954      50
1968112906 5 155 1223  955      50
1968112912 4 158 1213  970      40
1968112918 3 166 1199  990      25
1968113000 2 168 1189 1000      20
1968113006 1 163 1183 1005      15
1968113012 1 156 1176 1010      15
