66666 0000   15 0001 0000 0 6 (nameless)                         20110729
1977011000 1 100 1265 1005      12
1977011006 1 109 1262 1005      12
1977011012 1 113 1257 1005      12
1977011018 1 120 1251 1005      12
1977011100 1 130 1249 1005      12
1977011106 1 140 1247 1002      15
1977011112 1 144 1248 1002      15
1977011118 1 148 1248 1002      15
1977011200 1 154 1249 1002      15
1977011206 1 159 1250 1002      15
1977011212 1 162 1251 1005      12
1977011218 1 168 1254 1005      12
1977011300 1 169 1263 1005      12
1977011306 0 165 1270 1005      10
1977011312 0 160 1280 1008       0
66666 0000   15 0002 0000 0 6 Patsy                              20110729
1977032700 1  35 1615 1004      15
1977032706 1  40 1609 1004      15
1977032712 1  47 1603 1000      15
1977032718 1  52 1597 1000      15
1977032800 3  58 1590  995      25
1977032806 3  62 1583  992      25
1977032812 3  68 1576  990      25
1977032818 3  72 1565  992      25
1977032900 3  78 1553  995      25
1977032906 2  82 1544  997      20
1977032912 2  88 1539  997      20
1977032918 1  81 1522  998      15
1977033000 1  70 1510 1000      15
1977033006 1  60 1500 1004      15
1977033012 0  55 1490 1008      10
66666 0000   55 0003 0000 1 6 (nameless)                         20110729
1977052500 0 160 1290 1004      10
1977052506 0 170 1289 1004      10
1977052512 1 180 1288 1002      12
1977052518 1 188 1288 1002      12
1977052600 1 197 1288 1000      15
1977052606 1 208 1291 1000      15
1977052612 1 221 1296 1000      15
1977052618 1 232 1302 1000      15
1977052700 1 245 1310 1000      15
1977052706 1 255 1324 1000      15
1977052712 1 259 1340 1002      12
1977052718 1 261 1360 1002      12
1977052800 1 262 1380 1002      12
1977052806 1 255 1400 1000      15
1977052812 1 250 1420 1000      15
1977052818 0 248 1437 1004      10
1977052900 0 248 1450 1004      10
1977052906 0 252 1461 1004      10
1977052912 0 258 1472 1004      10
1977052918 0 262 1482 1004      10
1977053000 0 269 1492 1004      10
1977053006 0 275 1505 1004      10
1977053012 0 279 1516 1004      10
1977053018 0 283 1530 1004      10
1977053100 9 288 1541 1002      12
1977053106 9 291 1557 1002      12
1977053112 9 295 1571 1002      12
1977053118 9 298 1590 1002      12
1977060100 9 299 1610 1002      15
1977060106 9 301 1630 1002      15
1977060112 9 303 1650 1002      15
1977060118 9 306 1669 1002      15
1977060200 9 309 1683 1002      15
1977060206 9 313 1693 1002      15
1977060212 9 321 1701 1000      20
1977060218 9 326 1707 1000      20
1977060300 9 334 1710  998      20
1977060306 9 341 1708  996      20
1977060312 9 348 1706  994      20
1977060318 9 354 1703  996      20
1977060400 9 360 1700  996      20
1977060406 9 368 1703  998      15
1977060412 9 374 1704 1000      15
1977060418 9 383 1706 1004      12
1977060500 9 390 1709 1004      12
1977060506 9 420 1705 1004      12
1977060512 9 450 1700 1004      12
1977060518 9 470 1706 1005      10
1977060600 9 490 1710 1004      10
1977060606 9 505 1710 1004      10
1977060612 9 520 1710 1000      12
1977060618 9 526 1715 1000      12
1977060700 9 530 1720 1000      12
1977060706 9 535 1727 1000      12
1977060712 9 540 1735 1000      12
66666 0000   45 0004 7701 1 6 Ruth                               20110729
1977061000 0  60 1340 1008       0
1977061006 0  60 1320 1006      10
1977061012 0  68 1300 1006      10
1977061018 0  75 1290 1006      10
1977061100 0  83 1281 1006      10
1977061106 0  88 1274 1005      10
1977061112 0  95 1267 1005      10
1977061118 0 105 1261 1005      10
1977061200 0 110 1255 1005      10
1977061206 1 111 1235 1005      12
1977061212 1 113 1217 1005      12
1977061218 1 119 1200 1005      12
1977061300 2 127 1189  998      20
1977061306 2 135 1180  998      20
1977061312 2 142 1173  995      20
1977061318 2 149 1172  995      20
1977061400 3 156 1170  990      25
1977061406 3 163 1168  990      25
1977061412 3 169 1165  990      25
1977061418 3 177 1164  985      25
1977061500 3 185 1167  978      30
1977061506 3 196 1171  970      30
1977061512 3 205 1175  980      30
1977061518 3 213 1177  980      30
1977061600 3 221 1178  985      30
1977061606 3 233 1182  990      25
1977061612 2 247 1188  995      20
1977061618 1 254 1194  998      15
1977061700 1 269 1201  998      15
1977061706 2 282 1211 1000      20
1977061712 9 284 1227 1000      20
1977061718 9 288 1247 1000      15
1977061800 9 291 1274 1000      12
1977061806 9 294 1303 1000      12
1977061812 9 299 1338 1000      15
1977061818 9 306 1372 1000      15
1977061900 9 320 1407 1000      15
1977061906 9 333 1441 1000      15
1977061912 9 350 1484 1000      15
1977061918 9 370 1530 1002      15
1977062000 9 390 1580 1002      15
1977062006 9 398 1620 1002      15
1977062012 9 400 1660 1002      15
1977062018 9 401 1701 1002      15
1977062100 9 404 1750 1002      15
66666 0000   13 0005 7702 0 6 (nameless)                         20110729
1977070306 0 155 1150 1001       0
1977070312 0 154 1154 1000       0
1977070318 0 154 1158 1000      10
1977070400 1 155 1162  998      12
1977070406 1 159 1165  996      12
1977070412 1 169 1157  994      15
1977070418 1 173 1146  994      15
1977070500 1 175 1139  992      15
1977070506 2 178 1128  990      20
1977070512 2 188 1120  990      20
1977070518 1 202 1115  994      15
1977070600 1 212 1110  996      12
1977070606 1 224 1100  998      12
66666 0000    1 0005 7702 0 6 (nameless)(-)1                     20110729
1977070518 0 200 1100  997       9
66666 0000   39 0006 7703 1 6 Sarah                              20110729
1977071300 0  65 1420 1006       0
1977071306 0  67 1408 1005       0
1977071312 0  71 1395 1005       0
1977071318 0  76 1384 1005       0
1977071400 0  80 1373 1004       0
1977071406 0  86 1362 1004      10
1977071412 0  90 1350 1004      10
1977071418 0  84 1340 1004      10
1977071500 1  76 1330 1004      12
1977071506 1  75 1320 1004      12
1977071512 1  78 1312 1004      12
1977071518 1  83 1305 1004      12
1977071600 1  90 1299 1004      12
1977071606 1  97 1292 1000      15
1977071612 1 105 1282 1000      15
1977071618 1 112 1268 1000      15
1977071700 2 120 1255  998      20
1977071706 2 128 1244  995      20
1977071712 2 136 1236  995      20
1977071718 2 144 1224  990      20
1977071800 2 150 1215  990      20
1977071806 2 158 1205  990      20
1977071812 3 165 1190  987      25
1977071818 3 168 1174  985      25
1977071900 3 172 1157  985      30
1977071906 3 173 1143  980      30
1977071912 3 172 1132  978      30
1977071918 4 173 1125  975      35
1977072000 4 176 1119  970      35
1977072006 4 184 1114  965      35
1977072012 3 193 1104  957      30
1977072018 3 194 1096  965      30
1977072100 3 202 1085  970      30
1977072106 3 205 1074  980      30
1977072112 3 206 1066  985      25
1977072118 2 208 1055  990      20
1977072200 1 210 1030  995      15
1977072206 1 220  980  995      12
1977072212 1 230  950  995      12
66666 0000   33 0007 7704 0 6 Thelma                             20110729
1977071906 0 110 1410 1007       0
1977071912 0 120 1390 1007       0
1977071918 0 125 1370 1006      10
1977072000 0 135 1350 1006      10
1977072006 1 145 1334 1003      12
1977072012 1 152 1324 1003      12
1977072018 1 153 1314 1003      12
1977072100 1 153 1304 1000      15
1977072106 1 153 1293 1000      15
1977072112 2 154 1283  992      20
1977072118 3 157 1276  990      25
1977072200 3 160 1270  985      25
1977072206 3 164 1263  985      25
1977072212 3 168 1253  980      25
1977072218 3 171 1246  968      30
1977072300 4 177 1236  955      35
1977072306 5 183 1227  945      45
1977072312 4 189 1218  955      40
1977072318 4 192 1213  960      40
1977072400 4 197 1206  960      40
1977072406 4 201 1201  960      40
1977072412 4 207 1196  960      40
1977072418 4 213 1198  960      40
1977072500 4 224 1203  960      40
1977072506 4 243 1203  975      35
1977072512 1 258 1194  990      15   25
1977072518 0 266 1185  996       9   15
1977072600 0 280 1174  996       9   15
1977072606 0 292 1171  996       9   15
1977072612 0 295 1171  996       9   15
1977072618 0 297 1171  996       9   15
1977072700 0 299 1171  996       9   15
1977072706 0 306 1172  996       9   15
66666 0000   36 0008 7705 0 6 Vera                               20110729
1977072512 0 245 1370 1008       0
1977072518 0 247 1357 1008       0
1977072600 0 253 1334 1008      10
1977072606 0 258 1324 1008      10
1977072612 0 259 1320 1007      10
1977072618 0 262 1315 1005      10
1977072700 0 256 1312 1003      10
1977072706 1 254 1310 1000      15
1977072712 1 253 1309 1000      15
1977072718 1 252 1307  998      15
1977072800 2 253 1304  990      20
1977072806 2 254 1299  988      20
1977072812 3 252 1292  986      25
1977072818 3 251 1288  982      25
1977072900 3 249 1281  975      30
1977072906 4 247 1273  960      35
1977072912 4 240 1265  942      40
1977072918 5 234 1260  935      45
1977073000 5 233 1257  928      50
1977073006 5 235 1253  933      50
1977073012 5 238 1249  933      50
1977073018 5 241 1243  930      50
1977073100 6 243 1237  925      55
1977073106 5 250 1227  930      50
1977073112 5 249 1215  945      45
1977073118 4 248 1203  950      40
1977080100 4 249 1192  965      35
1977080106 3 253 1178  980      25
1977080112 1 253 1160  990      15
1977080118 0 249 1146  992      10
1977080200 0 250 1132  992      10
1977080206 0 253 1123  995      10
1977080212 0 255 1115  996      10
1977080218 0 256 1095  997       0
1977080300 0 256 1085  998       0
1977080306 0 260 1075  998       0
66666 0000   35 0009 7706 2 6 Wanda                              20110729
1977072912 1 200 1380 1004      12
1977072918 1 205 1377 1004      12
1977073000 1 210 1375 1004      15
1977073006 1 217 1375 1004      15
1977073012 1 224 1376 1002      15
1977073018 1 230 1377 1002      15
1977073100 1 235 1380 1002      15
1977073106 1 238 1387 1000      15
1977073112 1 241 1391 1000      15
1977073118 1 243 1397 1000      15
1977080100 2 257 1406  995      20
1977080106 2 263 1404  994      20
1977080112 2 268 1410  994      20
1977080118 2 273 1408  992      20
1977080200 2 279 1408  992      20
1977080206 2 280 1418  989      20
1977080212 2 286 1427  989      20
1977080218 2 295 1431  988      20
1977080300 2 303 1439  985      20
1977080306 2 305 1449  988      20
1977080312 2 306 1458  992      20
1977080318 2 308 1463  992      20
1977080400 2 312 1468  992      20
1977080406 2 313 1474  992      20
1977080412 2 314 1481  992      20
1977080418 1 316 1486  992      15
1977080500 1 318 1492  992      15
1977080506 1 323 1500  994      15
1977080512 1 328 1508  994      15
1977080518 1 334 1518  994      15
1977080600 1 342 1527  996      15
1977080606 1 350 1534  996      15
1977080612 1 358 1542  996      15
1977080618 1 378 1548  996      15
1977080700 1 398 1553  996      15
66666 0000   18 0010 0000 2 6 (nameless)                         20110729
1977081206 0 230 1490 1000      10
1977081212 0 230 1480 1000      10
1977081218 0 230 1470 1000      10
1977081300 1 225 1465  998      12
1977081306 1 220 1455  998      12
1977081312 1 225 1440  998      12
1977081318 1 215 1425  998      12
1977081400 1 205 1410  998      12
1977081406 1 205 1395  994      15
1977081412 1 215 1395  994      15
1977081418 1 222 1389  994      15
1977081500 1 230 1380  992      15
1977081506 1 235 1375  992      15
1977081512 1 237 1368  992      15
1977081518 1 238 1360  992      12
1977081600 1 240 1350  992      12
1977081606 0 245 1340  992      10
1977081612 0 250 1330  992      10
66666 0000   37 0011 0000 2 6 (nameless)                         20110729
1977081412 0 240 1440  996       0
1977081418 0 250 1436  996       0
1977081500 0 258 1432  996      10
1977081506 0 264 1421  996      10
1977081512 1 270 1410  996      12
1977081518 1 280 1405  996      12
1977081600 1 290 1400  996      15
1977081606 1 305 1380  996      15
1977081612 1 310 1365  996      15
1977081618 1 315 1357  996      15
1977081700 1 322 1351  998      12
1977081706 0 330 1357 1000      10
1977081712 0 333 1365 1000      10
1977081718 0 340 1376 1002      10
1977081800 0 350 1390 1004      10
1977081806 9 360 1400 1004      10
1977081812 9 370 1420 1004      10
1977081818 9 375 1435 1004      10
1977081900 9 380 1450 1004      10
1977081906 9 385 1460 1004      12
1977081912 9 390 1470 1002      15
1977081918 9 393 1477 1002      15
1977082000 9 395 1485 1002      15
1977082006 9 398 1490 1000      15
1977082012 9 400 1495  998      15
1977082018 9 403 1510  996      15
1977082100 9 405 1530  996      15
1977082106 9 405 1545  996      15
1977082112 9 405 1560  996      15
1977082118 9 405 1575  998      15
1977082200 9 405 1590 1000      15
1977082206 9 402 1605 1000      15
1977082212 9 400 1620 1000      15
1977082218 9 397 1650 1000      15
1977082300 9 395 1680 1000      15
1977082306 9 395 1715 1000      12
1977082312 9 395 1750 1002      12
66666 0000   46 0012 7707 0 6 Amy                                20110729
1977081606 1 185 1325  998      12
1977081612 1 187 1316  998      12
1977081618 1 189 1308  998      12
1977081700 1 190 1300  998      15
1977081706 1 191 1294  998      15
1977081712 1 193 1287  998      15
1977081718 1 196 1281  998      15
1977081800 1 200 1276  997      15
1977081806 1 206 1273  994      15
1977081812 1 210 1267  992      15
1977081818 1 212 1259  992      15
1977081900 1 215 1250  992      15
1977081906 1 221 1246  992      15
1977081912 2 223 1240  992      20
1977081918 2 222 1230  990      20
1977082000 2 217 1216  990      20
1977082006 2 207 1204  988      20
1977082012 2 211 1199  985      20
1977082018 2 213 1192  985      20
1977082100 2 215 1187  988      20
1977082106 2 207 1184  988      20
1977082112 2 214 1187  990      20
1977082118 2 221 1190  990      20
1977082200 2 230 1198  990      20
1977082206 2 241 1200  990      20
1977082212 3 259 1215  990      25
1977082218 3 270 1225  990      25
1977082300 3 283 1240  988      25
1977082306 3 296 1253  988      25
1977082312 3 308 1269  985      25
1977082318 3 319 1284  985      25
1977082400 3 323 1297  985      25
1977082406 2 324 1312  987      20
1977082412 2 325 1321  990      20
1977082418 2 326 1330  992      20
1977082500 1 328 1333  995      15
1977082506 1 330 1334  996      12
1977082512 1 330 1339 1000      12
1977082518 0 328 1341 1000      10
1977082600 0 325 1340 1002      10
1977082606 0 321 1338 1002      10
1977082612 0 316 1336 1003      10
1977082618 0 310 1335 1004      10
1977082700 0 303 1334 1004      10
1977082706 0 295 1337 1004      10
1977082712 0 286 1341 1006      10
66666 0000    4 0012 7707 0 6 Amy(-)1                            20110729
1977082012 1 235 1230  996      12
1977082018 1 248 1233  995      12
1977082100 1 260 1246  995      12
1977082106 1 271 1264  995      12
66666 0000    4 0012 7707 0 6 Amy(-)2                            20110729
1977082112 1 245 1205  995      15
1977082118 1 249 1210  992      15
1977082200 1 250 1214  992      15
1977082206 1 250 1219  992      15
66666 0000    2 0012 7707 0 6 Amy(-)3                            20110729
1977082206 1 257 1203  994      15
1977082212 2 274 1214  990      20
66666 0000   24 0013 0000 0 6 (nameless)                         20110729
1977082106 1 295 1330  998      15
1977082112 1 297 1342  996      15
1977082118 2 305 1350  994      20
1977082200 3 311 1365  992      25
1977082206 3 316 1380  992      25
1977082212 3 325 1395  988      25
1977082218 3 323 1410  990      25
1977082300 9 318 1422  990      25
1977082306 9 317 1433  990      20
1977082312 9 316 1443  990      20
1977082318 9 315 1450  990      20
1977082400 9 317 1458  994      20
1977082406 9 320 1466  994      20
1977082412 9 325 1473  994      20
1977082418 9 328 1486  996      15
1977082500 9 330 1500  996      15
1977082506 9 330 1515  996      15
1977082512 9 330 1530  996      12
1977082518 9 329 1540  996      12
1977082600 9 327 1550  998      12
1977082606 9 325 1560  998      12
1977082612 9 323 1570  998      10
1977082618 9 321 1580 1000      10
1977082700 9 320 1590 1004      10
66666 0000    9 0014 0000 2 6 (nameless)                         20110729
1977082700 0 220 1510 1002      10
1977082706 1 225 1500 1000      12
1977082712 1 230 1490 1000      12
1977082718 1 235 1482 1000      12
1977082800 1 240 1475 1000      12
1977082806 1 245 1460 1000      12
1977082812 0 250 1450 1004      10
1977082818 0 255 1440 1004      10
1977082900 0 255 1430 1005      10
66666 0000   25 0015 7709 0 6 Carla                              20110729
1977083100 1 120 1295 1004      12
1977083106 1 135 1290 1004      15
1977083112 1 143 1283 1002      15
1977083118 1 147 1278 1002      15
1977090100 1 148 1272 1002      15
1977090106 1 150 1265 1000      15
1977090112 1 153 1255 1000      15
1977090118 1 156 1243 1000      15
1977090200 1 158 1230 1000      15
1977090206 1 164 1200  998      15
1977090212 1 173 1174  998      15
1977090218 1 175 1161  995      15
1977090300 2 177 1149  992      20
1977090306 2 179 1140  992      20
1977090312 3 181 1127  990      25
1977090318 3 180 1114  990      25
1977090400 3 177 1104  988      25
1977090406 3 178 1097  985      25
1977090412 3 180 1085  985      25
1977090418 2 180 1063  992      20
1977090500 0 180 1035  996      10
1977090506 0 180 1020  996      10
1977090512 0 170 1018  997       0
1977090518 0 165 1005 1000       0
1977090600 0 170 1005 1000       0
66666 0000   47 0016 7708 0 6 Babe                               20110729
1977083106 0  50 1550 1004      10
1977083112 0  52 1540 1004      10
1977083118 0  55 1527 1004      10
1977090100 1  60 1510 1002      12
1977090106 1  64 1492 1002      12
1977090112 1  68 1475 1002      12
1977090118 1  75 1460 1000      15
1977090200 1  80 1445 1000      15
1977090206 2  87 1430  995      20
1977090212 2  90 1416  995      20
1977090218 2  91 1399  995      20
1977090300 2  97 1385  995      20
1977090306 3 103 1375  992      25
1977090312 3 104 1363  990      25
1977090318 3 105 1353  990      25
1977090400 3 106 1346  987      25
1977090406 3 107 1338  985      30
1977090412 3 108 1330  985      30
1977090418 3 108 1322  982      30
1977090500 3 109 1316  982      30
1977090506 3 110 1310  980      30
1977090512 3 111 1305  980      30
1977090518 3 115 1301  980      30
1977090600 4 132 1301  978      35
1977090606 4 140 1297  975      35
1977090612 4 150 1293  970      35
1977090618 4 159 1289  965      40
1977090700 4 165 1287  960      40
1977090706 5 177 1282  945      45
1977090712 5 185 1277  940      50
1977090718 6 194 1274  930      55
1977090800 6 204 1272  906      65
1977090806 6 213 1268  907      70
1977090812 6 221 1267  910      70
1977090818 6 228 1270  915      65
1977090900 6 237 1280  920      65
1977090906 6 250 1285  920      60
1977090912 6 268 1288  920      60
1977090918 6 290 1280  925      60
1977091000 6 306 1260  930      55
1977091006 5 306 1242  940      50
1977091012 5 309 1233  945      45
1977091018 4 314 1225  955      40
1977091100 3 317 1216  970      25
1977091106 3 316 1208  980      25
1977091112 2 313 1197  990      20
1977091118 2 311 1182  995      20
66666 0000   57 0017 7710 0 6 Dinah                              20110729
1977091300 0 220 1360 1005      10
1977091306 0 218 1350 1002      10
1977091312 1 216 1340 1000      15
1977091318 1 213 1325 1000      15
1977091400 2 210 1315  995      20
1977091406 2 205 1300  995      20
1977091412 3 202 1285  990      25
1977091418 3 198 1267  990      25
1977091500 3 195 1250  980      30
1977091506 4 188 1236  964      35
1977091512 4 183 1227  964      35
1977091518 4 178 1214  970      35
1977091600 4 174 1201  970      35
1977091606 3 173 1194  985      30
1977091612 3 172 1182  982      30
1977091618 3 172 1175  982      30
1977091700 3 173 1170  982      30
1977091706 3 173 1164  982      30
1977091712 3 175 1162  980      30
1977091718 3 178 1165  980      30
1977091800 3 182 1168  980      30
1977091806 3 186 1172  980      30
1977091812 3 191 1176  975      30
1977091818 3 195 1179  975      30
1977091900 3 197 1183  971      30
1977091906 3 199 1188  970      30
1977091912 3 201 1190  970      30
1977091918 3 204 1192  970      30
1977092000 4 205 1191  963      35
1977092006 4 205 1190  965      35
1977092012 4 203 1188  965      35
1977092018 4 202 1186  965      35
1977092100 4 201 1183  965      35
1977092106 4 201 1180  970      35
1977092112 3 200 1172  975      30
1977092118 3 195 1165  975      30
1977092200 3 182 1157  980      30
1977092206 3 178 1148  980      30
1977092212 3 170 1138  980      30
1977092218 3 163 1132  980      30
1977092300 3 157 1124  980      30
1977092306 3 150 1115  985      25
1977092312 3 145 1107  985      25
1977092318 2 140 1100  990      20
1977092400 2 134 1092  990      20
1977092406 1 130 1096  995      15
1977092412 1 133 1100 1000      15
1977092418 1 135 1097 1000      12
1977092500 1 142 1094 1000      12
1977092506 0 148 1092 1002      10
1977092512 0 154 1090 1005      10
1977092518 0 160 1088 1005      10
1977092600 0 165 1085 1005      10
1977092606 1 171 1080 1005      12
1977092612 1 178 1078 1005      12
1977092618 1 186 1076 1005      12
1977092700 1 192 1073 1005      15
66666 0000   35 0018 7711 1 6 Emma                               20110729
1977091300 1 140 1450 1000      15
1977091306 1 145 1446 1000      15
1977091312 1 150 1442 1000      15
1977091318 1 157 1439 1000      15
1977091400 1 168 1436  996      15
1977091406 1 178 1432  992      15
1977091412 2 189 1428  990      20
1977091418 2 197 1426  990      20
1977091500 3 207 1425  985      25
1977091506 3 217 1432  980      25
1977091512 3 227 1437  977      25
1977091518 3 235 1440  977      25
1977091600 3 245 1441  975      30
1977091606 3 254 1441  975      30
1977091612 3 260 1443  975      30
1977091618 3 265 1445  970      30
1977091700 3 269 1444  966      30
1977091706 3 279 1443  968      25
1977091712 3 285 1436  970      25
1977091718 3 287 1430  970      25
1977091800 3 288 1421  970      25
1977091806 3 291 1412  975      25
1977091812 3 298 1405  975      25
1977091818 3 312 1402  975      25
1977091900 3 323 1400  980      25
1977091906 3 333 1404  980      25
1977091912 3 358 1420  980      25
1977091918 3 372 1430  980      25
1977092000 3 400 1450  980      25
1977092006 3 425 1480  985      25
1977092012 3 445 1505  985      25
1977092018 3 470 1550  985      25
1977092100 2 500 1600  985      20
1977092106 1 550 1640  988      15
1977092112 1 580 1650  988      12
66666 0000   18 0019 7712 0 6 Freda                              20110729
1977092100 1 145 1325 1004      12
1977092106 1 150 1320 1004      12
1977092112 1 155 1315 1002      12
1977092118 1 156 1307 1002      12
1977092200 1 158 1295 1000      15
1977092206 1 162 1280  998      15
1977092212 1 166 1265  998      15
1977092218 1 173 1250  998      15
1977092300 2 180 1237  995      20
1977092306 2 186 1216  992      20
1977092312 2 190 1200  990      20
1977092318 3 192 1187  985      25
1977092400 3 195 1168  980      30
1977092406 3 200 1151  980      30
1977092412 3 207 1137  980      30
1977092418 3 213 1122  985      25
1977092500 2 223 1104  997      20
1977092506 0 230 1100 1004      10
66666 0000   31 0020 7713 1 6 Gilda                              20110729
1977100212 1 160 1550 1006      12
1977100218 1 164 1555 1006      12
1977100300 1 166 1560 1002      15
1977100306 1 168 1567  998      15
1977100312 1 175 1568  996      15
1977100318 1 179 1564  996      15
1977100400 2 180 1557  988      20
1977100406 2 185 1550  988      20
1977100412 2 194 1544  985      20
1977100418 3 201 1537  980      25
1977100500 3 205 1528  978      25
1977100506 4 210 1520  971      35
1977100512 4 217 1510  973      35
1977100518 4 223 1503  975      35
1977100600 4 230 1499  975      35
1977100606 3 238 1491  978      30
1977100612 3 242 1484  978      30
1977100618 3 250 1478  975      30
1977100700 3 260 1475  975      30
1977100706 3 271 1472  973      30
1977100712 3 283 1470  973      30
1977100718 4 295 1469  969      35
1977100800 4 306 1472  969      35
1977100806 4 320 1482  967      35
1977100812 4 333 1493  968      35
1977100818 3 344 1506  973      30
1977100900 9 355 1521  975      30
1977100906 9 368 1538  975      30
1977100912 9 384 1565  980      25
1977100918 9 398 1590  980      25
1977101000 9 420 1630  985      20
66666 0000   11 0021 0000 1 6 (nameless)                         20110729
1977101200 0 290 1510 1010       0
1977101206 0 300 1520 1010       0
1977101212 0 310 1530 1010      10
1977101218 1 320 1540 1005      12
1977101300 1 333 1560 1000      15
1977101306 2 348 1583  990      20
1977101312 2 360 1610  992      20
1977101318 2 370 1640  994      20
1977101400 1 390 1690 1000      15
1977101406 1 400 1730 1000      15
1977101412 1 410 1780 1000      15
66666 0000   17 0022 0000 2 6 (nameless)                         20110729
1977101200 0 130 1500 1006       0
1977101206 0 135 1485 1006       0
1977101212 0 140 1470 1006      10
1977101218 0 144 1455 1006      10
1977101300 0 146 1440 1006      10
1977101306 0 148 1428 1006      10
1977101312 1 150 1418 1004      12
1977101318 1 150 1405 1004      12
1977101400 1 145 1390 1004      12
1977101406 1 138 1372 1004      12
1977101412 1 135 1358 1004      12
1977101418 1 135 1348 1004      12
1977101500 1 135 1342 1002      12
1977101506 1 135 1335 1000      15
1977101512 1 135 1328 1000      15
1977101518 1 136 1322 1002      12
1977101600 1 138 1315 1002      12
66666 0000   24 0023 7714 1 6 Harriet                            20110729
1977101500 1 135 1445 1000      15
1977101506 1 135 1425 1000      15
1977101512 1 138 1403 1000      15
1977101518 1 144 1385 1000      15
1977101600 1 153 1365 1000      15
1977101606 1 157 1352 1000      15
1977101612 1 158 1341  998      15
1977101618 1 161 1332  998      15
1977101700 2 171 1324  990      20
1977101706 3 179 1317  986      25
1977101712 3 175 1313  986      25
1977101718 3 181 1324  986      25
1977101800 3 191 1326  984      25
1977101806 3 205 1326  980      30
1977101812 3 220 1331  980      30
1977101818 3 237 1338  988      25
1977101900 3 255 1350  988      25
1977101906 3 269 1360  988      25
1977101912 3 281 1372  986      25
1977101918 3 288 1385  986      25
1977102000 3 293 1397  988      25
1977102006 3 299 1410  988      25
1977102012 2 303 1440  995      20
1977102018 2 305 1475  998      20
66666 0000   32 0024 7715 1 6 Ivy                                20110729
1977101900 0 100 1460 1004       0
1977101906 0 110 1460 1004       0
1977101912 0 120 1460 1004       0
1977101918 0 127 1462 1004       0
1977102000 0 135 1465 1004       0
1977102006 0 145 1467 1004      10
1977102012 0 152 1470 1004      10
1977102018 1 158 1472 1002      12
1977102100 1 164 1472 1002      12
1977102106 1 167 1471 1000      15
1977102112 1 169 1471 1000      15
1977102118 1 171 1467  996      15
1977102200 2 174 1460  990      20
1977102206 3 171 1454  988      25
1977102212 3 169 1457  985      25
1977102218 3 172 1462  980      25
1977102300 3 176 1467  980      25
1977102306 3 183 1472  975      30
1977102312 3 194 1479  972      30
1977102318 4 202 1490  969      35
1977102400 4 211 1505  967      35
1977102406 4 221 1518  965      35
1977102412 4 235 1532  965      35
1977102418 4 245 1539  960      40
1977102500 4 256 1543  950      40
1977102506 5 264 1549  945      45
1977102512 5 276 1554  945      45
1977102518 5 285 1560  945      45
1977102600 4 293 1566  950      40
1977102606 4 302 1573  960      40
1977102612 4 313 1583  965      35
1977102618 4 326 1594  970      35
66666 0000   20 0025 0000 3 6 Jean                               20110729
1977102900 2 203 1564  990      20
1977102906 3 209 1561  978      30
1977102912 3 216 1566  978      30
1977102918 3 221 1571  978      30
1977103000 4 229 1574  970      35
1977103006 4 237 1573  970      35
1977103012 3 246 1583  978      30
1977103018 3 235 1578  980      30
1977103100 3 240 1563  985      25
1977103106 2 247 1549  990      20
1977103112 2 250 1530  990      20
1977103118 2 251 1510  992      20
1977110100 2 256 1495  992      20
1977110106 2 261 1483  992      20
1977110112 2 265 1475  992      20
1977110118 2 265 1467  992      20
1977110200 2 265 1460  992      20
1977110206 2 269 1458  992      20
1977110212 1 274 1461  998      15
1977110218 1 275 1469 1000      15
66666 0000   49 0026 7716 0 6 Kim                                20110729
1977110500 0  80 1540 1006      10
1977110506 0  85 1542 1005      10
1977110512 0  92 1542 1004      10
1977110518 1  96 1541 1002      12
1977110600 1 102 1538 1004      12
1977110606 1 110 1528 1002      15
1977110612 1 112 1523  998      15
1977110618 2 115 1517  995      20
1977110700 2 120 1510  990      20
1977110706 2 125 1500  992      20
1977110712 2 127 1491  994      20
1977110718 2 128 1486  990      20
1977110800 3 131 1474  985      25
1977110806 3 133 1461  980      30
1977110812 3 136 1447  975      30
1977110818 4 139 1433  970      35
1977110900 4 141 1418  960      40
1977110906 5 142 1402  935      50
1977110912 5 144 1387  935      50
1977110918 5 148 1373  935      50
1977111000 6 150 1357  930      55
1977111006 6 148 1342  925      60
1977111012 6 147 1330  923      60
1977111018 6 146 1323  920      60
1977111100 6 147 1315  923      60
1977111106 6 147 1308  925      60
1977111112 6 146 1302  930      60
1977111118 6 146 1297  935      55
1977111200 6 146 1291  940      55
1977111206 5 146 1281  940      50
1977111212 5 145 1274  940      50
1977111218 6 144 1263  937      55
1977111300 6 144 1254  930      60
1977111306 6 146 1242  930      60
1977111312 6 146 1231  925      60
1977111318 6 148 1221  930      60
1977111400 5 152 1207  940      50
1977111406 5 156 1196  950      45
1977111412 4 156 1184  970      35
1977111418 3 161 1182  975      30
1977111500 3 165 1180  985      25
1977111506 2 170 1181  990      20
1977111512 2 176 1182  995      20
1977111518 2 186 1188  998      20
1977111600 2 196 1203  998      20
1977111606 1 203 1213 1000      15
1977111612 1 208 1223 1000      15
1977111618 1 214 1235 1000      15
1977111700 1 216 1250 1000      15
66666 0000   52 0027 7717 2 6 Lucy                               20110729
1977112606 0  70 1690 1004      10
1977112612 0  70 1683 1004      10
1977112618 0  70 1677 1004      10
1977112700 0  70 1670 1004      10
1977112706 0  65 1660 1004      10
1977112712 0  65 1645 1004      10
1977112718 0  65 1630 1004      10
1977112800 0  67 1615 1004      10
1977112806 1  67 1599 1002      12
1977112812 1  68 1584 1002      12
1977112818 1  70 1568 1000      12
1977112900 1  73 1550 1000      12
1977112906 1  76 1536  998      15
1977112912 1  75 1528  998      15
1977112918 1  74 1518  998      15
1977113000 1  72 1507  998      15
1977113006 1  73 1493 1000      15
1977113012 1  74 1475 1002      15
1977113018 1  75 1460 1002      15
1977120100 2  80 1430 1000      20
1977120106 2  85 1406  995      20
1977120112 2 100 1385  992      20
1977120118 3 111 1366  990      25
1977120200 3 114 1354  985      25
1977120206 3 115 1340  975      30
1977120212 3 117 1330  970      30
1977120218 4 120 1322  950      35
1977120300 4 125 1314  945      40
1977120306 6 130 1304  925      55
1977120312 6 135 1297  920      55
1977120318 6 139 1291  917      60
1977120400 6 146 1287  920      60
1977120406 5 154 1285  930      50
1977120412 5 166 1286  940      50
1977120418 5 180 1291  940      45
1977120500 5 190 1299  945      45
1977120506 5 200 1308  945      45
1977120512 4 213 1323  950      40
1977120518 4 217 1339  955      40
1977120600 4 220 1358  970      35
1977120606 3 224 1377  985      30
1977120612 3 223 1402  990      30
1977120618 3 224 1426  990      25
1977120700 3 224 1449  995      25
1977120706 2 225 1470  995      20
1977120712 2 225 1496  996      20
1977120718 2 222 1520  996      20
1977120800 1 220 1545  998      15
1977120806 1 221 1563 1000      15
1977120812 1 227 1580 1000      15
1977120818 1 235 1595 1002      12
1977120900 1 260 1600 1002      12
66666 0000   58 0028 7718 0 6 Mary                               20110729
1977122006 1 101 1793 1000      15
1977122012 1 100 1790 1000      15
1977122018 1 100 1790  998      15
1977122100 2  99 1787  995      20
1977122106 2  99 1787  995      20
1977122112 2  98 1783  993      20
1977122118 2  97 1776  993      20
1977122200 3  99 1766  990      25
1977122206 3 100 1753  990      25
1977122212 3 103 1743  988      25
1977122218 3 108 1734  985      30
1977122300 3 113 1727  982      30
1977122306 4 117 1717  980      35
1977122312 4 123 1710  975      35
1977122318 4 127 1705  973      35
1977122400 4 126 1700  968      40
1977122406 4 130 1694  965      40
1977122412 4 131 1690  963      40
1977122418 4 127 1689  960      40
1977122500 5 123 1692  955      45
1977122506 5 116 1693  945      50
1977122512 5 113 1687  945      50
1977122518 5 110 1682  955      45
1977122600 4 105 1674  965      40
1977122606 4 100 1662  970      35
1977122612 4  96 1645  977      35
1977122618 3  92 1632  985      30
1977122700 3  91 1612  985      30
1977122706 3  89 1594  988      25
1977122712 3  88 1575  988      25
1977122718 3  88 1554  990      25
1977122800 3  93 1537  992      25
1977122806 2 100 1520  996      20
1977122812 2 108 1504  996      20
1977122818 3 114 1490  992      25
1977122900 3 113 1483  990      25
1977122906 3 112 1471  984      30
1977122912 3 111 1453  981      30
1977122918 3 110 1440  977      30
1977123000 3 106 1427  977      30
1977123006 3 103 1416  983      30
1977123012 3 102 1403  985      30
1977123018 3 102 1390  990      25
1977123100 3 101 1379  992      25
1977123106 2  95 1362  995      20
1977123112 2  88 1350  998      20
1977123118 2  80 1335 1000      20
1978010100 2  93 1321 1000      20
1978010106 2 100 1305  996      20
1978010112 3  92 1288  992      25
1978010118 3  92 1275  992      25
1978010200 2 100 1264  995      20
1978010206 2 104 1256  995      20
1978010212 2 107 1252  995      20
1978010218 2 109 1246  997      20
1978010300 2 110 1240  997      20
1978010306 1 113 1233 1000      15
1978010312 1 116 1230 1004      12
