66666 0000   43 0001 8801 0 6 Roy                                20110729
1988010718 1  60 1730 1000      15
1988010800 2  76 1718  995      20
1988010806 2  79 1708  995      20
1988010812 3  83 1695  990      25
1988010818 3  84 1680  985      25
1988010900 3  82 1666  985      25
1988010906 3  83 1653  985      25
1988010912 3  83 1638  980      30
1988010918 3  84 1622  980      30
1988011000 4  87 1600  970      35
1988011006 5  93 1575  955      45
1988011012 5 100 1554  945      50
1988011018 5 108 1534  945      50
1988011100 5 114 1519  945      50
1988011106 5 118 1504  950      50
1988011112 5 123 1490  950      50
1988011118 5 128 1478  950      50
1988011200 5 132 1470  950      50
1988011206 5 140 1457  945      50
1988011212 5 143 1444  945      50
1988011218 5 148 1433  945      50
1988011300 5 150 1425  940      50
1988011306 5 153 1417  940      50
1988011312 5 153 1412  945      45
1988011318 5 147 1403  945      45
1988011400 5 142 1392  945      45
1988011406 4 135 1376  950      40
1988011412 4 127 1359  950      40
1988011418 4 123 1341  950      40
1988011500 5 124 1320  945      45
1988011506 5 127 1297  945      45
1988011512 4 128 1278  950      40
1988011518 4 129 1261  950      40
1988011600 4 130 1242  960      35
1988011606 4 133 1230  970      35
1988011612 3 135 1222  980      30
1988011618 3 136 1213  985      25
1988011700 2 136 1200  990      20
1988011706 2 136 1179  990      20
1988011712 2 137 1169  990      20
1988011718 2 136 1159  995      20
1988011800 2 134 1149  998      20
1988011806 1 133 1140 1002      15
66666 0000   20 0002 8802 2 6 Susan                              20110729
1988052912 1 190 1193  999      15
1988052918 1 187 1194  999      15
1988053000 1 185 1195  998      15
1988053006 2 183 1192  995      20
1988053012 2 183 1192  995      20
1988053018 2 182 1187  995      20
1988053100 3 184 1183  990      25
1988053106 3 187 1181  985      30
1988053112 4 195 1178  980      35
1988053118 4 199 1177  975      40
1988060100 4 202 1175  975      40
1988060106 4 206 1180  975      40
1988060112 4 210 1187  975      40
1988060118 4 216 1197  980      35
1988060200 4 222 1210  980      35
1988060206 3 232 1227  985      30
1988060212 3 245 1249  990      25
1988060218 3 254 1265  990      25
1988060300 2 260 1287  995      20
1988060306 1 268 1310  998      15
66666 0000   10 0003 0000 0 6 (nameless)                         20110729
1988060400 1 180 1285 1002      12
1988060406 1 186 1275 1002      12
1988060412 1 188 1268 1000      15
1988060418 1 194 1253 1000      15
1988060500 1 200 1239 1000      15
1988060506 1 204 1226  998      15
1988060512 1 211 1213  998      15
1988060518 1 218 1204 1000      12
1988060600 0 228 1196 1002      10
1988060606 0 235 1188 1002      10
66666 0000   26 0004 8803 0 6 Thad                               20110729
1988061900 1  69 1380 1005      15
1988061906 1  70 1370 1005      15
1988061912 1  75 1363 1005      15
1988061918 1  82 1350 1002      15
1988062000 1  88 1335 1000      15
1988062006 2  93 1324  998      20
1988062012 2 100 1319  995      20
1988062018 3 115 1317  990      25
1988062100 3 127 1302  990      25
1988062106 3 138 1288  990      25
1988062112 3 144 1275  990      25
1988062118 3 151 1264  985      25
1988062200 3 155 1256  980      30
1988062206 3 161 1250  980      30
1988062212 4 169 1246  975      35
1988062218 4 177 1244  970      35
1988062300 4 186 1245  965      35
1988062306 4 199 1248  965      35
1988062312 3 213 1255  970      30
1988062318 3 227 1265  970      30
1988062400 3 240 1272  975      25
1988062406 3 255 1284  980      25
1988062412 2 268 1301  985      20
1988062418 2 274 1315  990      20
1988062500 1 284 1334  995      15
1988062506 1 300 1360 1000      12
66666 0000   13 0005 8804 0 6 Vanessa                            20110729
1988062612 1  72 1310 1004      15
1988062618 1  81 1291 1002      15
1988062700 2  90 1275  998      20
1988062706 2 100 1258  995      20
1988062712 2 107 1238  995      20
1988062718 2 117 1222  995      20
1988062800 2 128 1202  995      20
1988062806 3 142 1187  990      25
1988062812 3 154 1170  990      25
1988062818 3 170 1152  990      25
1988062900 2 196 1136  995      20
1988062906 2 210 1131  995      20
1988062912 1 222 1129 1000      15
66666 0000   22 0006 0000 0 6 (nameless)                         20110729
1988070500 0 230 1333 1005      10
1988070506 0 222 1320 1004      10
1988070512 1 218 1305 1002      15
1988070518 1 225 1297 1002      15
1988070600 1 234 1300 1002      15
1988070606 1 230 1310 1000      15
1988070612 1 223 1300 1000      15
1988070618 1 224 1286 1000      15
1988070700 1 228 1270 1000      15
1988070706 1 227 1258 1000      15
1988070712 1 225 1249 1000      15
1988070718 1 225 1242 1000      15
1988070800 1 227 1235 1000      15
1988070806 1 225 1230 1000      15
1988070812 1 225 1230 1000      15
1988070818 1 223 1228 1000      15
1988070900 1 220 1220 1000      15
1988070906 1 220 1220 1000      15
1988070912 1 218 1218 1000      15
1988070918 1 218 1218 1000      15
1988071000 1 216 1216 1002      12
1988071006 1 213 1210 1002      12
66666 0000   29 0007 8805 0 6 Warren                             20110729
1988071300 1 116 1441 1004      12
1988071306 1 117 1434 1002      15
1988071312 1 119 1428 1000      15
1988071318 1 120 1422 1000      15
1988071400 1 121 1415 1000      15
1988071406 2 123 1405  995      20
1988071412 2 127 1397  995      20
1988071418 3 126 1388  990      25
1988071500 3 128 1380  990      25
1988071506 3 130 1373  985      30
1988071512 3 134 1364  980      30
1988071518 3 139 1348  980      30
1988071600 4 142 1335  975      35
1988071606 4 148 1321  975      35
1988071612 4 153 1303  965      40
1988071618 5 158 1287  955      45
1988071700 6 162 1273  945      55
1988071706 6 169 1256  945      55
1988071712 5 177 1241  950      50
1988071718 5 182 1227  955      45
1988071800 4 186 1217  960      40
1988071806 4 192 1205  960      40
1988071812 4 202 1193  965      40
1988071818 4 206 1181  965      40
1988071900 4 213 1171  970      35
1988071906 4 225 1165  970      35
1988071912 3 234 1156  975      30
1988071918 2 244 1147  990      20
1988072000 1 250 1130  998      15
66666 0000   21 0008 8806 1 6 Agnes                              20110729
1988072706 1 250 1430 1000      15
1988072712 1 226 1420 1000      15
1988072718 1 213 1412  998      15
1988072800 1 207 1408  998      15
1988072806 1 200 1407  996      15
1988072812 1 201 1405  996      15
1988072818 1 206 1405  996      15
1988072900 1 211 1406  996      15
1988072906 1 215 1408  993      15
1988072912 1 225 1409  992      15
1988072918 2 237 1410  990      20
1988073000 2 257 1412  985      20
1988073006 3 276 1417  980      25
1988073012 3 298 1421  980      25
1988073018 3 311 1426  985      25
1988073100 3 329 1438  985      25
1988073106 3 351 1456  985      25
1988073112 3 374 1483  985      25
1988073118 3 399 1515  985      25
1988080100 2 420 1560  990      20
1988080106 1 440 1600  995      15
66666 0000   15 0009 0000 0 6 (nameless)                         20110729
1988073012 1 200 1344 1000      15
1988073018 1 206 1336 1000      15
1988073100 1 215 1331 1000      15
1988073106 1 227 1329 1000      15
1988073112 1 241 1330 1000      15
1988073118 1 253 1333 1000      15
1988080100 1 263 1339 1002      15
1988080106 1 280 1347 1002      15
1988080112 1 294 1355 1002      15
1988080118 1 310 1365 1002      15
1988080200 1 320 1371 1000      15
1988080206 1 327 1378 1000      15
1988080212 1 334 1382 1000      15
1988080218 1 340 1390 1000      15
1988080300 1 345 1395 1002      12
66666 0000   15 0010 0000 0 6 (nameless)                         20110729
1988073118 1 175 1160 1001      12
1988080100 1 178 1155 1001      12
1988080106 1 187 1150 1001      12
1988080112 1 190 1140 1001      15
1988080118 1 191 1130 1002      12
1988080200 1 190 1120 1002      12
1988080206 1 194 1111 1002      12
1988080212 1 195 1105 1001      12
1988080218 0 198 1088 1001      10   15
1988080300 0 205 1080 1001      10
1988080306 0 212 1075 1001      10
1988080312 0 213 1074 1001      10
1988080318 0 214 1073 1001      10
1988080400 0 214 1072 1002      10
1988080406 0 215 1070 1001      10
66666 0000   20 0011 8807 0 6 Bill                               20110729
1988080418 0 210 1282 1002      10
1988080500 1 215 1281 1002      12
1988080506 1 220 1280 1000      15
1988080512 1 228 1282 1000      15
1988080518 1 237 1283 1000      15
1988080600 1 245 1282  998      15
1988080606 1 250 1280  998      15
1988080612 1 258 1278  998      15
1988080618 2 265 1267  994      20
1988080700 2 275 1254  990      20
1988080706 3 285 1243  985      30
1988080712 4 291 1231  980      35
1988080718 4 297 1210  970      35
1988080800 4 304 1195  985      35
1988080806 4 310 1179  990      35
1988080812 3 312 1163  990      25
1988080818 2 316 1148  995      20
1988080900 2 316 1139  998      20
1988080906 1 318 1130 1000      15
1988080912 1 322 1119 1002      12
66666 0000   36 0012 8808 0 6 Clara                              20110729
1988080600 0 268 1750 1012       9
1988080606 0 270 1722 1012       9
1988080612 0 271 1702 1012       9
1988080618 0 275 1691 1012       9
1988080700 0 280 1680 1012       9
1988080706 0 280 1660 1012       9
1988080712 0 280 1660 1012       9
1988080718 0 280 1645 1010       9
1988080800 0 285 1638 1010       9
1988080806 0 285 1638 1008      10
1988080812 0 285 1638 1008      10
1988080818 1 285 1638 1004      12
1988080900 1 290 1635 1002      15
1988080906 1 290 1635 1002      15
1988080912 1 295 1630 1002      15
1988080918 1 295 1625 1002      15
1988081000 1 295 1625 1002      15
1988081006 1 295 1615 1002      15
1988081012 1 295 1600  998      15
1988081018 1 295 1600  996      15
1988081100 2 287 1602  995      20
1988081106 2 284 1607  995      20
1988081112 2 283 1611  995      20
1988081118 2 282 1616  995      20
1988081200 2 291 1615  995      20
1988081206 2 301 1613  995      20
1988081212 2 310 1614  995      20
1988081218 2 316 1610  995      20
1988081300 1 327 1606  995      15
1988081306 1 334 1603  996      15
1988081312 1 346 1601  996      15
1988081318 1 353 1598  998      15
1988081400 1 360 1593  998      15
1988081406 1 370 1582 1000      15
1988081412 1 377 1570 1002      12
1988081418 0 380 1550 1004      10
66666 0000   26 0013 0000 0 6 (nameless)                         20110729
1988080618 0 245 1395 1008       9
1988080700 0 242 1392 1006       9
1988080706 0 240 1390 1006       9
1988080712 0 236 1388 1006       9
1988080718 0 233 1384 1006      10
1988080800 0 235 1379 1004      10
1988080806 1 240 1375 1001      12
1988080812 1 247 1372 1001      12
1988080818 1 252 1368 1001      15
1988080900 1 260 1364 1000      15
1988080906 1 278 1361  998      15
1988080912 1 275 1355  998      15
1988080918 1 280 1351  998      15
1988081000 1 285 1350  998      15
1988081006 1 295 1340  998      15
1988081012 1 305 1334 1000      15
1988081018 1 311 1327 1000      15
1988081100 1 313 1315 1000      15
1988081106 1 310 1308 1000      15
1988081112 1 306 1300 1000      15
1988081118 1 306 1291 1000      15
1988081200 1 310 1287 1000      15
1988081206 1 310 1287  999      15
1988081212 1 312 1283 1000      12
1988081218 0 318 1286 1002      10
1988081300 0 322 1295 1002      10
66666 0000   14 0014 0000 0 6 (nameless)                         20110729
1988081318 1 252 1290 1002      12
1988081400 1 265 1312 1000      15
1988081406 1 278 1331 1000      15
1988081412 1 291 1344 1000      15
1988081418 1 304 1354 1000      15
1988081500 1 314 1359 1000      15
1988081506 1 328 1360 1000      15
1988081512 1 338 1356 1000      12
1988081518 1 346 1352 1002      12
1988081600 1 352 1340 1002      12
1988081606 0 358 1330 1004      10
1988081612 0 363 1325 1004      10
1988081618 0 370 1325 1004      10
1988081700 0 380 1330 1005      10
66666 0000   38 0015 8809 1 6 Doyle                              20110729
1988081412 1 190 1706 1000      15
1988081418 1 192 1704  995      15
1988081500 2 194 1699  990      20
1988081506 2 197 1690  990      20
1988081512 3 199 1682  985      25
1988081518 3 201 1672  985      25
1988081600 3 202 1662  980      30
1988081606 4 206 1654  975      35
1988081612 4 209 1649  970      40
1988081618 5 216 1645  955      50
1988081700 5 221 1642  955      50
1988081706 5 229 1641  945      50
1988081712 5 237 1642  945      50
1988081718 5 247 1646  950      50
1988081800 5 257 1652  950      50
1988081806 5 269 1659  955      50
1988081812 5 280 1667  960      45
1988081818 4 290 1677  965      40
1988081900 4 296 1686  965      40
1988081906 4 302 1695  970      35
1988081912 4 305 1700  970      35
1988081918 3 310 1705  975      30
1988082000 3 314 1713  975      30
1988082006 3 318 1721  975      30
1988082012 3 324 1730  975      30
1988082018 3 332 1733  980      30
1988082100 3 341 1739  985      25
1988082106 2 351 1735  985      20
1988082112 2 355 1733  985      20
1988082118 2 361 1730  985      20
1988082200 2 367 1735  990      20
1988082206 2 372 1740  994      20
1988082212 1 375 1745  998      15
1988082218 1 374 1749 1000      15
1988082300 1 372 1752 1000      15
1988082306 1 370 1755 1000      15
1988082312 1 369 1760 1004      12
1988082318 0 368 1768 1006      10
66666 0000   44 0016 8811 1 6 Fabian                             20110729
1988082400 1 296 1430 1004      12
1988082406 1 300 1433 1002      15
1988082412 1 307 1431 1002      15
1988082418 1 313 1428 1002      15
1988082500 1 318 1423 1002      15
1988082506 1 326 1410 1002      15
1988082512 1 329 1390 1002      15
1988082518 1 318 1392 1002      15
1988082600 1 315 1405 1002      15
1988082606 1 305 1409 1002      15
1988082612 1 307 1415 1002      15
1988082618 1 313 1419 1002      15
1988082700 1 318 1420 1000      15
1988082706 1 315 1421  998      15
1988082712 1 311 1420  998      15
1988082718 1 308 1421  988      15
1988082800 1 307 1426  998      15
1988082806 1 307 1426  997      15
1988082812 1 307 1426  998      15
1988082818 1 305 1430  998      15
1988082900 1 305 1430  998      15
1988082906 1 306 1433  996      15
1988082912 1 308 1438  996      15
1988082918 2 310 1442  992      20
1988083000 3 311 1449  990      25
1988083006 3 310 1455  990      25
1988083012 3 310 1464  990      25
1988083018 3 311 1476  985      25
1988083100 3 311 1486  985      25
1988083106 3 311 1496  985      25
1988083112 3 315 1505  985      25
1988083118 3 316 1518  985      25
1988090100 2 314 1529  990      20
1988090106 2 314 1536  990      20
1988090112 3 318 1539  985      25
1988090118 3 326 1536  980      30
1988090200 4 329 1537  975      35
1988090206 4 340 1539  975      35
1988090212 4 355 1538  975      35
1988090218 3 370 1544  980      30
1988090300 3 389 1568  985      25
1988090306 3 412 1592  985      25
1988090312 2 430 1630  990      20
1988090318 2 450 1680  995      20
66666 0000   17 0017 8810 1 6 Elsie                              20110729
1988082806 1 228 1580 1004      12
1988082812 1 230 1590 1000      15
1988082818 1 235 1595  998      15
1988082900 2 240 1600  995      20
1988082906 2 245 1605  995      20
1988082912 2 253 1610  995      20
1988082918 2 260 1615  995      20
1988083000 2 275 1613  995      20
1988083006 2 288 1610  995      20
1988083012 2 302 1605  995      20
1988083018 2 313 1597  995      20
1988083100 3 328 1586  992      25
1988083106 3 341 1578  992      25
1988083112 2 362 1562  994      20
1988083118 2 382 1554  994      20
1988090100 2 402 1562  994      20
1988090106 2 425 1580  994      20
66666 0000   10 0018 8812 0 6 Gay                                20110729
1988090206 1 262 1345 1000      15
1988090212 1 267 1358 1000      15
1988090218 1 275 1370  998      15
1988090300 2 286 1380  994      20
1988090306 2 297 1392  990      20
1988090312 2 304 1405  990      20
1988090318 2 313 1418  994      20
1988090400 1 322 1432  996      15
1988090406 1 325 1442  998      15
1988090412 1 328 1450 1000      15
66666 0000   28 0019 8813 0 6 Uleki                              20110729
1988090618 3 228 1900  985      25
1988090700 4 230 1875  975      35
1988090706 4 236 1866  970      35
1988090712 4 240 1850  970      35
1988090718 4 244 1837  960      40
1988090800 5 250 1819  950      45
1988090806 5 251 1797  945      45
1988090812 5 255 1790  945      45
1988090818 5 261 1777  945      45
1988090900 5 266 1764  950      45
1988090906 5 270 1755  950      45
1988090912 5 274 1745  950      45
1988090918 5 275 1738  950      45
1988091000 4 276 1728  955      40
1988091006 4 277 1722  960      40
1988091012 4 282 1717  960      40
1988091018 4 287 1711  960      35
1988091100 4 293 1706  965      35
1988091106 4 298 1701  970      35
1988091112 4 302 1697  970      35
1988091118 4 305 1693  970      35
1988091200 3 307 1690  975      30
1988091206 3 312 1686  975      30
1988091212 3 316 1679  985      25
1988091218 3 316 1670  985      25
1988091300 3 310 1662  985      25
1988091306 2 301 1651  990      20
1988091312 1 308 1635  995      15
66666 0000   37 0020 8814 1 6 Hal                                20110729
1988090806 1 180 1567 1000      15
1988090812 1 183 1560 1000      15
1988090818 1 189 1548 1000      15
1988090900 1 193 1534 1000      15
1988090906 2 201 1519  995      20
1988090912 2 207 1509  990      20
1988090918 2 211 1499  990      20
1988091000 3 213 1491  985      25
1988091006 3 212 1483  985      25
1988091012 3 209 1475  985      25
1988091018 3 208 1472  980      30
1988091100 4 206 1466  975      35
1988091106 4 201 1461  970      35
1988091112 4 198 1458  970      35
1988091118 4 198 1458  970      35
1988091200 4 198 1458  965      40
1988091206 4 204 1461  960      40
1988091212 5 214 1458  955      45
1988091218 5 222 1452  955      45
1988091300 5 229 1448  955      45
1988091306 5 241 1444  950      45
1988091312 5 250 1440  950      45
1988091318 5 260 1437  950      45
1988091400 5 270 1434  950      45
1988091406 5 282 1433  950      45
1988091412 4 293 1429  955      40
1988091418 4 307 1424  955      40
1988091500 4 315 1420  960      35
1988091506 4 322 1425  965      35
1988091512 4 330 1430  965      35
1988091518 4 337 1437  965      35
1988091600 4 354 1448  970      35
1988091606 3 370 1460  975      30
1988091612 3 385 1485  980      25
1988091618 3 401 1520  985      25
1988091700 2 413 1553  990      20
1988091706 2 425 1603  990      20
66666 0000   21 0021 8815 0 6 Irma                               20110729
1988091106 0 200 1592 1006      10
1988091112 1 210 1595 1004      12
1988091118 1 217 1598 1000      15
1988091200 2 226 1602  998      20
1988091206 2 232 1600  995      20
1988091212 2 238 1596  992      20
1988091218 2 243 1589  990      20
1988091300 2 247 1583  990      20
1988091306 2 253 1581  990      20
1988091312 2 259 1580  990      20
1988091318 2 263 1579  990      20
1988091400 2 266 1578  990      20
1988091406 2 269 1576  990      20
1988091412 2 271 1572  990      20
1988091418 3 270 1567  985      25
1988091500 2 273 1562  990      20
1988091506 2 280 1559  990      20
1988091512 1 290 1555  995      15
1988091518 1 300 1552  995      15
1988091600 1 305 1555  996      15
1988091606 1 310 1561 1000      15
66666 0000   17 0022 8816 0 6 Jeff                               20110729
1988091206 1 165 1310 1002      12
1988091212 1 170 1320 1002      12
1988091218 1 170 1320 1000      15
1988091300 1 164 1327 1000      15
1988091306 1 157 1337 1000      15
1988091312 1 152 1350  998      15
1988091318 1 160 1359  998      15
1988091400 1 166 1368  998      15
1988091406 2 173 1375  995      20
1988091412 2 183 1380  992      20
1988091418 2 195 1390  992      20
1988091500 2 208 1396  990      20
1988091506 2 220 1402  990      20
1988091512 2 230 1405  990      20
1988091518 2 242 1411  992      20
1988091600 1 253 1415 1000      15
1988091606 1 265 1425 1002      15
66666 0000   14 0023 8817 0 6 Kit                                20110729
1988091900 1 160 1255 1002      15
1988091906 1 170 1240 1000      15
1988091912 1 175 1230 1000      15
1988091918 1 178 1218 1000      15
1988092000 1 183 1208  998      15
1988092006 2 189 1200  995      20
1988092012 2 194 1194  995      20
1988092018 3 198 1188  990      25
1988092100 3 203 1183  985      30
1988092106 3 208 1178  980      30
1988092112 4 217 1172  970      35
1988092118 4 224 1165  970      35
1988092200 3 231 1159  985      25
1988092206 1 237 1158  998      12
66666 0000   22 0024 8819 0 6 Mimie                              20110729
1988091900 1 150 1145 1005      12
1988091906 1 152 1140 1005      12
1988091912 1 150 1135 1005      12
1988091918 1 145 1129 1002      12
1988092000 1 140 1123 1002      12
1988092006 1 135 1120 1000      15
1988092012 1 134 1125 1000      15
1988092018 1 134 1125 1000      15
1988092100 1 138 1128 1000      15
1988092106 1 141 1127  998      15
1988092112 1 145 1125  998      15
1988092118 1 145 1125  998      15
1988092200 2 150 1124  990      20
1988092206 3 166 1126  990      25
1988092212 3 178 1130  990      25
1988092218 3 190 1131  990      25
1988092300 3 200 1135  990      25
1988092306 2 209 1146  990      20
1988092312 2 218 1150  995      20
1988092318 2 223 1152  995      20
1988092400 1 228 1151 1002      12
1988092406 0 228 1151 1004      10
66666 0000   23 0025 8818 2 6 Lee                                20110729
1988091906 0 180 1420 1008      10
1988091912 0 180 1406 1006      10
1988091918 1 181 1397 1004      12
1988092000 1 182 1390 1004      12
1988092006 1 183 1381 1002      15
1988092012 1 183 1363 1002      15
1988092018 1 184 1351 1000      15
1988092100 1 183 1342  998      15
1988092106 2 183 1333  995      20
1988092112 2 183 1324  992      20
1988092118 3 185 1315  985      25
1988092200 3 191 1306  985      25
1988092206 3 197 1297  985      25
1988092212 3 200 1290  985      25
1988092218 3 206 1281  980      30
1988092300 3 210 1275  980      30
1988092306 3 220 1270  985      25
1988092312 3 229 1265  985      25
1988092318 3 236 1264  985      25
1988092400 2 246 1274  990      20
1988092406 2 256 1286  994      20
1988092412 1 265 1295  998      15
1988092418 1 280 1310  998      15
66666 0000   30 0026 0000 0 6 (nameless)                         20110729
1988092700 0 160 1250 1004       9
1988092706 0 170 1225 1002      10
1988092712 0 175 1210 1002      10
1988092718 0 165 1197 1002      10
1988092800 0 158 1185 1002      10
1988092806 1 170 1185 1000      15
1988092812 1 165 1175 1000      15
1988092818 1 160 1168 1000      15
1988092900 1 155 1160 1000      15
1988092906 1 150 1155 1000      15
1988092912 1 147 1147 1000      15
1988092918 1 145 1140 1000      15
1988093000 1 145 1132 1000      15
1988093006 1 150 1125 1000      15
1988093012 1 150 1125 1000      15
1988093018 1 155 1120  995      15
1988100100 1 167 1113  995      15
1988100106 1 175 1110  995      15
1988100112 1 181 1105  995      15
1988100118 1 182 1100  995      15
1988100200 1 185 1095 1000      15
1988100206 1 188 1092 1000      15
1988100212 1 190 1088 1000      15
1988100218 1 193 1086 1000      15
1988100300 1 196 1079 1000      15
1988100306 1 197 1075 1002      15
1988100312 1 195 1070 1002      12
1988100318 1 195 1065 1002      12
1988100400 1 195 1060 1004      12
1988100406 0 193 1055 1005      10
66666 0000   34 0027 8820 1 6 Nelson                             20110729
1988100100 1 123 1383 1000      15
1988100106 1 124 1375 1000      15
1988100112 1 125 1364 1000      15
1988100118 2 128 1354  995      20
1988100200 2 133 1345  995      20
1988100206 3 139 1331  990      25
1988100212 3 142 1321  985      25
1988100218 3 150 1308  980      30
1988100300 4 153 1295  975      35
1988100306 4 161 1285  965      40
1988100312 4 168 1274  960      40
1988100318 5 175 1265  955      45
1988100400 5 184 1259  945      50
1988100406 6 193 1252  940      55
1988100412 6 200 1247  930      60
1988100418 6 207 1244  925      60
1988100500 6 213 1243  920      60
1988100506 6 219 1245  920      60
1988100512 6 226 1252  920      60
1988100518 6 234 1259  930      55
1988100600 5 240 1267  935      50
1988100606 5 246 1278  940      50
1988100612 5 252 1286  945      45
1988100618 5 258 1297  950      45
1988100700 5 265 1310  950      45
1988100706 5 275 1323  950      45
1988100712 4 285 1335  960      40
1988100718 4 295 1348  965      35
1988100800 3 303 1363  970      30
1988100806 3 316 1378  975      30
1988100812 3 326 1403  980      25
1988100818 2 335 1433  990      20
1988100900 9 350 1470  990      20
1988100906 9 360 1520  998      15
66666 0000   12 0028 8821 1 6 (nameless)                         20110729
1988100712 1 151 1180 1002      12
1988100718 1 151 1172 1002      12
1988100800 1 149 1163 1000      15
1988100806 2 145 1153  995      20
1988100812 2 142 1143  995      20
1988100818 2 145 1135  995      20
1988100900 2 145 1126  995      20
1988100906 2 141 1116  994      20
1988100912 2 138 1110  995      20
1988100918 2 138 1101  995      20
1988101000 1 141 1095  996      15
1988101006 1 147 1090 1000      15
66666 0000   42 0029 8822 0 6 Odessa                             20110729
1988100818 1 172 1500 1008      12
1988100900 1 176 1475 1008      12
1988100906 0 188 1457 1006      10
1988100912 0 197 1443 1006      10
1988100918 1 199 1429 1004      12
1988101000 1 198 1418 1000      15
1988101006 2 198 1398  995      20
1988101012 2 195 1382  995      20
1988101018 2 191 1370  995      20
1988101100 2 188 1357  995      20
1988101106 2 190 1340  990      20
1988101112 2 192 1325  990      20
1988101118 2 193 1315  990      20
1988101200 2 191 1304  990      20
1988101206 2 192 1296  990      20
1988101212 2 195 1293  990      20
1988101218 2 202 1290  990      20
1988101300 3 211 1288  985      25
1988101306 3 217 1288  980      30
1988101312 4 220 1290  975      35
1988101318 4 221 1294  970      35
1988101400 4 226 1299  970      35
1988101406 4 230 1303  970      35
1988101412 4 235 1309  975      35
1988101418 4 245 1312  975      35
1988101500 4 250 1318  975      35
1988101506 4 253 1323  975      35
1988101512 3 254 1328  975      30
1988101518 3 255 1333  975      30
1988101600 3 258 1338  975      30
1988101606 3 260 1344  980      30
1988101612 3 258 1341  985      25
1988101618 2 260 1329  992      20
1988101700 1 264 1323 1000      15
1988101706 1 270 1320 1002      15
1988101712 1 275 1322 1004      12
1988101718 1 280 1326 1004      12
1988101800 1 286 1330 1004      12
1988101806 1 289 1343 1005      12
1988101812 1 290 1361 1006      12
1988101818 9 293 1378 1006      12
1988101900 9 295 1395 1008      12
66666 0000   12 0030 0000 1 6 (nameless)                         20110729
1988101312 1 138 1150 1004      12
1988101318 1 137 1143 1004      12
1988101400 1 135 1135 1004      12
1988101406 1 130 1133 1004      12
1988101412 1 125 1130 1004      12
1988101418 1 127 1123 1004      12
1988101500 1 130 1115 1002      15
1988101506 1 135 1110 1002      15
1988101512 1 140 1100 1003      12
1988101518 1 143 1090 1003      12
1988101600 1 145 1080 1003      12
1988101606 1 147 1065 1003      12
66666 0000   28 0031 8823 1 6 Pat                                20110729
1988101612 0  60 1390 1007      10
1988101618 0  72 1387 1006      10
1988101700 1  84 1382 1005      12
1988101706 1  95 1378 1003      12
1988101712 1 104 1373 1003      12
1988101718 1 118 1368 1003      12
1988101800 1 129 1361 1002      15
1988101806 1 139 1352 1002      15
1988101812 1 148 1346 1002      15
1988101818 1 157 1336 1000      15
1988101900 2 162 1322  998      20
1988101906 2 164 1311  995      20
1988101912 2 164 1301  995      20
1988101918 3 164 1285  990      25
1988102000 3 163 1261  990      25
1988102006 3 163 1246  990      25
1988102012 3 164 1229  985      25
1988102018 3 163 1204  985      25
1988102100 3 167 1180  985      30
1988102106 3 165 1165  980      30
1988102112 3 168 1151  980      30
1988102118 3 173 1133  980      30
1988102200 3 178 1117  980      30
1988102206 4 185 1105  980      35
1988102212 3 190 1088  985      30
1988102218 3 198 1076  990      25
1988102300 2 204 1066  995      20
1988102306 1 209 1042 1000      15
66666 0000   34 0032 8824 0 6 Ruby                               20110729
1988102100 1 102 1380 1000      15
1988102106 1 100 1370  998      15
1988102112 2  99 1361  995      20
1988102118 2  97 1353  995      20
1988102200 3  94 1349  990      25
1988102206 3  92 1340  985      25
1988102212 3  96 1333  985      25
1988102218 3 101 1324  975      30
1988102300 3 105 1310  975      30
1988102306 4 108 1296  970      35
1988102312 4 114 1282  970      35
1988102318 4 119 1269  965      40
1988102400 4 126 1257  965      40
1988102406 4 138 1242  965      40
1988102412 5 148 1230  960      45
1988102418 5 152 1217  960      45
1988102500 4 159 1201  960      40
1988102506 4 164 1189  960      40
1988102512 4 165 1182  965      40
1988102518 4 162 1176  970      35
1988102600 4 165 1171  970      35
1988102606 4 170 1167  975      35
1988102612 3 173 1161  980      30
1988102618 3 177 1153  980      30
1988102700 3 181 1144  980      30
1988102706 3 182 1134  980      30
1988102712 3 182 1125  980      30
1988102718 3 185 1115  980      30
1988102800 3 187 1107  980      25   30
1988102806 3 188 1102  980      25
1988102812 2 189 1096  990      20
1988102818 2 183 1092  995      20
1988102900 1 178 1093 1002      15
1988102906 1 175 1095 1006      12
66666 0000   21 0033 8826 0 6 Tess                               20110729
1988110200 1 110 1255 1004      12
1988110206 1 100 1248 1000      12
1988110212 1  96 1245 1000      12
1988110218 1  93 1236 1000      12
1988110300 1  92 1228 1000      15
1988110306 1  90 1220 1000      15
1988110312 1  88 1210 1000      15
1988110318 1  88 1200 1000      15
1988110400 1  89 1193  998      15
1988110406 2  89 1187  995      20
1988110412 2  92 1179  990      20
1988110418 2  93 1171  990      20
1988110500 2  96 1161  990      20
1988110506 3 100 1150  985      25
1988110512 3 102 1134  980      30
1988110518 4 104 1121  975      35
1988110600 4 106 1110  975      35
1988110606 3 110 1101  980      30
1988110612 3 116 1087  985      25
1988110618 2 118 1078  992      20
1988110700 1 120 1070 1004      15
66666 0000   39 0034 8825 0 6 Skip                               20110729
1988110300 1  83 1403 1004      12
1988110306 1  85 1400 1000      15
1988110312 1  86 1396 1000      15
1988110318 1  87 1393  998      15
1988110400 2  87 1390  995      20
1988110406 3  85 1386  985      25
1988110412 3  86 1378  980      30
1988110418 3  87 1370  980      30
1988110500 3  87 1358  980      30
1988110506 3  91 1348  980      30
1988110512 4  93 1335  970      35
1988110518 4  94 1323  960      40
1988110600 4  95 1312  960      40
1988110606 5  99 1300  955      45
1988110612 5 103 1287  955      45
1988110618 5 108 1275  955      45
1988110700 5 111 1261  955      45
1988110706 4 116 1246  965      40
1988110712 4 125 1230  965      40
1988110718 4 127 1219  970      40
1988110800 4 129 1208  970      35
1988110806 4 132 1190  970      35
1988110812 3 135 1174  980      30
1988110818 3 138 1165  980      30
1988110900 3 142 1158  985      25
1988110906 3 147 1152  985      25
1988110912 3 149 1142  985      25
1988110918 3 150 1135  985      25
1988111000 3 150 1129  985      25
1988111006 3 151 1127  985      25
1988111012 3 152 1123  985      25
1988111018 3 153 1120  985      25
1988111100 2 153 1116  990      20
1988111106 2 152 1112  990      20
1988111112 2 152 1107  990      20
1988111118 2 151 1103  990      20
1988111200 2 153 1100  990      20
1988111206 2 155 1093  995      20
1988111212 1 158 1085 1000      12
66666 0000   16 0035 8827 0 6 Val                                20110729
1988122212 0 110 1310 1002      10
1988122218 1 118 1295 1002      15
1988122300 2 125 1280 1000      20
1988122306 2 132 1267  998      20
1988122312 2 138 1259  998      20
1988122318 2 142 1252  998      20
1988122400 2 148 1244  995      20
1988122406 3 152 1237  990      25
1988122412 3 156 1232  990      25
1988122418 3 161 1230  990      25
1988122500 2 164 1230  995      20
1988122506 2 168 1233  998      18
1988122512 2 171 1237  998      18
1988122518 2 171 1240  998      18
1988122600 2 170 1242  998      18
1988122606 1 166 1245 1002      15
