66666 0000   24 0001 0000 0 6 Charlotte                          20110729
1952060906 1 148 1179  992      15
1952060912 2 148 1175  990      20
1952060918 3 150 1170  988      25
1952061000 3 153 1166  987      30
1952061006 3 163 1163  985      30
1952061012 3 173 1160  983      30
1952061018 3 183 1156  981      30
1952061100 4 191 1149  978      35
1952061106 4 195 1144  971      35
1952061112 4 199 1139  966      40
1952061118 4 203 1133  962      40
1952061200 4 206 1126  960      40
1952061206 4 207 1121  961      40
1952061212 4 209 1117  970      35
1952061218 3 212 1114  980      30
1952061300 3 215 1112  985      25
1952061306 2 220 1111  988      20
1952061312 1 225 1114  990      15
1952061318 1 227 1122  993      15
1952061400 0 230 1125  993      10
1952061406 0 233 1128  996       9
1952061412 0 235 1134 1000       9
1952061418 0 237 1140 1000       9
1952061500 0 240 1149 1002       9
66666 0000   31 0002 0000 1 6 Dinah                              20110729
1952061900 1 120 1295 1006      15
1952061906 1 122 1282 1004      15
1952061912 1 132 1268 1003      15
1952061918 2 140 1255 1002      20
1952062000 2 150 1246 1000      20
1952062006 3 162 1241  995      25
1952062012 3 175 1237  995      25
1952062018 3 189 1231  985      30
1952062100 3 198 1226  982      30
1952062106 3 209 1228  980      30
1952062112 4 219 1232  977      35
1952062118 4 228 1237  974      35
1952062200 4 236 1243  972      40
1952062206 4 243 1251  968      40
1952062212 5 257 1263  962      45
1952062218 4 274 1280  966      40
1952062300 4 297 1302  969      35
1952062306 4 321 1331  972      35
1952062312 4 337 1363  972      35
1952062318 9 358 1397  980      30
1952062400 9 370 1430  982      25
1952062406 9 374 1475  988      25
1952062412 9 375 1523  990      25
1952062418 9 373 1570  990      25
1952062500 9 368 1620  990      25
1952062506 9 373 1676  990      25
1952062512 9 390 1720  985       0
1952062518 9 410 1750  985       0
1952062600 9 422 1756  982       0
1952062606 9 441 1762  982       0
1952062612 9 467 1775  982       0
66666 0000   12 0003 0000 0 6 (nameless)                         20110729
1952062606 0 150 1225 1006       0
1952062612 0 156 1208 1006       0
1952062618 0 164 1196 1004       0
1952062700 0 175 1189 1002       0
1952062706 1 183 1185 1000      15
1952062712 1 193 1181 1000      15
1952062718 2 204 1175  995      20
1952062800 2 213 1170  995      20
1952062806 2 221 1167  995      20
1952062812 1 228 1163  995      15
1952062818 0 235 1161  998      10
1952062900 0 239 1162 1000      10
66666 0000   35 0004 0000 0 6 Emma                               20110729
1952062800 1  53 1436 1002      15
1952062806 2  61 1437  996      20
1952062812 2  67 1433  996      20
1952062818 2  74 1427  994      20
1952062900 3  77 1419  991      25
1952062906 3  81 1409  986      30
1952062912 4  84 1398  984      35
1952062918 4  87 1387  982      35
1952063000 4  89 1374  979      40
1952063006 4  91 1357  975      40
1952063012 4  92 1341  978      40
1952063018 4  93 1326  981      40
1952070100 4  94 1313  981      40
1952070106 5  95 1302  975      45
1952070112 5  96 1290  973      45
1952070118 5  97 1277  973      45
1952070200 5  98 1265  974      45
1952070206 5 102 1251  977      45
1952070212 4 105 1242  980      40
1952070218 4 107 1232  983      40
1952070300 4 111 1224  985      40
1952070306 4 115 1213  986      35
1952070312 4 120 1202  986      35
1952070318 4 125 1191  986      35
1952070400 4 131 1180  986      35
1952070406 4 141 1171  983      40
1952070412 5 153 1163  978      45
1952070418 5 163 1152  976      45
1952070500 5 175 1140  975      45
1952070506 5 185 1127  975      45
1952070512 4 193 1118  980      40
1952070518 3 203 1112  985      30
1952070600 3 215 1109  985      25
1952070606 1 223 1090  990      15
1952070612 0 224 1060  995       0
66666 0000   10 0005 0000 0 6 (nameless)                         20110729
1952070418 0 220 1530 1006       0
1952070500 0 220 1520 1005       0
1952070506 0 220 1510 1004       0
1952070512 1 220 1500 1002      12
1952070518 1 220 1490 1002      15
1952070600 1 220 1480 1002      15
1952070606 1 223 1470 1002      15
1952070612 1 228 1458 1002      15
1952070618 0 232 1448 1004       0
1952070700 0 237 1437 1004       0
66666 0000   25 0006 0000 2 6 Freda                              20110729
1952070906 0 232 1240 1002       0
1952070912 0 234 1244 1002       0
1952070918 0 236 1247 1002       0
1952071000 0 237 1250 1002       0
1952071006 0 239 1253 1002       0
1952071012 0 240 1256 1002       0
1952071018 0 240 1260 1002       0
1952071100 1 240 1267 1001      15
1952071106 1 241 1274  998      15
1952071112 1 245 1279  998      15
1952071118 1 248 1285  998      15
1952071200 2 251 1293  997      20
1952071206 2 254 1300  995      20
1952071212 3 257 1307  992      25
1952071218 3 261 1312  992      25
1952071300 3 264 1317  992      25
1952071306 3 268 1322  992      25
1952071312 3 271 1329  992      25
1952071318 3 275 1330  992      25
1952071400 2 280 1330  995      20
1952071406 2 285 1329  995      20
1952071412 2 293 1326  995      20
1952071418 2 303 1323  995      20
1952071500 1 315 1317  998      15
1952071506 0 324 1307  999       0
66666 0000   39 0007 0000 0 6 Gilda                              20110729
1952071418 0 274 1300 1000       0
1952071500 0 270 1298 1000       0
1952071506 0 266 1296 1000       0
1952071512 0 261 1293 1000       0
1952071518 0 257 1290 1000       0
1952071600 1 254 1285 1000      15
1952071606 1 253 1281  998      15
1952071612 1 254 1275  998      15
1952071618 1 257 1270  998      15
1952071700 1 258 1266  997      15
1952071706 1 257 1260  995      15
1952071712 2 256 1253  994      20
1952071718 2 258 1245  990      20
1952071800 3 262 1238  990      25
1952071806 3 267 1233  985      30
1952071812 3 275 1228  985      25
1952071818 2 282 1223  985      20
1952071900 1 286 1217  985      15
1952071906 1 287 1211  990      15
1952071912 0 289 1205  992      10   20
1952071918 0 291 1200  992      10   20
1952072000 0 294 1196  992      10   20
1952072006 0 296 1194  992      10   20
1952072012 0 299 1193  992      10   20
1952072018 0 304 1193  992      10   12
1952072100 0 308 1193  992      10   12
1952072106 0 311 1192  992       9   12
1952072112 0 315 1190  993       9   12
1952072118 0 317 1188  993       9   12
1952072200 0 319 1184  994       9   12
1952072206 0 324 1178  994       9   12
1952072212 0 328 1171  994       9   12
1952072218 0 334 1165  996       9   15
1952072300 0 339 1161  998       9   15
1952072306 0 341 1159  999       9   12
1952072312 0 343 1157 1000       9   12
1952072318 0 346 1156 1001       9
1952072400 0 350 1155 1001       9
1952072406 0 354 1154 1001       9
66666 0000   30 0008 0000 0 6 Harriet                            20110729
1952072400 0  90 1340 1006       0
1952072406 0  92 1333 1004       0
1952072412 0  95 1325 1004       0
1952072418 0 103 1320 1004       0
1952072500 1 112 1320 1002      15
1952072506 1 121 1320 1002      15
1952072512 1 131 1318 1002      15
1952072518 1 140 1315 1002      15
1952072600 2 148 1312 1002      20
1952072606 2 155 1307 1002      20
1952072612 2 160 1300 1002      20
1952072618 2 163 1293 1000      20
1952072700 3 163 1284  998      25
1952072706 3 165 1275  995      30
1952072712 3 167 1265  990      30
1952072718 3 171 1255  985      30
1952072800 4 176 1243  980      40
1952072806 4 183 1237  980      40
1952072812 4 190 1226  985      35
1952072818 4 195 1213  985      35
1952072900 4 201 1199  985      35
1952072906 4 209 1189  985      35
1952072912 3 218 1174  986      30
1952072918 3 227 1160  988      25
1952073000 1 237 1143  990      15
1952073006 1 245 1126  993      12
1952073012 0 252 1106  994       9
1952073018 0 258 1087  994       9
1952073100 0 262 1067  997       9
1952073106 0 266 1045 1000       9
66666 0000   13 0009 0000 0 6 (nameless)                         20110729
1952080312 0 140 1287 1005       0
1952080318 0 145 1276 1002       0
1952080400 1 154 1265 1000      12
1952080406 1 161 1255 1000      15
1952080412 1 170 1248 1000      12
1952080418 0 178 1242 1000       0
1952080500 0 186 1239 1000       0
1952080506 0 192 1233 1000       0
1952080512 0 200 1226 1000       0
1952080518 0 206 1218 1001       0
1952080600 0 206 1208 1001       0
1952080606 0 206 1200 1001       0
1952080612 0 210 1190 1001       0
66666 0000   13 0010 0000 0 6 Jeanne                             20110729
1952080406 1 157 1393 1004      15
1952080412 2 167 1384 1000      20
1952080418 2 180 1374  998      20
1952080500 2 195 1370  998      20
1952080506 2 210 1380  995      20
1952080512 2 222 1395  995      20
1952080518 2 230 1410  995      20
1952080600 3 238 1420  995      25
1952080606 3 251 1425  995      25
1952080612 3 267 1420  990      25
1952080618 3 290 1412  985      30
1952080700 2 304 1404  995      20
1952080706 1 317 1398  998      15
66666 0000   27 0010 0000 3 6 Jeanne(-)1                         20110729
1952080700 3 292 1402  992      25
1952080706 3 300 1399  992      25
1952080712 3 309 1395  992      25
1952080718 3 316 1395  992      25
1952080800 2 325 1400  994      20
1952080806 2 331 1409  996      20
1952080812 2 344 1420  996      20
1952080818 2 360 1429  996      20
1952080900 2 376 1438  996      20
1952080906 9 386 1450 1000      20
1952080912 9 394 1464 1000       0
1952080918 9 400 1470 1000       0
1952081000 9 400 1500 1000       0
1952081006 9 400 1520 1000       0
1952081012 9 400 1533 1000       0
1952081018 9 400 1546 1000       0
1952081100 9 400 1558 1000       0
1952081106 9 400 1570 1000       0
1952081112 9 400 1580 1000       0
1952081118 9 400 1590 1000       0
1952081200 9 402 1600 1002       0
1952081206 9 403 1611 1002       0
1952081212 9 405 1626 1002       0
1952081218 9 408 1641 1002       0
1952081300 9 414 1660 1002       0
1952081306 9 430 1680 1002       0
1952081312 9 442 1693 1002       0
66666 0000   12 0011 0000 2 6 Ivy                                20110729
1952080500 1 164 1282 1000      15
1952080506 2 167 1293  995      20
1952080512 2 172 1304  995      20
1952080518 2 177 1315  995      20
1952080600 2 182 1325  995      20
1952080606 3 187 1337  992      25
1952080612 3 195 1353  992      25
1952080618 3 205 1369  992      25
1952080700 3 218 1384  994      25
1952080706 2 233 1397  996      20
1952080712 2 257 1407  996      20
1952080718 1 277 1404  996      15
66666 0000   18 0012 0000 1 6 (nameless)                         20110729
1952080806 0 226 1254 1000       0
1952080812 0 218 1248 1000       0
1952080818 0 210 1240 1000       0
1952080900 0 202 1230 1000       0
1952080906 0 196 1216 1000       0
1952080912 0 192 1203 1000       0
1952080918 0 189 1192 1000       0
1952081000 0 188 1183 1000       0
1952081006 1 188 1173 1000      12
1952081012 1 189 1163  998      12
1952081018 1 191 1152  998      12
1952081100 1 194 1140  995      15
1952081106 1 199 1128  995      15
1952081112 1 203 1117  995      15
1952081118 1 205 1105  995      12
1952081200 1 205 1091  998      12
1952081206 0 205 1074 1000       0
1952081212 0 205 1055 1000       0
66666 0000   47 0013 0000 1 6 Karen                              20110729
1952081200 0 130 1315 1002       0
1952081206 1 136 1307 1002      15
1952081212 2 148 1301 1000      20
1952081218 2 163 1298  998      20
1952081300 3 173 1296  995      25
1952081306 3 179 1292  988      30
1952081312 4 187 1290  985      35
1952081318 4 199 1294  983      35
1952081400 4 211 1298  981      35
1952081406 4 221 1292  977      35
1952081412 4 230 1286  974      40
1952081418 4 240 1281  971      40
1952081500 4 250 1276  969      40
1952081506 5 256 1270  964      45
1952081512 5 260 1263  960      45
1952081518 5 266 1256  958      50
1952081600 5 274 1254  956      50
1952081606 5 281 1252  955      50
1952081612 5 287 1253  955      50
1952081618 5 294 1254  955      50
1952081700 5 301 1255  957      45
1952081706 5 307 1254  959      45
1952081712 4 317 1254  963      40
1952081718 4 330 1252  969      40
1952081800 4 346 1252  975      35
1952081806 3 366 1270  980      30
1952081812 3 383 1290  982      30
1952081818 3 395 1310  984      30
1952081900 3 407 1335  986      25
1952081906 3 424 1365  988      25
1952081912 3 428 1397  990      25
1952081918 2 429 1440  993      20
1952082000 9 435 1478  994      20
1952082006 9 443 1509  996       0
1952082012 9 448 1530  998       0
1952082018 9 456 1551  998       0
1952082100 9 465 1574 1000       0
1952082106 9 474 1592 1000       0
1952082112 9 483 1600 1000       0
1952082118 9 505 1610 1000       0
1952082200 9 523 1630 1000       0
1952082206 9 536 1668 1002       0
1952082212 9 540 1712 1002       0
1952082218 9 540 1732 1002       0
1952082300 9 541 1741 1002       0
1952082306 9 543 1747 1002       0
1952082312 9 548 1750 1006       0
66666 0000   15 0014 0000 0 6 (nameless)                         20110729
1952081618 0 185 1200 1002       0
1952081700 0 190 1197 1002       0
1952081706 0 193 1194 1002       0
1952081712 0 197 1191 1002       0
1952081718 0 200 1186 1002       0
1952081800 0 203 1182 1002       0
1952081806 0 207 1175 1002       0
1952081812 0 210 1169 1002       0
1952081818 0 211 1160 1002       0
1952081900 1 211 1151  999      15
1952081906 1 211 1142  999      15
1952081912 1 212 1133  999      15
1952081918 1 214 1124 1000      12
1952082000 1 222 1120 1000      12
1952082006 0 231 1118 1004       9
66666 0000   32 0015 0000 1 6 Lois                              20110729
1952082206 0 100 1350 1008       0
1952082212 0 100 1340 1006       0
1952082218 0 103 1330 1006       0
1952082300 1 110 1320 1004      15
1952082306 1 117 1308 1004      15
1952082312 1 124 1295 1004      15
1952082318 1 133 1282 1004      15
1952082400 1 140 1270 1004      15
1952082406 1 147 1257 1004      15
1952082412 1 154 1244 1004      15
1952082418 1 160 1233 1004      15
1952082500 1 163 1220 1004      15
1952082506 1 163 1212 1004      15
1952082512 1 163 1204 1004      15
1952082518 2 161 1193 1000      20
1952082600 2 162 1180  995      20
1952082606 3 165 1169  992      25
1952082612 3 168 1158  990      25
1952082618 3 173 1147  988      30
1952082700 4 176 1137  987      35
1952082706 4 183 1125  980      40
1952082712 4 189 1113  980      40
1952082718 4 190 1102  980      35
1952082800 3 193 1090  985      30
1952082806 3 196 1079  985      30
1952082812 3 199 1069  985      30
1952082818 3 203 1061  985      30
1952082900 3 205 1051  987      25
1952082906 2 207 1041  990      20
1952082912 1 210 1031  994      15
1952082918 1 212 1020  996      15
1952083000 0 215 1010  998      10
66666 0000   31 0016 0000 3 6 Mary                               20110729
1952082800 0  80 1370 1004       0
1952082806 0  90 1360 1004       0
1952082812 0  95 1348 1003       0
1952082818 0  97 1335 1003       0
1952082900 0 100 1320 1003       0
1952082906 1 102 1309 1002      15
1952082912 1 105 1300 1002      15
1952082918 1 110 1290 1002      15
1952083000 2 119 1280  998      20
1952083006 2 129 1269  998      20
1952083012 2 141 1256  998      20
1952083018 2 153 1245  996      20
1952083100 3 166 1235  992      25
1952083106 3 181 1227  992      25
1952083112 3 192 1219  992      30
1952083118 4 203 1210  985      35
1952090100 4 216 1203  985      35
1952090106 3 240 1197  990      25
1952090112 2 265 1194  992      20
1952090118 2 280 1198  992      20
1952090200 2 293 1203  992      20
1952090206 2 310 1211  992      20
1952090212 3 324 1221  990      25
1952090218 3 338 1231  990      25
1952090300 3 351 1248  990      25
1952090306 3 364 1269  990      25
1952090312 3 378 1292  988      30
1952090318 9 395 1315  984      30
1952090400 9 406 1333  983      30
1952090406 9 420 1360  994      20
1952090412 9 430 1386  998      15
66666 0000    2 0016 0000 0 6 Mary(-)1                           20110729
1952090106 1 230 1187  992      15
1952090112 1 242 1178  996      12
66666 0000   27 0017 0000 1 6 Nona                               20110729
1952090100 0  93 1385 1006       0
1952090106 0 100 1375 1003       0
1952090112 1 103 1363 1002      15
1952090118 1 102 1350 1002      15
1952090200 2 103 1337 1000      20
1952090206 2 107 1325 1000      20
1952090212 2 113 1315 1000      20
1952090218 2 123 1305 1000      20
1952090300 2 131 1295  998      20
1952090306 3 139 1283  994      25
1952090312 3 149 1267  994      25
1952090318 3 157 1250  990      30
1952090400 3 167 1233  990      30
1952090406 3 174 1224  990      30
1952090412 3 179 1205  990      30
1952090418 3 183 1190  990      30
1952090500 3 187 1175  990      30
1952090506 4 190 1160  985      35
1952090512 4 194 1145  980      40
1952090518 4 197 1130  980      40
1952090600 4 199 1118  980      40
1952090606 4 200 1107  985      35
1952090612 3 200 1095  990      30
1952090618 3 201 1085  990      30
1952090700 3 203 1076  990      30
1952090706 3 204 1068  990      25
1952090712 3 206 1060  990      25
66666 0000   39 0018 0000 1 6 (nameless)                         20110729
1952090600 0  81 1501 1010       0
1952090606 0  84 1491 1010       0
1952090612 0  87 1481 1010       0
1952090618 0  90 1471 1008       0
1952090700 0  94 1460 1008       0
1952090706 0  99 1445 1006       0
1952090712 0 104 1425 1006       0
1952090718 0 109 1405 1006       0
1952090800 0 114 1386 1006       0
1952090806 0 121 1370 1006       0
1952090812 0 130 1357 1005       0
1952090818 0 142 1344 1005       0
1952090900 0 152 1331 1005       0
1952090906 0 164 1315 1004       0
1952090912 1 174 1299 1004      15
1952090918 1 182 1283 1004      15
1952091000 1 189 1272 1004      15
1952091006 1 195 1261 1004      15
1952091012 1 201 1252 1002      15
1952091018 2 209 1244 1000      20
1952091100 2 216 1236  998      20
1952091106 3 221 1226  995      25
1952091112 3 228 1214  995      25
1952091118 3 234 1201  995      25
1952091200 3 237 1189  990      30
1952091206 3 237 1178  990      30
1952091212 3 233 1165  995      25
1952091218 2 231 1158  995      20
1952091300 1 230 1148  996      15
1952091306 1 228 1140  996      15
1952091312 1 226 1132  998      15
1952091318 1 223 1124  998      12
1952091400 1 220 1115  998      12
1952091406 0 218 1106  998      10
1952091412 0 216 1097 1000      10
1952091418 0 211 1088 1000      10
1952091500 0 207 1079 1000       0
1952091506 0 204 1070 1000       0
1952091512 0 202 1064 1002       0
66666 0000   17 0019 0000 0 6 (nameless)                         20110729
1952090618 0 113 1386 1006       0
1952090700 0 114 1370 1006       0
1952090706 0 124 1356 1004       0
1952090712 0 135 1343 1004       0
1952090718 0 145 1328 1002       0
1952090800 0 154 1316 1002       0
1952090806 0 166 1304 1001      10
1952090812 1 177 1292 1000      12
1952090818 1 188 1280 1000      12
1952090900 1 196 1269  998      15
1952090906 1 204 1257  998      15
1952090912 1 213 1246 1000      12
1952090918 1 220 1234 1002      12
1952091000 1 230 1220 1002      12
1952091006 0 239 1205 1002      10
1952091012 0 251 1191 1003       9
1952091018 0 267 1184 1004       9
66666 0000   25 0020 0000 1 6 Olive                              20110729
1952091500 4 162 1670  970      40
1952091506 5 170 1680  960      50
1952091512 6 180 1685  950      55
1952091518 6 192 1680  945      55
1952091600 6 199 1665  945      60
1952091606 6 205 1652  940      60
1952091612 6 210 1640  940      60
1952091618 6 214 1627  940      60
1952091700 6 220 1614  940      60
1952091706 6 226 1600  940      60
1952091712 6 236 1587  940      60
1952091718 6 247 1576  940      60
1952091800 6 259 1567  940      60
1952091806 6 275 1558  940      60
1952091812 6 292 1555  940      60
1952091818 6 308 1560  945      55
1952091900 5 325 1568  950      50
1952091906 5 341 1581  950      50
1952091912 5 369 1613  955      50
1952091918 5 390 1650  960      45
1952092000 9 410 1690  970      40
1952092006 9 430 1724  975      35
1952092012 9 450 1750  980      30
1952092018 9 472 1777  980      30
1952092100 9 500 1785  985      30
66666 0000   13 0021 0000 1 6 (nameless)                         20110729
1952091512 0 170 1194 1004       0
1952091518 1 170 1180 1003      12
1952091600 1 170 1171 1003      12
1952091606 1 170 1163 1002      12
1952091612 1 170 1155 1000      15
1952091618 1 171 1147 1000      15
1952091700 1 171 1138 1000      15
1952091706 2 173 1128  998      20
1952091712 2 179 1116  998      20
1952091718 2 185 1104  998      20
1952091800 2 192 1093 1000      20
1952091806 1 201 1082 1002      15
1952091812 0 209 1070 1004       0
66666 0000   47 0022 0000 0 6 Polly                              20110729
1952092412 0 110 1570 1004       0
1952092418 0 115 1557 1004       0
1952092500 0 120 1544 1004       0
1952092506 0 124 1531 1004       0
1952092512 0 128 1519 1004       0
1952092518 0 131 1509 1004       0
1952092600 0 134 1498 1004       0
1952092606 0 137 1486 1004       0
1952092612 0 140 1473 1004       0
1952092618 0 143 1460 1004       0
1952092700 0 146 1451 1004       0
1952092706 0 150 1443 1004       0
1952092712 0 152 1439 1004       0
1952092718 1 156 1435 1002      15
1952092800 2 161 1431  998      20
1952092806 2 173 1427  996      20
1952092812 2 187 1424  996      20
1952092818 2 197 1422  996      20
1952092900 2 207 1419  995      20
1952092906 3 223 1415  992      25
1952092912 3 236 1411  989      25
1952092918 3 248 1407  987      30
1952093000 3 259 1406  985      30
1952093006 3 269 1407  981      30
1952093012 4 286 1412  979      35
1952093018 4 304 1418  978      40
1952100100 4 321 1428  977      40
1952100106 4 341 1440  980      35
1952100112 4 355 1450  980      35
1952100118 4 367 1468  980      35
1952100200 3 374 1484  980      30
1952100206 3 378 1503  980      30
1952100212 3 380 1525  980      30
1952100218 3 381 1543  980      30
1952100300 3 380 1560  985      25
1952100306 3 379 1576  985      25
1952100312 3 377 1591  990      25
1952100318 3 375 1606  990      25
1952100400 9 373 1625  998      20
1952100406 9 369 1641  998      20
1952100412 9 365 1660 1002      20
1952100418 9 364 1680 1008      15
1952100500 9 365 1695 1008      15
1952100506 9 366 1705 1010       0
1952100512 9 370 1713 1012       0
1952100518 9 374 1722 1014       0
1952100600 9 378 1730 1015       0
66666 0000   28 0023 0000 2 6 Rose                               20110729
1952100400 1 220 1404 1006      15
1952100406 2 222 1407 1000      20
1952100412 2 225 1410  998      20
1952100418 2 227 1412  998      20
1952100500 3 230 1413  996      25
1952100506 3 233 1414  996      25
1952100512 3 236 1416  990      30
1952100518 3 239 1417  988      30
1952100600 4 242 1418  986      35
1952100606 4 246 1420  985      40
1952100612 4 250 1422  985      40
1952100618 4 253 1422  985      40
1952100700 4 256 1422  985      40
1952100706 4 258 1421  985      40
1952100712 4 261 1419  988      35
1952100718 4 263 1418  989      35
1952100800 4 267 1418  989      35
1952100806 4 273 1421  990      35
1952100812 4 279 1421  990      35
1952100818 4 285 1421  990      35
1952100900 3 294 1421  995      30
1952100906 3 305 1425  995      30
1952100912 3 320 1435  995      25
1952100918 3 335 1452  995      25
1952101000 3 348 1470  995      25
1952101006 2 363 1494 1000      20
1952101012 2 380 1520 1000      20
1952101018 2 393 1545 1000      20
66666 0000   55 0024 0000 1 6 Trix                               20110729
1952101200 0  90 1480 1006       0
1952101206 0  86 1469 1006       0
1952101212 0  84 1461 1006       0
1952101218 0  82 1452 1006       0
1952101300 0  80 1445 1006       0
1952101306 0  80 1438 1005       0
1952101312 0  80 1432 1005       0
1952101318 1  81 1424 1004      15
1952101400 1  81 1418 1004      15
1952101406 1  81 1411 1004      15
1952101412 1  82 1402 1004      15
1952101418 1  83 1393 1004      15
1952101500 1  84 1386 1004      15
1952101506 1  84 1380 1004      15
1952101512 1  85 1374 1004      15
1952101518 1  86 1368 1004      15
1952101600 1  87 1363 1004      15
1952101606 2  89 1359 1001      20
1952101612 2  90 1356 1001      20
1952101618 2  91 1354 1001      20
1952101700 2  92 1351 1001      20
1952101706 2  93 1348 1001      20
1952101712 2  96 1345  998      20
1952101718 3  99 1339  996      25
1952101800 3 104 1333  994      25
1952101806 3 107 1328  988      30
1952101812 4 109 1321  982      35
1952101818 4 110 1315  976      35
1952101900 4 110 1308  971      40
1952101906 5 111 1301  965      45
1952101912 5 112 1295  965      50
1952101918 5 113 1289  965      50
1952102000 5 116 1283  960      50
1952102006 6 122 1273  960      55
1952102012 6 127 1266  960      55
1952102018 6 131 1259  960      55
1952102100 6 133 1251  960      55
1952102106 5 135 1244  965      50
1952102112 5 135 1234  965      50
1952102118 5 134 1224  965      50
1952102200 5 133 1215  970      45
1952102206 5 133 1203  970      45
1952102212 5 135 1194  970      45
1952102218 5 136 1183  965      50
1952102300 5 135 1172  965      50
1952102306 5 134 1160  965      50
1952102312 5 135 1147  965      50
1952102318 5 136 1134  965      50
1952102400 5 139 1125  967      50
1952102406 5 142 1118  967      50
1952102412 5 145 1107  970      45
1952102418 4 145 1090  975      40
1952102500 3 146 1073  985      25
1952102506 1 147 1057  995      15
1952102512 0 152 1030 1000       0
66666 0000   13 0025 0000 1 6 Shirley                            20110729
1952101400 0  97 1182 1004       0
1952101406 1 100 1170 1004      15
1952101412 1 105 1155 1002      15
1952101418 2 114 1141 1000      20
1952101500 2 124 1127  998      20
1952101506 3 133 1114  995      25
1952101512 3 135 1095  995      25
1952101518 2 133 1073  998      20
1952101600 1 132 1058 1000      15
1952101606 0 130 1045 1002       0
1952101612 0 129 1034 1003       0
1952101618 0 128 1026 1003       0
1952101700 0 127 1020 1003       0
66666 0000   30 0026 0000 1 6 Vae                                20110729
1952101506 0 150 1280 1006       0
1952101512 0 150 1270 1006       0
1952101518 0 150 1260 1006       0
1952101600 0 145 1250 1006       0
1952101606 0 140 1240 1004       0
1952101612 0 133 1230 1004       0
1952101618 0 131 1222 1004       0
1952101700 0 129 1213 1004       0
1952101706 0 129 1204 1004       0
1952101712 1 129 1195 1004      15
1952101718 1 131 1185 1002      15
1952101800 1 132 1174 1000      15
1952101806 1 132 1164 1000      15
1952101812 2 131 1155 1000      20
1952101818 2 129 1145 1000      20
1952101900 2 126 1135 1000      20
1952101906 3 123 1127  996      25
1952101912 4 121 1119  984      35
1952101918 4 119 1111  980      35
1952102000 5 116 1105  975      45
1952102006 4 114 1097  975      40
1952102012 4 113 1087  975      40
1952102018 3 116 1071  985      30
1952102100 3 123 1060  990      25
1952102106 1 127 1044  994      15
1952102112 1 131 1034  994      15
1952102118 1 133 1020  994      15
1952102200 1 136 1012  994      15
1952102206 1 137  993  996      15
1952102212 0 137  980  998       0
66666 0000   37 0027 0000 1 6 Wilma                              20110729
1952102112 1  46 1478 1002      15
1952102118 1  51 1477 1000      15
1952102200 1  54 1476 1000      15
1952102206 2  58 1475  995      20
1952102212 3  62 1474  990      25
1952102218 3  65 1471  990      25
1952102300 3  70 1466  985      30
1952102306 4  76 1459  977      35
1952102312 4  81 1451  970      40
1952102318 5  87 1441  963      45
1952102400 5  93 1428  954      50
1952102406 6 100 1412  946      60
1952102412 6 105 1398  938      65
1952102418 6 108 1382  930      65
1952102500 6 109 1363  927      70
1952102506 6 110 1343  930      70
1952102512 6 111 1327  930      70
1952102518 6 113 1306  930      70
1952102600 6 114 1290  930      70
1952102606 6 115 1275  930      70
1952102612 6 113 1263  940      60
1952102618 6 114 1249  950      55
1952102700 6 117 1235  955      55
1952102706 5 120 1222  960      50
1952102712 5 126 1205  960      50
1952102718 5 129 1187  960      50
1952102800 5 133 1171  960      50
1952102806 5 134 1159  960      50
1952102812 5 137 1150  960      50
1952102818 5 140 1139  960      50
1952102900 5 143 1127  960      50
1952102906 5 147 1116  960      50
1952102912 5 152 1104  965      45
1952102918 5 157 1092  965      45
1952103000 4 162 1078  970      40
1952103006 3 165 1069  990      25
1952103012 2 169 1060 1000      20
66666 0000   39 0028 0000 1 6 Agness                             20110729
1952102900 0 112 1491 1004       0
1952102906 1 122 1478 1003      15
1952102912 1 131 1468 1003      15
1952102918 1 137 1456 1002      15
1952103000 1 140 1445 1002      15
1952103006 2 145 1430 1000      20
1952103012 2 150 1420 1000      20
1952103018 3 155 1412  990      25
1952103100 4 159 1403  983      35
1952103106 5 164 1392  977      45
1952103112 5 171 1381  973      45
1952103118 5 179 1370  969      50
1952110100 5 185 1364  966      50
1952110106 5 186 1367  962      50
1952110112 6 183 1362  950      55
1952110118 6 188 1355  936      65
1952110200 6 192 1351  924      70
1952110206 6 198 1349  922      75
1952110212 6 205 1344  920      75
1952110218 6 212 1335  924      70
1952110300 6 218 1328  928      70
1952110306 6 224 1320  931      65
1952110312 6 229 1311  932      65
1952110318 6 233 1301  932      65
1952110400 6 236 1290  935      65
1952110406 6 245 1286  935      65
1952110412 6 252 1292  935      65
1952110418 6 258 1298  935      60
1952110500 6 264 1304  936      60
1952110506 6 279 1321  956      55
1952110512 5 290 1342  957      50
1952110518 5 303 1370  958      50
1952110600 5 314 1400  959      45
1952110606 4 326 1438  975      35
1952110612 4 333 1480  978      35
1952110618 3 340 1530  980      30
1952110700 9 353 1600  985      30
1952110706 9 367 1680  988      25
1952110712 9 387 1770  988      25
66666 0000   42 0029 0000 0 6 Bess                               20110729
1952110618 0  80 1500 1008       0
1952110700 0  84 1493 1006       0
1952110706 0  89 1486 1006       0
1952110712 0  95 1480 1006       0
1952110718 0 100 1475 1006       0
1952110800 0 107 1472 1006       0
1952110806 1 114 1470 1004      15
1952110812 1 121 1469 1002      15
1952110818 1 130 1465 1000      15
1952110900 2 137 1456 1000      20
1952110906 2 145 1440 1000      20
1952110912 3 153 1421  995      25
1952110918 3 160 1402  985      30
1952111000 4 162 1383  980      35
1952111006 5 163 1365  961      50
1952111012 6 162 1348  945      60
1952111018 6 162 1332  928      70
1952111100 6 162 1318  915      75
1952111106 6 162 1303  915      75
1952111112 6 162 1287  920      75
1952111118 6 162 1272  920      75
1952111200 6 163 1257  923      75
1952111206 6 166 1242  925      75
1952111212 6 174 1232  927      70
1952111218 6 187 1227  928      70
1952111300 6 200 1217  930      65
1952111306 6 211 1208  945      60
1952111312 5 220 1204  960      50
1952111318 4 230 1203  970      40
1952111400 4 241 1196  980      35
1952111406 3 247 1200  990      25
1952111412 2 257 1220  995      20
1952111418 2 270 1242  995      20
1952111500 1 277 1265 1000      15
1952111506 9 287 1291 1002      15
1952111512 9 300 1335 1008       0
1952111518 9 307 1385 1008       0
1952111600 9 310 1427 1008       0
1952111606 9 310 1463 1008       0
1952111612 9 310 1500 1008       0
1952111618 9 310 1530 1010       0
1952111700 9 310 1560 1014       0
66666 0000   38 0030 0000 1 6 Carmen                             20110729
1952111600 0 135 1435 1008       0
1952111606 0 140 1420 1006       0
1952111612 1 143 1405 1004      15
1952111618 2 147 1386 1000      20
1952111700 3 146 1361  995      30
1952111706 3 141 1342  995      30
1952111712 4 146 1322  985      40
1952111718 5 155 1304  980      45
1952111800 5 168 1291  978      50
1952111806 5 176 1285  970      50
1952111812 5 182 1281  970      50
1952111818 6 188 1278  965      55
1952111900 6 196 1273  962      55
1952111906 6 203 1270  962      55
1952111912 6 212 1270  962      55
1952111918 5 219 1270  965      50
1952112000 4 228 1273  970      40
1952112006 4 237 1278  975      35
1952112012 4 247 1286  975      35
1952112018 3 257 1296  980      30
1952112100 3 265 1305  980      30
1952112106 3 275 1320  990      25
1952112112 2 280 1345  995      20
1952112118 2 283 1375 1002      20
1952112200 1 285 1405 1006      15
1952112206 9 287 1424 1008      15
1952112212 9 292 1451 1008       0
1952112218 9 299 1481 1010       0
1952112300 9 301 1501 1010       0
1952112306 9 306 1525 1010       0
1952112312 9 310 1550 1014       0
1952112318 9 314 1576 1014       0
1952112400 9 316 1605 1016       0
1952112406 9 318 1635 1012       0
1952112412 9 334 1680 1010       0
1952112418 9 352 1715 1006       0
1952112500 9 365 1755 1006       0
1952112506 9 379 1790 1002       0
66666 0000   30 0031 0000 0 6 Della                              20110729
1952112012 0  67 1444 1004       0
1952112018 0  75 1423 1000       0
1952112100 1  80 1400 1000      15
1952112106 2  83 1377 1000      20
1952112112 2  83 1356 1000      20
1952112118 2  84 1333 1000      20
1952112200 2  90 1317  998      20
1952112206 2  97 1306  998      20
1952112212 3 109 1295  995      25
1952112218 3 125 1285  995      25
1952112300 3 138 1278  990      30
1952112306 3 148 1269  990      30
1952112312 3 152 1261  988      30
1952112318 4 154 1254  988      35
1952112400 4 154 1248  985      40
1952112406 4 154 1243  985      40
1952112412 5 157 1237  980      45
1952112418 5 163 1230  980      45
1952112500 5 170 1223  980      45
1952112506 4 176 1220  985      40
1952112512 4 182 1215  985      40
1952112518 4 190 1211  985      40
1952112600 4 200 1204  985      35
1952112606 4 208 1201  990      35
1952112612 3 217 1201 1000      25
1952112618 2 226 1200 1000      20
1952112700 1 234 1200 1002      15
1952112706 1 240 1210 1003      15
1952112712 1 235 1216 1004      15
1952112718 0 226 1223 1004       0
66666 0000    3 0031 0000 0 6 Della(-)1                          20110729
1952112706 1 239 1200 1000      12
1952112712 0 244 1200 1006       0
1952112718 0 247 1202 1008       0
66666 0000    8 0032 0000 0 6 Elaine                             20110729
1952120400 2 170 1761 1000      20
1952120406 2 174 1747 1000      20
1952120412 3 177 1733  995      25
1952120418 3 176 1717  990      30
1952120500 3 170 1703  990      30
1952120506 3 162 1695  995      25
1952120512 2 152 1685 1000      20
1952120518 1 146 1679 1005      15
66666 0000   27 0033 0000 0 6 Faye                               20110729
1952121312 1  99 1279 1000      15
1952121318 1 118 1271 1004      15
1952121400 1 126 1258 1006      15
1952121406 1 125 1242 1004      12
1952121412 0 125 1230 1008      10
1952121418 0 126 1217 1008      10
1952121500 0 126 1206 1006      10
1952121506 1 127 1198 1004      12
1952121512 1 127 1191 1004      12
1952121518 1 128 1182 1004      12
1952121600 1 128 1174 1004      15
1952121606 1 128 1165 1004      15
1952121612 2 128 1153 1000      20
1952121618 3 128 1142  998      25
1952121700 3 129 1133  995      30
1952121706 4 127 1128  990      35
1952121712 4 125 1129  990      35
1952121718 4 125 1131  990      35
1952121800 3 127 1132  990      30
1952121806 3 130 1128  993      30
1952121812 3 129 1123  995      25
1952121818 3 128 1120  997      25
1952121900 2 127 1117 1000      20
1952121906 2 125 1114 1002      20
1952121912 1 122 1111 1002      15
1952121918 1 120 1108 1005      15
1952122000 0 117 1104 1010       0
66666 0000   26 0034 0000 1 6 Gloria                             20110729
1952121800 3  75 1410  996      25
1952121806 3  81 1391  996      25
1952121812 3  84 1375  996      30
1952121818 3  86 1365  990      30
1952121900 4  89 1355  990      35
1952121906 4  93 1345  990      35
1952121912 4  98 1333  990      35
1952121918 4 104 1320  988      35
1952122000 4 111 1305  988      35
1952122006 4 116 1289  988      35
1952122012 4 121 1275  988      35
1952122018 3 122 1259  990      30
1952122100 3 123 1247  990      30
1952122106 3 123 1236  990      25
1952122112 3 123 1227  990      25
1952122118 3 125 1215  990      25
1952122200 3 125 1200  990      30
1952122206 3 128 1184  990      30
1952122212 4 129 1170  988      35
1952122218 4 130 1160  988      35
1952122300 4 133 1150  988      35
1952122306 4 136 1139  988      35
1952122312 4 138 1127  990      35
1952122318 3 141 1115  990      30
1952122400 3 145 1102 1000      25
1952122406 1 146 1089 1005      15
66666 0000   38 0035 0000 1 6 (nameless)                         20110729
1952122318 0  91 1507 1006       0
1952122400 0  92 1495 1006       0
1952122406 0  92 1483 1006       0
1952122412 0  92 1472 1005       0
1952122418 1  92 1460 1005      15
1952122500 1  92 1447 1003      15
1952122506 2  92 1438 1000      20
1952122512 2  92 1427 1000      20
1952122518 2  92 1417 1000      20
1952122600 2  92 1405 1000      20
1952122606 2  92 1393 1000      20
1952122612 2  93 1380  998      20
1952122618 2  93 1366  998      20
1952122700 2  93 1354  998      20
1952122706 2  92 1342  998      20
1952122712 2  91 1329  998      20
1952122718 2  89 1317 1000      20
1952122800 2  88 1304 1000      20
1952122806 2  87 1294 1000      20
1952122812 2  87 1284 1000      20
1952122818 2  87 1274 1000      20
1952122900 2  87 1263 1000      20
1952122906 1  86 1252 1002      15
1952122912 1  84 1238 1002      15
1952122918 1  84 1220 1002      15
1952123000 2  85 1204 1000      20
1952123006 2  86 1194 1000      20
1952123012 2  86 1184 1000      20
1952123018 2  87 1174 1000      20
1952123100 1  88 1164 1002      15
1952123106 1  88 1155 1002      15
1952123112 1  88 1146 1003      15
1952123118 1  88 1136 1003      15
1953010100 1  88 1126 1004      15
1953010106 1  88 1115 1005      15
1953010112 1  89 1104 1005      15
1953010118 0  89 1094 1005       0
1953010200 0  89 1083 1005       0
66666 0000   39 0036 0000 0 6 Hester                             20110729
1952122718 1  70 1670 1000      15
1952122800 2  74 1667  998      20
1952122806 4  78 1664  985      35
1952122812 4  82 1657  985      35
1952122818 4  87 1643  985      35
1952122900 4  93 1625  985      35
1952122906 4  98 1606  985      40
1952122912 4 100 1590  980      40
1952122918 4 103 1574  980      40
1952123000 5 106 1553  975      45
1952123006 5 108 1528  960      50
1952123012 5 110 1504  960      50
1952123018 5 111 1480  960      50
1952123100 6 113 1457  955      55
1952123106 6 115 1435  955      55
1952123112 6 118 1413  955      55
1952123118 6 126 1397  955      60
1953010100 6 134 1384  955      60
1953010106 6 140 1374  955      60
1953010112 6 146 1363  955      60
1953010118 6 153 1353  955      60
1953010200 6 164 1346  955      60
1953010206 6 177 1344  955      60
1953010212 6 186 1346  960      55
1953010218 6 197 1352  960      55
1953010300 6 205 1363  960      55
1953010306 5 214 1379  965      50
1953010312 5 220 1399  970      50
1953010318 5 223 1426  975      45
1953010400 4 225 1450  990      35
1953010406 3 230 1485  995      30
1953010412 3 232 1520  995      25
1953010418 9 234 1564  995      25
1953010500 9 234 1595 1000      20
1953010506 9 234 1628 1000      20
1953010512 9 240 1670 1000      20
1953010518 9 250 1698 1000      20
1953010600 9 256 1730 1002      15
1953010606 9 260 1760 1006      15
