66666 0000   42 0001 8501 0 6 Fabian                             20110729
1985010500 1  95 1320 1000      15
1985010506 2 100 1310  998      20
1985010512 3 105 1305  990      25
1985010518 3 118 1313  990      25
1985010600 3 127 1328  985      30
1985010606 3 130 1340  990      25
1985010612 3 125 1345  990      25
1985010618 3 125 1345  990      25
1985010700 3 125 1345  990      25
1985010706 2 120 1350  995      20
1985010712 2 110 1355  995      20
1985010718 2 110 1355  995      20
1985010800 2 110 1355  995      20
1985010806 2 100 1350  995      20
1985010812 2 105 1343  995      20
1985010818 2 111 1343  995      20
1985010900 2 110 1350  995      20
1985010906 2 103 1356  989      20
1985010912 2 103 1356  990      20
1985010918 2  96 1363  990      20
1985011000 1  90 1375  990      15   25
1985011006 1  92 1384  990      12   25
1985011012 1  97 1387  990      12   25
1985011018 1 103 1389  990      12   25
1985011100 1 106 1385  990      12   20
1985011106 1 106 1385  990      12   20
1985011112 1 100 1385  990      12   20
1985011118 1  95 1385  990      12   20
1985011200 1  90 1390  995      12   20
1985011206 1  90 1390 1000      12   15
1985011212 0  85 1392 1000      10   15
1985011218 0  84 1387 1000      10   15
1985011300 0  86 1379 1000      10   15
1985011306 0  88 1370 1002      10   15
1985011312 0  85 1366 1004      10   15
1985011318 0  82 1362 1004      10   15
1985011400 0  80 1356 1004      10   15
1985011406 0  85 1348 1004      10   15
1985011412 0  92 1354 1004      10   15
1985011418 0  96 1359 1004      10
1985011500 0  98 1365 1004      10
1985011506 0  95 1372 1006       9
66666 0000    9 0002 0000 0 6 Elsie                              20110729
1985010700 1  40 1570 1002      15
1985010706 1  50 1560 1002      15
1985010712 2  65 1545  998      20
1985010718 1  78 1534 1000      15
1985010800 1  90 1520 1000      15
1985010806 1 100 1510 1002      12
1985010812 1 110 1500 1002      12
1985010818 1 116 1492 1002      12
1985010900 1 125 1485 1002      12
66666 0000   43 0003 0000 0 6 (nameless)                         20110729
1985042000 0 120 1270 1004      10
1985042006 0 126 1268 1004      10
1985042012 0 130 1267 1004      10
1985042018 1 135 1265 1002      12
1985042100 1 135 1265 1002      15
1985042106 1 150 1270 1000      15
1985042112 1 160 1280 1000      15
1985042118 1 170 1290 1000      15
1985042200 2 173 1304  998      20
1985042206 2 174 1315  995      20
1985042212 2 175 1327  995      20
1985042218 1 178 1339  998      15
1985042300 1 182 1352 1000      12
1985042306 1 183 1369 1002      12
1985042312 1 188 1383 1002      12
1985042318 1 189 1396 1002      12
1985042400 1 192 1402 1000      15
1985042406 1 200 1410 1000      15
1985042412 1 215 1420 1000      15
1985042418 1 228 1432 1000      15
1985042500 1 234 1445 1000      15
1985042506 1 240 1460  998      15
1985042512 1 238 1468 1002      12
1985042518 1 236 1480 1002      12
1985042600 9 235 1490 1000      12
1985042606 9 245 1497 1000      12
1985042612 9 250 1495  998      15
1985042618 9 260 1502  998      15
1985042700 9 265 1495  995      15
1985042706 9 265 1495  995      15
1985042712 9 255 1495  998      15
1985042718 9 247 1501 1000      15
1985042800 9 240 1504 1000      15
1985042806 9 235 1508 1000      15
1985042812 9 230 1515 1000      15
1985042818 9 220 1525 1000      15
1985042900 9 210 1530 1000      15
1985042906 9 200 1535 1000      15
1985042912 9 198 1553 1000      15
1985042918 9 204 1568 1002      12
1985043000 9 213 1580 1002      12
1985043006 9 212 1593 1002      10
1985043012 9 210 1610 1002      10
66666 0000   36 0004 8502 0 6 Gay                                20110729
1985051812 0  90 1298 1006       9
1985051818 0  95 1304 1006       9
1985051900 0 100 1310 1005      10
1985051906 0 103 1313 1005      10
1985051912 0 107 1317 1005      10
1985051918 0 113 1322 1005      10
1985052000 1 117 1323 1002      12
1985052006 1 122 1325 1002      12
1985052012 1 126 1326 1002      12
1985052018 1 130 1324 1000      15
1985052100 1 133 1323 1000      15
1985052106 1 137 1322  998      15
1985052112 2 142 1320  995      20
1985052118 3 148 1319  990      25
1985052200 3 154 1317  990      25
1985052206 3 160 1316  990      25
1985052212 3 167 1313  990      25
1985052218 3 173 1308  990      25
1985052300 3 180 1305  980      30
1985052306 3 185 1300  980      30
1985052312 4 191 1294  970      35
1985052318 4 197 1289  960      40
1985052400 4 205 1288  956      40
1985052406 5 215 1291  950      45
1985052412 5 224 1301  955      45
1985052418 4 232 1309  965      40
1985052500 4 245 1320  970      35
1985052506 4 262 1334  972      35
1985052512 3 275 1352  980      30
1985052518 3 289 1369  980      25
1985052600 9 305 1385  985      25
1985052606 9 310 1396  990      20
1985052612 9 308 1408  995      15
1985052618 9 305 1420  997      15
1985052700 9 305 1435  997      15
1985052706 9 308 1450 1000      12
66666 0000   24 0005 8503 0 6 (nameless)                         20110729
1985061518 0 186 1123  998      10
1985061600 1 182 1125  997      12
1985061606 1 177 1126  995      15
1985061612 1 172 1125  995      15
1985061618 1 168 1120  994      15
1985061700 1 165 1118  994      15
1985061706 1 164 1116  992      15
1985061712 1 162 1112  992      15
1985061718 1 162 1109  990      15
1985061800 1 162 1106  990      15
1985061806 1 163 1103  990      15
1985061812 1 163 1100  990      15
1985061818 1 166 1101  990      15
1985061900 2 170 1104  990      20
1985061906 2 176 1108  990      20
1985061912 1 182 1106  992      15
1985061918 0 186 1102  994      10
1985062000 0 190 1094  996      10
1985062006 0 193 1086  996      10
1985062012 1 193 1079  996      12
1985062018 1 193 1071  996      12
1985062100 1 192 1065  998      15
1985062106 1 195 1058 1000      12
1985062112 0 198 1048 1000      10
66666 0000   13 0006 0000 0 6 (nameless)                         20110729
1985061700 0 215 1215 1000       9
1985061706 0 222 1220 1000      10
1985061712 1 223 1224 1000      12
1985061718 1 229 1229 1000      12
1985061800 1 237 1232 1000      12
1985061806 0 243 1235 1000      10
1985061812 0 247 1239 1000      10
1985061818 9 254 1252 1000      10
1985061900 9 270 1270 1002      10
1985061906 9 280 1271 1002      12
1985061912 9 286 1278 1002      10
1985061918 9 288 1285 1003       9
1985062000 9 290 1290 1005       9
66666 0000   44 0007 8504 0 6 Hal                                20110729
1985061706 0 125 1413 1002      10
1985061712 0 126 1405 1002      10
1985061718 1 127 1395 1002      12
1985061800 1 130 1390 1002      12
1985061806 1 132 1382 1001      12
1985061812 1 135 1375 1001      12
1985061818 1 138 1365 1001      15
1985061900 1 140 1355 1001      15
1985061906 1 142 1342 1000      15
1985061912 1 145 1332  998      15
1985061918 2 147 1322  995      20
1985062000 3 150 1307  985      25
1985062006 3 152 1298  980      30
1985062012 3 156 1290  975      30
1985062018 4 162 1284  970      35
1985062100 4 165 1267  970      35
1985062106 4 170 1256  965      40
1985062112 4 178 1245  962      40
1985062118 4 184 1229  958      40
1985062200 4 192 1213  960      40
1985062206 4 193 1204  960      40
1985062212 4 197 1198  962      40
1985062218 4 202 1190  965      40
1985062300 4 209 1180  965      40
1985062306 4 214 1171  965      40
1985062312 4 216 1162  965      40
1985062318 4 218 1156  970      35
1985062400 4 221 1154  970      35
1985062406 3 229 1153  975      25
1985062412 2 232 1152  980      20
1985062418 1 239 1148  985      15   20
1985062500 0 245 1145  988      10   20
1985062506 0 250 1150  990      10   20
1985062512 0 255 1156  993      10   15
1985062518 0 260 1165  993      10   15
1985062600 0 268 1170  995      10   15
1985062606 0 275 1175  995      10   15
1985062612 0 285 1190  995      10   15
1985062618 0 300 1189  995      10   15
1985062700 0 310 1205  995      10   15
1985062706 9 318 1220  995      15
1985062712 9 322 1228  995      15
1985062718 9 324 1240  995      15
1985062800 9 325 1255  998      15
66666 0000   47 0008 8505 1 6 Irma                               20110729
1985062312 0  68 1405 1005      10
1985062318 0  70 1393 1005      10
1985062400 0  71 1380 1005      10
1985062406 0  74 1371 1003      10
1985062412 1  80 1365 1003      12
1985062418 1  85 1358 1000      12
1985062500 1  90 1350 1000      15
1985062506 2 100 1331  995      20
1985062512 3 105 1323  993      25
1985062518 3 110 1319  992      25
1985062600 3 115 1315  992      25
1985062606 3 124 1310  992      25
1985062612 3 132 1306  990      25
1985062618 3 143 1303  990      25
1985062700 3 150 1300  985      30
1985062706 4 160 1298  980      35
1985062712 4 168 1296  980      35
1985062718 4 179 1295  975      35
1985062800 4 188 1297  965      40
1985062806 4 200 1300  965      40
1985062812 4 214 1301  960      40
1985062818 4 228 1301  958      40
1985062900 4 244 1303  960      40
1985062906 4 257 1303  957      40
1985062912 4 270 1306  960      40
1985062918 4 282 1311  962      40
1985063000 4 296 1317  968      35
1985063006 4 310 1332  968      35
1985063012 4 324 1355  970      35
1985063018 4 350 1385  970      35
1985070100 3 383 1420  970      30
1985070106 3 410 1450  970      30
1985070112 9 436 1480  972      30
1985070118 9 448 1499  975      30
1985070200 9 459 1512  975      30
1985070206 9 468 1552  980      25
1985070212 9 470 1585  980      25
1985070218 9 475 1615  980      25
1985070300 9 480 1635  980      25
1985070306 9 505 1645  984      25
1985070312 9 520 1655  984      20
1985070318 9 530 1655  986      20
1985070400 9 535 1655  986      20
1985070406 9 540 1660  988      15
1985070412 9 545 1665  988      15
1985070418 9 545 1665  988      15
1985070500 9 550 1670  988      15
66666 0000   17 0009 0000 0 6 (nameless)                         20110729
1985062800 0 215 1150  997       9
1985062806 0 214 1155  996       9
1985062812 0 212 1162  996       9
1985062818 0 213 1172  996      10
1985062900 0 214 1163  996      10
1985062906 0 215 1158  995      10
1985062912 0 214 1151  997      10
1985062918 1 211 1145  994      12
1985063000 0 205 1147  997      10
1985063006 0 210 1157  997      10
1985063012 0 215 1171  998      10
1985063018 0 215 1181 1000      10
1985070100 0 218 1186 1000      10
1985070106 0 224 1188 1000      10
1985070112 1 229 1184  998      12
1985070118 0 233 1182  998      10
1985070200 0 237 1180 1000      10
66666 0000   27 0010 0000 0 6 (nameless)                         20110729
1985070206 0  80 1360 1006      10
1985070212 0  85 1367 1006      10
1985070218 0  92 1370 1006      10
1985070300 0  95 1360 1006      10
1985070306 0  95 1348 1005      10
1985070312 0  95 1335 1005      10
1985070318 0  97 1324 1005      10
1985070400 1 102 1310 1004      15
1985070406 1 108 1292 1004      15
1985070412 1 122 1276 1002      15
1985070418 1 127 1253 1003      15
1985070500 1 136 1234 1004      15
1985070506 1 145 1215 1004      15
1985070512 1 153 1206 1004      15
1985070518 1 162 1195 1000      15
1985070600 1 166 1189  998      15
1985070606 1 170 1182  998      15
1985070612 1 172 1178  998      15
1985070618 1 173 1170  998      15
1985070700 1 174 1160  998      15
1985070706 1 177 1154  998      15
1985070712 1 180 1150  998      15
1985070718 1 188 1148  998      15
1985070800 1 195 1148  998      15
1985070806 1 208 1152  997      15
1985070812 1 223 1158  997      12
1985070818 0 240 1158 1000      10
66666 0000   51 0011 8506 1 6 Jeff                               20110729
1985072200 1 225 1450 1002      15
1985072206 1 229 1452 1002      15
1985072212 1 233 1453 1000      15
1985072218 2 236 1454  995      20
1985072300 3 240 1456  987      25
1985072306 3 247 1461  986      30
1985072312 3 255 1468  986      30
1985072318 3 261 1476  986      30
1985072400 3 267 1477  986      30
1985072406 3 275 1475  985      30
1985072412 3 282 1472  985      30
1985072418 3 283 1462  985      25
1985072500 3 281 1448  987      25
1985072506 3 280 1443  988      25
1985072512 2 277 1430  990      20
1985072518 2 278 1415  992      20
1985072600 1 275 1404  992      15
1985072606 1 272 1392  992      15
1985072612 1 272 1378  992      15
1985072618 1 266 1361  992      15
1985072700 2 256 1343  990      20
1985072706 3 250 1330  990      25
1985072712 3 249 1316  990      25
1985072718 3 249 1304  996      25
1985072800 3 250 1290  988      25
1985072806 3 248 1278  984      30
1985072812 3 247 1268  982      30
1985072818 3 249 1259  980      30
1985072900 4 252 1251  978      35
1985072906 4 256 1243  970      35
1985072912 4 259 1238  968      35
1985072918 4 264 1229  968      35
1985073000 4 269 1224  968      35
1985073006 4 274 1220  965      40
1985073012 4 278 1215  965      40
1985073018 3 284 1209  975      30
1985073100 3 291 1206  985      25
1985073106 3 301 1203  988      25
1985073112 3 308 1204  988      25
1985073118 3 315 1204  988      25
1985080100 3 320 1211  988      25
1985080106 3 332 1213  988      25
1985080112 3 340 1220  988      25
1985080118 3 355 1235  988      25
1985080200 2 376 1227  988      20
1985080206 2 390 1237  990      20
1985080212 1 415 1255  992      15
1985080218 1 432 1278  994      15
1985080300 1 470 1295  996      15
1985080306 1 470 1340  996      15
1985080312 1 449 1375  998      15
66666 0000   46 0012 8507 0 6 Kit                                20110729
1985073012 0 221 1480 1002      10
1985073018 0 216 1473 1002      10
1985073100 0 212 1467 1002      10
1985073106 1 210 1460 1002      12
1985073112 1 210 1452 1002      12
1985073118 1 211 1438 1002      12
1985080100 1 214 1424 1002      15
1985080106 1 219 1410 1000      15
1985080112 1 225 1400 1000      15
1985080118 1 230 1391 1000      15
1985080200 1 235 1378 1000      15
1985080206 1 241 1365 1003      15
1985080212 1 246 1358 1002      15
1985080218 1 253 1351 1002      12
1985080300 1 262 1347 1000      12
1985080306 1 268 1341  998      15
1985080312 1 272 1338  998      15
1985080318 1 275 1335  998      15
1985080400 1 276 1331  999      15
1985080406 2 277 1328  994      20
1985080412 2 278 1324  994      20
1985080418 2 279 1321  994      20
1985080500 2 281 1319  994      20
1985080506 3 286 1320  990      25
1985080512 3 287 1320  984      25
1985080518 3 287 1320  984      25
1985080600 3 289 1322  980      30
1985080606 3 290 1325  970      30
1985080612 4 292 1327  968      35
1985080618 4 293 1324  968      35
1985080700 4 294 1323  968      35
1985080706 4 297 1321  965      40
1985080712 4 300 1317  965      40
1985080718 4 302 1310  966      40
1985080800 4 305 1304  965      40
1985080806 4 309 1295  960      40
1985080812 4 310 1289  959      40
1985080818 4 315 1281  965      35
1985080900 4 321 1271  966      35
1985080906 4 325 1267  966      35
1985080912 3 329 1264  968      30
1985080918 3 332 1260  980      25
1985081000 2 344 1264  990      20
1985081006 2 355 1270  990      20
1985081012 2 368 1285  995      20
1985081018 1 385 1303  998      15
66666 0000   30 0013 0000 0 6 (nameless)                         20110729
1985080812 0 175 1105  998       9
1985080818 0 175 1105  999      10
1985080900 0 179 1111  999      10
1985080906 0 182 1114  999      10
1985080912 0 186 1118  999      10
1985080918 0 193 1122  999      10
1985081000 1 198 1126  998      12
1985081006 1 201 1129  998      12
1985081012 1 204 1130  997      15
1985081018 1 207 1126  997      15
1985081100 1 203 1123  997      15
1985081106 1 198 1129  997      15
1985081112 1 199 1133  997      12
1985081118 1 201 1136  997      12
1985081200 1 201 1136  995      12
1985081206 1 205 1137  995      12
1985081212 1 208 1136  996      12
1985081218 1 211 1134  996      12
1985081300 1 211 1134  996      15
1985081306 1 212 1131  994      15
1985081312 1 214 1128  996      15
1985081318 1 214 1128  995      15
1985081400 0 218 1126  995      10   12
1985081406 0 221 1120  995      10   15
1985081412 0 218 1112  995      10   15
1985081418 0 220 1102  996       9   12
1985081500 0 222 1092  996       9
1985081506 0 223 1080  996       9
1985081512 0 220 1070  996       9
1985081518 0 215 1060  998       9
66666 0000   23 0014 8508 1 6 Lee                                20110729
1985081006 1 229 1314  997      15
1985081012 1 225 1313  997      15
1985081018 1 221 1310  997      15
1985081100 1 221 1306  997      15
1985081106 1 232 1302  994      15
1985081112 2 239 1298  991      20
1985081118 2 248 1291  990      20
1985081200 2 257 1286  990      20
1985081206 2 274 1276  989      20
1985081212 3 280 1277  985      25
1985081218 3 287 1269  980      30
1985081300 3 297 1260  980      30
1985081306 3 311 1252  980      30
1985081312 3 327 1248  980      30
1985081318 3 344 1247  980      30
1985081400 3 366 1247  985      30
1985081406 3 391 1255  985      25
1985081412 2 420 1270  988      20
1985081418 1 450 1280  988      15
1985081500 9 470 1300  988      15
1985081506 9 482 1312  988      15
1985081512 9 490 1310  988      12
1985081518 9 498 1309  988      12
66666 0000   25 0015 8509 0 6 Mimie                              20110729
1985081406 0 235 1230 1000      10
1985081412 1 245 1235 1000      12
1985081418 1 252 1238 1000      12
1985081500 1 255 1245 1000      12
1985081506 1 250 1250  999      12
1985081512 1 255 1255  998      15
1985081518 1 260 1255  998      15
1985081600 2 265 1261  996      20
1985081606 2 273 1261  992      20
1985081612 2 279 1260  990      20
1985081618 3 283 1257  985      25
1985081700 3 287 1255  983      30
1985081706 3 291 1248  980      30
1985081712 3 295 1241  980      30
1985081718 4 299 1234  980      35
1985081800 4 311 1224  980      35
1985081806 3 320 1215  982      30
1985081812 3 330 1208  985      25
1985081818 3 340 1202  985      25
1985081900 3 355 1199  983      30
1985081906 3 368 1203  985      25
1985081912 3 388 1213  981      30
1985081918 2 420 1233  992      20
1985082000 9 452 1285  998      15
1985082006 9 465 1300  999      12
66666 0000   40 0016 8510 0 6 Nelson                             20110729
1985081600 0 150 1410 1004      10
1985081606 0 156 1412 1003      10
1985081612 1 162 1415 1002      12
1985081618 1 170 1415 1000      12
1985081700 1 178 1415  998      12
1985081706 1 191 1415  998      12
1985081712 1 198 1412  998      12
1985081718 1 205 1405  995      15
1985081800 2 210 1397  990      20
1985081806 3 218 1395  990      25
1985081812 3 224 1387  983      30
1985081818 3 227 1377  982      30
1985081900 3 227 1366  980      30
1985081906 3 229 1360  980      30
1985081912 3 231 1350  980      30
1985081918 3 231 1337  978      30
1985082000 4 231 1331  971      35
1985082006 4 233 1323  970      35
1985082012 4 232 1315  970      35
1985082018 4 233 1307  970      35
1985082100 4 238 1301  968      35
1985082106 4 241 1291  966      40
1985082112 4 241 1280  965      40
1985082118 4 242 1268  964      40
1985082200 4 246 1259  963      40
1985082206 4 248 1248  960      40
1985082212 4 249 1239  960      40
1985082218 5 254 1229  955      45
1985082300 5 254 1219  955      50
1985082306 5 257 1208  955      50
1985082312 5 258 1199  965      45
1985082318 3 255 1187  975      30
1985082400 2 252 1179  990      20
1985082406 0 253 1169  995      10
1985082412 0 260 1161  997      10
1985082418 0 262 1153  997      10
1985082500 0 262 1149  997      10
1985082506 0 264 1141  997      10
1985082512 0 263 1132  997      10
1985082518 0 259 1125  997      10
66666 0000   50 0017 0000 3 6 (nameless)                         20110729
1985081900 0 245 1205  999      10   15
1985081906 1 245 1205  996      12   15
1985081912 1 243 1200  996      12   15
1985081918 0 240 1193  997      10   15
1985082000 0 237 1182  998      10   15
1985082006 0 232 1166  998      10
1985082012 0 231 1158  999      10
1985082018 0 232 1150  999       9
1985082100 0 235 1145  999       9
1985082106 0 238 1139  999       9
1985082112 0 228 1137  999       9
1985082118 0 220 1136  998      10
1985082200 0 220 1131  997      10
1985082206 0 219 1124  996      10
1985082212 0 216 1108  996      10
1985082218 0 212 1102  995      10
1985082300 1 208 1097  995      15
1985082306 1 207 1088  995      15
1985082312 1 205 1083  995      15
1985082318 1 204 1076  995      15
1985082400 1 205 1072  995      15
1985082406 1 206 1070  995      15
1985082412 1 206 1070  995      15
1985082418 1 208 1072  995      15
1985082500 1 209 1080  995      15
1985082506 1 210 1083  995      15
1985082512 2 210 1086  990      20
1985082518 3 210 1089  980      25
1985082600 3 212 1095  980      25
1985082606 2 210 1103  984      20
1985082612 1 216 1105  990      15
1985082618 1 222 1102  992      12   20
1985082700 1 224 1091  992      12   20
1985082706 1 223 1085  990      12   20
1985082712 1 220 1082  990      12   20
1985082718 1 222 1078  992      12   20
1985082800 0 220 1068  994      10   20
1985082806 0 215 1060  995      10   20
1985082812 0 210 1063  998      10   15
1985082818 0 211 1067  998       9
1985082900 0 212 1071 1000       9
1985082906 0 212 1071 1000       9
1985082912 0 212 1074 1002       9
1985082918 0 212 1074 1002       9
1985083000 0 212 1074 1003       9
1985083006 0 212 1079 1003       9
1985083012 0 210 1084 1002       9
1985083018 0 210 1090 1002       9
1985083100 0 210 1090 1001       9
1985083106 0 210 1090 1001       9
66666 0000   43 0018 8511 0 6 Odessa                             20110729
1985082206 0 193 1422 1004      10
1985082212 0 194 1415 1004      10
1985082218 0 190 1410 1004      10
1985082300 1 190 1410 1002      15
1985082306 1 185 1412 1002      15
1985082312 1 181 1415 1000      15
1985082318 1 177 1422 1000      15
1985082400 1 170 1431  998      15
1985082406 2 174 1434  994      20
1985082412 3 183 1439  990      25
1985082418 3 197 1441  988      25
1985082500 3 210 1438  985      30
1985082506 4 220 1435  978      35
1985082512 4 229 1432  978      35
1985082518 4 240 1429  978      35
1985082600 4 250 1424  974      35
1985082606 4 260 1422  968      40
1985082612 4 269 1421  967      40
1985082618 4 276 1416  965      40
1985082700 4 280 1412  965      40
1985082706 4 282 1408  965      40
1985082712 4 283 1401  965      40
1985082718 4 281 1394  965      40
1985082800 4 281 1387  965      40
1985082806 4 282 1379  962      40
1985082812 4 283 1370  960      40
1985082818 4 286 1361  960      40
1985082900 4 291 1350  957      40
1985082906 4 297 1337  959      40
1985082912 4 301 1320  959      40
1985082918 4 303 1298  959      40
1985083000 4 303 1280  959      40
1985083006 4 303 1265  960      35
1985083012 4 302 1257  970      35
1985083018 3 299 1252  980      30
1985083100 3 301 1260  980      30
1985083106 3 311 1277  985      25
1985083112 3 326 1287  986      25
1985083118 3 341 1300  990      25
1985090100 2 355 1317  990      20
1985090106 2 369 1340  994      20
1985090112 1 377 1365  998      15
1985090118 1 375 1400 1000      12
66666 0000   31 0019 8512 1 6 Pat                                20110729
1985082418 0 250 1250 1001      10
1985082500 1 242 1242 1001      12
1985082506 1 236 1235 1001      15
1985082512 1 232 1225 1001      15
1985082518 1 225 1220 1000      15
1985082600 1 216 1223  998      15
1985082606 1 211 1229  998      15
1985082612 1 210 1240  998      15
1985082618 1 211 1247  995      15
1985082700 2 211 1260  988      20
1985082706 3 218 1269  985      25
1985082712 3 220 1275  985      25
1985082718 3 222 1282  985      25
1985082800 3 228 1289  983      30
1985082806 3 232 1294  976      30
1985082812 4 234 1298  976      35
1985082818 4 237 1303  976      35
1985082900 4 237 1303  976      35
1985082906 4 238 1305  974      35
1985082912 4 243 1308  972      35
1985082918 4 249 1311  972      40
1985083000 4 259 1311  970      40
1985083006 4 272 1310  965      40
1985083012 5 288 1307  961      45
1985083018 5 309 1304  963      45
1985083100 4 330 1302  975      40
1985083106 3 354 1307  978      30
1985083112 3 375 1322  980      30
1985083118 3 396 1346  985      25
1985090100 3 407 1367  985      25
1985090106 3 422 1405  990      25
66666 0000   23 0020 8513 1 6 Ruby                               20110729
1985082612 1 200 1380 1002      12
1985082618 1 215 1386 1002      12
1985082700 1 223 1395 1000      15
1985082706 1 226 1404  998      15
1985082712 1 230 1413  998      15
1985082718 1 232 1425  995      15
1985082800 3 238 1437  990      25
1985082806 3 247 1438  990      25
1985082812 3 257 1438  990      25
1985082818 3 268 1433  985      30
1985082900 3 272 1422  985      30
1985082906 3 283 1417  985      30
1985082912 3 297 1412  990      25
1985082918 3 312 1406  995      25
1985083000 3 323 1400  995      25
1985083006 3 335 1397  995      25
1985083012 3 347 1398  995      25
1985083018 2 364 1402  995      20
1985083100 2 383 1407  995      20
1985083106 2 394 1426  995      20
1985083112 2 405 1455  995      20
1985083118 2 410 1490  995      20
1985090100 1 403 1529 1000      15
66666 0000   39 0021 8514 1 6 Skip                               20110729
1985083012 1 127 1814 1000      15
1985083018 1 128 1800 1000      15
1985083100 1 133 1787 1000      15
1985083106 1 145 1777 1000      15
1985083112 2 151 1768  996      20
1985083118 2 155 1761  994      20
1985090100 3 158 1759  990      25
1985090106 3 158 1759  985      25
1985090112 3 164 1755  979      30
1985090118 3 169 1751  985      30
1985090200 3 172 1747  992      25
1985090206 3 178 1745  995      25
1985090212 3 182 1735  995      25
1985090218 3 183 1729  994      25
1985090300 3 184 1725  994      25
1985090306 3 189 1720  994      25
1985090312 3 192 1714  994      25
1985090318 3 198 1711  994      25
1985090400 3 205 1714  994      25
1985090406 2 209 1714  996      20
1985090412 2 215 1713  998      20
1985090418 2 216 1727  998      20
1985090500 2 217 1736  998      20
1985090506 3 225 1746  994      25
1985090512 3 235 1749  986      30
1985090518 3 245 1749  988      30
1985090600 3 252 1746  988      30
1985090606 3 260 1745  988      30
1985090612 3 272 1747  985      30
1985090618 3 286 1749  980      30
1985090700 4 302 1753  974      35
1985090706 4 318 1762  970      35
1985090712 4 333 1774  970      35
1985090718 4 354 1789  975      35
1985090800 3 373 1798  980      30
1985090806 3 390 1810  980      30
1985090812 3 410 1830  980      30
1985090818 3 400 1835  990      25
1985090900 3 395 1820  992      25
66666 0000   32 0022 8515 0 6 Tess                               20110729
1985083118 1 150 1330 1006      12
1985090100 1 151 1320 1003      15
1985090106 1 153 1305 1002      15
1985090112 1 152 1285 1000      15
1985090118 2 150 1270  995      20
1985090200 2 147 1262  992      20
1985090206 3 148 1253  988      25
1985090212 3 152 1243  986      25
1985090218 3 155 1235  986      25
1985090300 3 160 1228  983      30
1985090306 3 164 1223  985      30
1985090312 3 170 1214  985      30
1985090318 3 175 1200  985      30
1985090400 3 180 1188  985      30
1985090406 3 186 1172  980      30
1985090412 3 192 1160  980      30
1985090418 3 194 1150  975      30
1985090500 4 195 1142  970      35
1985090506 4 200 1134  970      35
1985090512 4 206 1131  965      35
1985090518 4 213 1126  965      40
1985090600 3 220 1122  975      30
1985090606 2 227 1113  980      20
1985090612 1 232 1105  990      12
1985090618 0 237 1098  994      10
1985090700 0 240 1091  996       9
1985090706 0 245 1085  998       9
1985090712 0 242 1070 1000       9
1985090718 0 242 1062 1000       9
1985090800 0 244 1058 1001       9
1985090806 0 245 1048 1001       9
1985090812 0 240 1040 1002       9
66666 0000   15 0023 0000 1 6 (nameless)                         20110729
1985090100 1 268 1237 1004      12
1985090106 1 276 1242 1004      12
1985090112 1 288 1245 1002      12
1985090118 1 307 1240 1002      12
1985090200 1 325 1235 1000      12
1985090206 1 353 1238 1000      12
1985090212 1 380 1242 1002      12
1985090218 9 400 1230 1003      10
1985090300 9 425 1230 1005       9
1985090306 9 450 1250 1005       9
1985090312 9 472 1260 1002      10
1985090318 9 490 1273 1002      12
1985090400 9 490 1273  999      15
1985090406 9 495 1295 1002      12
1985090412 9 490 1320 1003      10
66666 0000   22 0024 8516 0 6 Val                                20110729
1985091212 0 130 1460 1006      10
1985091218 1 132 1455 1002      12
1985091300 1 135 1442 1002      12
1985091306 1 138 1423 1002      15
1985091312 1 147 1408 1000      15
1985091318 1 153 1398 1000      15
1985091400 1 162 1384 1000      15
1985091406 1 170 1375 1000      15
1985091412 1 178 1364 1000      15
1985091418 1 183 1345 1000      15
1985091500 1 182 1325  998      15
1985091506 2 195 1305  995      20
1985091512 2 208 1292  995      20
1985091518 2 213 1270  995      20
1985091600 2 216 1257  995      20
1985091606 3 212 1233  990      25
1985091612 3 211 1218  990      25
1985091618 2 214 1210  990      20
1985091700 2 211 1203  992      20
1985091706 1 214 1195  998      15
1985091712 1 228 1183 1000      12
1985091718 0 235 1180 1004      10
66666 0000   19 0025 8517 0 6 Winona                             20110729
1985091900 1 145 1155 1002      12
1985091906 1 152 1149 1000      15
1985091912 2 158 1138  995      20
1985091918 2 167 1131  995      20
1985092000 2 171 1127  995      20
1985092006 2 178 1122  995      20
1985092012 2 183 1120  995      20
1985092018 2 190 1119  993      20
1985092100 3 194 1116  985      25
1985092106 3 199 1114  980      25
1985092112 3 205 1110  980      25
1985092118 3 208 1106  980      25
1985092200 3 213 1103  980      25
1985092206 2 216 1100  990      20
1985092212 2 222 1101  998      20
1985092218 1 227 1101 1000      15
1985092300 1 233 1115 1002      12
1985092306 0 232 1124 1006       9
1985092312 0 239 1140 1008       9
66666 0000   25 0026 8518 0 6 Andy                               20110729
1985092600 0 155 1195 1004      10
1985092606 1 165 1195 1002      12
1985092612 1 178 1185 1002      12
1985092618 1 186 1179 1002      12
1985092700 1 190 1170 1002      15
1985092706 1 188 1164 1000      15
1985092712 1 189 1160 1000      15
1985092718 1 190 1157 1000      15
1985092800 2 191 1154  998      20
1985092806 2 190 1148  996      20
1985092812 3 186 1138  994      25
1985092818 3 188 1128  992      25
1985092900 3 186 1121  987      30
1985092906 4 187 1113  980      35
1985092912 4 188 1107  975      35
1985092918 3 185 1099  980      25
1985093000 3 182 1093  982      25
1985093006 3 181 1089  987      25
1985093012 3 181 1086  990      25
1985093018 2 181 1083  992      20
1985100100 2 180 1075  992      20
1985100106 2 180 1070  992      20
1985100112 1 178 1063  996      15
1985100118 1 178 1058 1000      15
1985100200 1 176 1052 1004      12
66666 0000   36 0027 8519 3 6 Brendan                            20110729
1985092900 1 170 1343 1003      12
1985092906 1 166 1331 1003      12
1985092912 1 165 1324 1002      12
1985092918 1 164 1317 1002      12
1985093000 1 161 1310  998      15
1985093006 1 159 1306  996      15
1985093012 2 160 1300  995      20
1985093018 2 160 1300  995      20
1985100100 3 160 1300  990      30
1985100106 3 175 1296  990      30
1985100112 3 181 1291  986      30
1985100118 3 180 1288  982      30
1985100200 3 176 1287  981      30
1985100206 3 184 1282  980      30
1985100212 3 187 1272  980      30
1985100218 4 193 1264  975      35
1985100300 4 200 1255  970      40
1985100306 4 208 1243  965      40
1985100312 4 219 1238  964      40
1985100318 4 230 1231  960      40
1985100400 4 245 1227  962      40
1985100406 4 262 1223  965      40
1985100412 4 278 1233  965      40
1985100418 4 298 1248  975      35
1985100500 3 320 1267  980      30
1985100506 3 340 1286  985      25
1985100512 1 355 1304  987      15
1985100518 1 365 1315  990      15
1985100600 1 375 1325  992      15
1985100606 9 389 1331  995      12
1985100612 9 405 1338  995      12
1985100618 9 419 1345  996      12
1985100700 9 430 1360  996      12
1985100706 9 428 1385  998      12
1985100712 9 420 1410  999      12
1985100718 9 420 1410  990      12
66666 0000    8 0028 0000 1 6 (nameless)                         20110729
1985101000 0  70 1150 1004      10
1985101006 1  80 1145 1000      15
1985101012 1  85 1135 1000      15
1985101018 1  90 1125 1000      15
1985101100 1  95 1112 1000      15
1985101106 1 100 1100 1000      12
1985101112 0 108 1080 1004      10
1985101118 0 110 1050 1004      10
66666 0000   23 0029 8520 0 6 Cecil                              20110729
1985101106 0  90 1260 1002      10
1985101112 1  97 1242 1002      12
1985101118 1 100 1229 1002      12
1985101200 1 104 1213 1000      15
1985101206 2 108 1201  996      20
1985101212 2 111 1190  996      20
1985101218 2 114 1179  994      20
1985101300 3 118 1170  990      25
1985101306 3 122 1163  985      25
1985101312 3 126 1158  982      25
1985101318 3 128 1153  978      30
1985101400 3 134 1149  974      30
1985101406 4 140 1142  968      35
1985101412 4 144 1134  963      35
1985101418 4 148 1127  963      40
1985101500 4 154 1116  963      40
1985101506 4 159 1106  960      40
1985101512 5 167 1095  960      45
1985101518 4 169 1081  960      40
1985101600 4 171 1067  970      35
1985101606 3 172 1050  985      25
1985101612 2 177 1041  990      20
1985101618 1 180 1020 1000      12
66666 0000   43 0030 8521 0 6 Dot                                20110729
1985101112 0  50 1550 1005       9
1985101118 0  60 1540 1004       9
1985101200 1  65 1525 1004      12
1985101206 1  72 1513 1002      15
1985101212 1  80 1505 1002      15
1985101218 1  94 1488 1002      15
1985101300 1 103 1485 1002      15
1985101306 1 110 1465 1000      15
1985101312 1 113 1446 1000      15
1985101318 2 114 1435  995      20
1985101400 2 116 1423  992      20
1985101406 3 118 1412  985      25
1985101412 3 120 1402  980      25
1985101418 3 125 1391  978      30
1985101500 4 132 1379  970      35
1985101506 4 133 1367  955      40
1985101512 5 136 1358  930      50
1985101518 6 137 1349  920      55
1985101600 6 141 1338  900      60
1985101606 6 144 1326  893      70
1985101612 6 147 1313  897      70
1985101618 6 147 1299  897      70
1985101700 6 148 1286  900      70
1985101706 6 146 1274  905      70
1985101712 6 143 1263  908      65
1985101718 6 143 1253  910      60
1985101800 6 144 1243  915      60
1985101806 6 147 1233  925      55
1985101812 5 151 1223  930      50
1985101818 4 155 1208  940      40
1985101900 4 155 1192  955      40
1985101906 4 158 1186  965      35
1985101912 4 162 1177  970      35
1985101918 4 165 1165  970      35
1985102000 4 171 1156  965      35
1985102006 4 175 1143  962      35
1985102012 4 177 1128  965      40
1985102018 4 180 1116  965      40
1985102100 4 182 1096  970      40
1985102106 4 184 1082  970      35
1985102112 3 185 1065  985      25
1985102118 1 188 1055  995      15
1985102200 1 190 1032 1000      12
66666 0000   29 0031 0000 0 6 Ellis                              20110729
1985101518 1  90 1540 1004      12
1985101600 1 100 1530 1002      15
1985101606 1 107 1520 1000      15
1985101612 1 108 1513 1000      15
1985101618 1 107 1511 1000      15
1985101700 1 106 1508 1000      15
1985101706 2 107 1505  995      20
1985101712 2 104 1503  995      20
1985101718 2  99 1501  995      20
1985101800 3  93 1498  990      25
1985101806 3  87 1496  990      25
1985101812 2  83 1493  995      20
1985101818 2  80 1490  995      20
1985101900 2  73 1484  995      20
1985101906 2  67 1480  995      20
1985101912 2  63 1473  998      20
1985101918 1  63 1464 1000      15
1985102000 1  70 1450 1002      15
1985102006 1  80 1438 1004      12
1985102012 1  89 1425 1004      12
1985102018 1  95 1413 1004      12
1985102100 1 100 1398 1000      15
1985102106 1  95 1382 1000      15
1985102112 1 100 1365 1004      12
1985102118 1 110 1360 1004      12
1985102200 1 120 1355 1004      12
1985102206 1 125 1340 1004      12
1985102212 0 128 1330 1006      10
1985102218 0 130 1320 1006       9
66666 0000   39 0032 8522 0 6 Faye                               20110729
1985102300 1 130 1260 1002      12
1985102306 1 137 1251 1000      12
1985102312 1 142 1242 1000      12
1985102318 1 148 1232  998      15
1985102400 1 152 1222  998      15
1985102406 1 158 1215  998      15
1985102412 1 163 1210  998      15
1985102418 1 173 1200  998      15
1985102500 1 182 1190 1000      15
1985102506 1 180 1186 1000      15
1985102512 1 179 1190 1000      15
1985102518 1 181 1195 1000      15
1985102600 2 182 1198  998      20
1985102606 2 186 1204  998      20
1985102612 2 190 1214  996      20
1985102618 2 193 1220  996      20
1985102700 2 193 1220  996      20
1985102706 3 194 1224  992      25
1985102712 3 195 1227  988      25
1985102718 3 195 1230  988      25
1985102800 3 195 1230  988      25
1985102806 3 196 1233  986      25
1985102812 3 199 1236  984      30
1985102818 3 202 1238  983      30
1985102900 3 205 1240  980      30
1985102906 4 213 1245  975      35
1985102912 4 217 1250  970      35
1985102918 4 222 1255  968      40
1985103000 4 229 1260  963      40
1985103006 4 234 1267  967      40
1985103012 4 240 1275  970      40
1985103018 4 247 1286  980      35
1985103100 3 253 1296  985      30
1985103106 3 260 1309  990      25
1985103112 1 267 1327  998      15
1985103118 1 272 1342  998      15
1985110100 1 275 1362 1000      15
1985110106 1 279 1383 1000      15
1985110112 1 286 1408 1000      12
66666 0000   23 0033 8523 0 6 Gordon                             20110729
1985112000 1  82 1115 1002      15
1985112006 1  83 1110 1002      15
1985112012 1  84 1106 1002      15
1985112018 1  87 1108 1002      15
1985112100 2  90 1110  998      20
1985112106 2  94 1115  998      20
1985112112 2  95 1125  998      20
1985112118 1 100 1128 1002      15
1985112200 1 108 1130 1002      15
1985112206 1  98 1131 1002      15
1985112212 1  97 1127 1002      15
1985112218 1  97 1122 1002      15
1985112300 1  96 1118 1002      15
1985112306 1  99 1125 1002      15
1985112312 1 104 1124 1000      15
1985112318 1 113 1123 1000      15
1985112400 1 120 1120 1000      15
1985112406 2 116 1117  995      20
1985112412 2 114 1118  995      20
1985112418 2 117 1114  995      20
1985112500 2 120 1103  995      20
1985112506 1 115 1088 1000      15
1985112512 1 105 1075 1004      12
66666 0000   22 0034 8525 0 6 Irving                             20110729
1985121606 1  75 1155 1004      12
1985121612 1  75 1155 1004      12
1985121618 1  75 1155 1004      12
1985121700 1  75 1155 1004      12
1985121706 1  75 1155 1002      15
1985121712 1  75 1155 1002      15
1985121718 1  76 1150 1000      15
1985121800 2  77 1147  994      20
1985121806 2  79 1144  995      20
1985121812 2  80 1140  995      20
1985121818 2  80 1137  995      20
1985121900 2  78 1135  995      20
1985121906 2  77 1133  995      20
1985121912 2  78 1131  995      20
1985121918 2  80 1125  995      20
1985122000 2  85 1114  995      20
1985122006 2  92 1110  995      20
1985122012 2  95 1090  995      20
1985122018 2  90 1086  995      20
1985122100 1  83 1084 1002      15
1985122106 1  78 1080 1004      12
1985122112 0  70 1070 1004      10
66666 0000   33 0035 8524 0 6 Hope                               20110729
1985121706 1  99 1393 1000      12
1985121712 1 100 1387 1000      15
1985121718 1 101 1381  998      15
1985121800 2 103 1377  996      20
1985121806 3 107 1371  992      25
1985121812 3 110 1369  985      25
1985121818 3 113 1367  978      30
1985121900 3 119 1365  975      30
1985121906 4 127 1361  964      35
1985121912 4 132 1358  964      35
1985121918 4 137 1348  961      40
1985122000 4 139 1336  958      40
1985122006 5 137 1325  948      50
1985122012 5 136 1313  955      45
1985122018 5 137 1302  960      45
1985122100 4 137 1291  962      40
1985122106 4 138 1282  965      35
1985122112 4 140 1271  972      35
1985122118 4 145 1262  975      35
1985122200 4 150 1256  975      35
1985122206 4 159 1257  975      35
1985122212 4 167 1260  975      35
1985122218 4 174 1262  975      35
1985122300 4 179 1265  978      35
1985122306 3 185 1270  985      30
1985122312 3 192 1284  990      30
1985122318 3 188 1297  995      25
1985122400 2 182 1307  999      20
1985122406 2 180 1315 1000      20
1985122412 2 184 1318 1000      20
1985122418 1 188 1317 1000      15
1985122500 1 187 1310 1000      15
1985122506 1 185 1305 1002      12
