66666 0000   26 0001 0000 1 6 Sarah                              20110729
1971010806 1  82 1425 1000      12
1971010812 1  84 1412 1000      12
1971010818 1  88 1398 1000      12
1971010900 1  95 1386  998      15
1971010906 2 107 1377  997      20
1971010912 2 111 1371  994      20
1971010918 2 112 1364  990      20
1971011000 3 109 1364  989      25
1971011006 3 120 1371  990      25
1971011012 2 134 1376  995      20
1971011018 2 144 1391  998      20
1971011100 2 148 1403 1000      20
1971011106 1 153 1409 1000      15
1971011112 1 160 1413 1000      15
1971011118 9 168 1420 1000      15
1971011200 9 176 1440  997      20
1971011206 9 178 1461  996      20
1971011212 9 180 1480  996      20
1971011218 9 188 1505  998      15
1971011300 9 208 1534 1000      15
1971011306 9 227 1570 1002      15
1971011312 9 235 1610 1002      12
1971011318 9 235 1645 1002      12
1971011400 9 235 1685 1003      12
1971011406 9 237 1730 1004       0
1971011412 9 240 1775 1004       0
66666 0000   39 0002 0000 0 6 Thelma                             20110729
1971031500 0  57 1338 1005      10
1971031506 1  64 1337 1003      15
1971031512 1  71 1335 1003      15
1971031518 1  79 1332 1003      15
1971031600 1  86 1328 1003      15
1971031606 1  93 1322 1003      15
1971031612 1  99 1315 1003      15
1971031618 1 104 1307 1002      15
1971031700 2 108 1297 1002      20
1971031706 2 107 1294 1002      20
1971031712 2 104 1294 1002      20
1971031718 2 102 1293 1002      20
1971031800 3 100 1293  994      25
1971031806 3 102 1291  992      25
1971031812 2  98 1292  999      20
1971031818 2 102 1297  998      20
1971031900 2 105 1300  997      20
1971031906 2 114 1306  997      20
1971031912 2 125 1314  996      20
1971031918 2 136 1323  996      20
1971032000 2 148 1330  996      20
1971032006 2 160 1338  996      20
1971032012 2 172 1347  996      20
1971032018 2 182 1355  996      20
1971032100 2 192 1364  996      20
1971032106 2 200 1371  996      20
1971032112 2 209 1379  996      20
1971032118 2 220 1386  996      20
1971032200 9 229 1394  996      15
1971032206 9 238 1401  996      15
1971032212 9 245 1411  996      15
1971032218 9 252 1430  998      15
1971032300 9 258 1451 1000      15
1971032306 9 262 1470 1000      15
1971032312 9 268 1490 1000      15
1971032318 9 276 1510 1002       0
1971032400 9 285 1531 1004       0
1971032406 9 306 1557 1004       0
1971032412 9 324 1587 1004       0
66666 0000   17 0003 0000 0 6 (nameless)                         20110729
1971040300 1 280 1578 1010      12
1971040306 1 282 1583 1010      12
1971040312 1 285 1587 1010      12
1971040318 1 291 1588 1008      15
1971040400 1 297 1587 1008      15
1971040406 1 300 1582 1008      15
1971040412 1 305 1577 1008      12
1971040418 1 317 1585 1008      12
1971040500 1 326 1600 1008      12
1971040506 1 331 1608 1008      12
1971040512 0 337 1615 1010      10
1971040518 0 345 1623 1012      10
1971040600 9 350 1634 1014       0
1971040606 9 353 1648 1014       0
1971040612 9 355 1660 1014       0
1971040618 9 365 1675 1015       0
1971040700 9 379 1690 1016       0
66666 0000   59 0004 7101 1 6 Vera                               20110729
1971040700 0  89 1473 1004      10
1971040706 0  94 1465 1004      10
1971040712 0  97 1456 1002      10
1971040718 0  99 1449 1002      10
1971040800 0 100 1440 1002      10
1971040806 0 101 1430 1002      10
1971040812 0 100 1419 1002      10
1971040818 0 101 1409 1001      10
1971040900 1 103 1401 1000      12
1971040906 1 107 1394 1000      12
1971040912 1 113 1391 1000      15
1971040918 1 117 1387 1000      15
1971041000 1 119 1382  998      15
1971041006 1 121 1378  997      15
1971041012 1 123 1373  997      15
1971041018 1 124 1368  997      15
1971041100 1 125 1364  997      15
1971041106 2 126 1359  996      20
1971041112 2 127 1354  996      20
1971041118 2 128 1349  996      20
1971041200 2 129 1343  992      20
1971041206 2 131 1336  992      20
1971041212 2 136 1329  986      20
1971041218 3 139 1321  986      25
1971041300 3 144 1314  982      25
1971041306 3 149 1310  982      25
1971041312 3 157 1304  980      25
1971041318 3 164 1294  980      30
1971041400 3 168 1285  976      30
1971041406 3 175 1280  976      30
1971041412 4 178 1274  968      35
1971041418 4 180 1269  964      40
1971041500 5 180 1265  960      45
1971041506 4 181 1260  964      40
1971041512 4 183 1256  964      40
1971041518 4 188 1257  964      40
1971041600 4 192 1259  968      40
1971041606 4 201 1262  971      40
1971041612 4 207 1264  976      35
1971041618 3 216 1268  980      30
1971041700 3 224 1274  980      30
1971041706 3 234 1282  984      30
1971041712 3 245 1294  985      30
1971041718 2 253 1311  990      20
1971041800 2 258 1324  995      20
1971041806 2 262 1338  995      20
1971041812 2 266 1354  995      20
1971041818 1 268 1369 1000      15
1971041900 1 270 1386 1000      15
1971041906 9 271 1404 1001      15
1971041912 9 276 1433 1001      15
1971041918 9 286 1461 1002      15
1971042000 9 305 1490 1002      15
1971042006 9 331 1519 1002       0
1971042012 9 354 1552 1002       0
1971042018 9 375 1590 1002       0
1971042100 9 390 1630 1002       0
1971042106 9 402 1666 1002       0
1971042112 9 416 1703 1002       0
66666 0000   49 0005 7102 0 6 Wanda                              20110729
1971042200 0 100 1323 1005      10
1971042206 0 102 1312 1005      10
1971042212 1 106 1302 1002      15
1971042218 1 113 1293 1002      15
1971042300 1 121 1285 1000      15
1971042306 2 123 1273  995      20
1971042312 2 124 1263  993      20
1971042318 2 121 1258  993      20
1971042400 2 114 1257  993      20
1971042406 2 112 1250  993      20
1971042412 2 111 1242  993      20
1971042418 2 109 1235  993      20
1971042500 2 107 1229  993      20
1971042506 2 106 1220  993      20
1971042512 3 107 1211  990      25
1971042518 3 105 1204  986      25
1971042600 3 102 1196  989      25
1971042606 3 103 1192  989      25
1971042612 2 104 1185  990      20
1971042618 2 104 1178  990      20
1971042700 2 102 1172  993      20
1971042706 2 101 1171  995      20
1971042712 2 102 1166  997      20
1971042718 1 103 1161 1000      15
1971042800 1 104 1155 1000      15
1971042806 1 106 1149 1001      15
1971042812 1 107 1144 1002      15
1971042818 1 108 1142 1000      15
1971042900 1 111 1138  999      15
1971042906 1 115 1132  999      15
1971042912 1 118 1125  999      15
1971042918 2 120 1119  999      20
1971043000 3 122 1115  995      25
1971043006 3 125 1111  994      25
1971043012 3 129 1106  993      30
1971043018 3 131 1104  986      30
1971050100 4 135 1100  982      35
1971050106 4 140 1097  981      35
1971050112 4 144 1095  980      35
1971050118 4 148 1092  978      35
1971050200 4 154 1090  976      35
1971050206 4 162 1089  976      35
1971050212 4 169 1089  980      35
1971050218 3 177 1087  990      25
1971050300 1 185 1090  998      15
1971050306 1 193 1092 1000      12
1971050312 0 195 1092 1000      10
1971050318 0 196 1093 1002       9
1971050400 0 197 1096 1005       9
66666 0000   35 0006 7104 2 6 Amy                                20110729
1971042900 0  64 1556 1005      10
1971042906 1  65 1551 1002      15
1971042912 1  67 1545 1000      15
1971042918 2  65 1541  998      20
1971043000 3  66 1536  995      25
1971043006 3  69 1533  995      25
1971043012 3  72 1527  993      25
1971043018 3  73 1519  988      30
1971050100 4  76 1513  980      35
1971050106 6  83 1504  960      55
1971050112 6  87 1494  940      65
1971050118 6  94 1484  920      65
1971050200 6  99 1472  899      65
1971050206 6 106 1463  895      70
1971050212 6 115 1453  900      70
1971050218 6 120 1444  919      70
1971050300 6 125 1435  919      70
1971050306 6 128 1428  919      70
1971050312 6 134 1423  902      70
1971050318 6 138 1421  901      70
1971050400 6 144 1420  905      70
1971050406 6 154 1422  910      70
1971050412 6 162 1426  915      70
1971050418 6 174 1431  910      70
1971050500 6 184 1437  930      60
1971050506 6 194 1443  940      60
1971050512 5 204 1446  950      50
1971050518 5 212 1452  953      45
1971050600 4 224 1457  958      40
1971050606 4 237 1462  962      35
1971050612 4 250 1467  968      35
1971050618 3 265 1480  976      30
1971050700 3 282 1498  982      25
1971050706 2 306 1522  985      20
1971050712 1 331 1559  995      15
66666 0000   40 0007 7103 1 6 Babe                               20110729
1971050218 0 138 1182 1005      10
1971050300 0 150 1188 1005      10
1971050306 1 158 1188 1003      15
1971050312 2 160 1182  997      20
1971050318 2 164 1181  997      20
1971050400 2 170 1182  997      20
1971050406 2 176 1184  997      20
1971050412 3 181 1184  997      25
1971050418 3 187 1188  997      25
1971050500 3 192 1194  995      25
1971050506 3 203 1206  998      25
1971050512 3 208 1220  998      25
1971050518 3 209 1234  997      25
1971050600 3 211 1247  996      25
1971050606 3 217 1267  998      25
1971050612 2 219 1291  998      20
1971050618 2 216 1308 1000      20
1971050700 1 214 1320 1005      15
1971050706 1 215 1333 1007      12
1971050712 1 218 1350 1008      12
1971050718 9 226 1371 1008      12
1971050800 9 237 1390 1008      12
1971050806 9 249 1411 1008      12
1971050812 9 259 1433 1010      12
1971050818 9 267 1457 1010      12
1971050900 9 271 1475 1010      12
1971050906 9 273 1488 1010      10
1971050912 9 274 1501 1010      10
1971050918 9 276 1518 1010      10
1971051000 9 280 1537 1010      10
1971051006 9 288 1562 1010      10
1971051012 9 296 1585 1010      10
1971051018 9 302 1603 1012      10
1971051100 9 308 1620 1012      10
1971051106 9 315 1644 1012      10
1971051112 9 320 1674 1012       0
1971051118 9 327 1704 1012       0
1971051200 9 333 1731 1012       0
1971051206 9 341 1761 1012       0
1971051212 9 351 1800 1012       0
66666 0000   15 0008 0000 0 6 (nameless)                         20110729
1971051600 0 104 1368 1007       0
1971051606 0 109 1369 1006      10
1971051612 0 114 1367 1006      10
1971051618 0 118 1364 1006      10
1971051700 1 122 1360 1005      12
1971051706 1 126 1355 1005      12
1971051712 1 130 1351 1005      12
1971051718 1 136 1346 1005      12
1971051800 1 142 1340 1005      15
1971051806 1 152 1332 1006      12
1971051812 0 163 1325 1006      10
1971051818 0 172 1321 1006      10
1971051900 0 180 1320 1006      10
1971051906 0 188 1325 1006       0
1971051912 0 194 1340 1007       0
66666 0000   23 0009 7105 0 6 Carla                              20110729
1971051900 0 141 1290 1006      10
1971051906 1 148 1284 1004      12
1971051912 1 155 1278 1004      15
1971051918 1 162 1273 1004      15
1971052000 2 168 1270 1000      20
1971052006 2 175 1266  998      20
1971052012 2 183 1263  998      20
1971052018 2 189 1261  995      20
1971052100 3 196 1261  992      25
1971052106 2 206 1262  990      20
1971052112 2 214 1261 1000      20
1971052118 2 227 1265 1002      20
1971052200 2 238 1268 1002      20
1971052206 1 250 1278 1002      15
1971052212 1 267 1292 1002      15
1971052218 1 283 1310 1005      15
1971052300 1 297 1323 1005      15
1971052306 1 309 1338 1007      15
1971052312 1 318 1349 1007      15
1971052318 1 327 1365 1008      12
1971052400 1 336 1384 1008      12
1971052406 1 343 1400 1008      12
1971052412 1 348 1415 1008      12
66666 0000   31 0010 7106 0 6 Dinah                              20110729
1971052318 0  95 1365 1005      10
1971052400 0 100 1355 1005      10
1971052406 0 104 1344 1005      10
1971052412 0 107 1332 1005      10
1971052418 0 111 1320 1005      10
1971052500 1 118 1305 1005      12
1971052506 1 122 1293 1000      15
1971052512 3 123 1278  990      25
1971052518 4 122 1263  970      40
1971052600 4 126 1247  965      40
1971052606 4 132 1235  968      40
1971052612 4 135 1219  970      40
1971052618 4 137 1205  980      35
1971052700 3 142 1192  990      30
1971052706 3 148 1180  994      30
1971052712 4 157 1166  980      40
1971052718 4 165 1152  982      40
1971052800 4 171 1141  985      40
1971052806 4 176 1131  990      35
1971052812 4 181 1121  990      35
1971052818 4 186 1112  990      35
1971052900 3 190 1103  995      25
1971052906 3 192 1099  995      25
1971052912 3 194 1094  995      25
1971052918 3 199 1089  995      25
1971053000 3 206 1086  995      25
1971053006 3 211 1085  995      25
1971053012 3 216 1085  996      25
1971053018 2 221 1090  998      20
1971053100 1 226 1089 1004      12
1971053106 0 234 1081 1005      10
66666 0000   22 0011 0000 0 6 Emma                               20110729
1971052800 0  60 1335 1002      10
1971052806 1  56 1326 1002      12
1971052812 1  54 1318 1002      12
1971052818 1  54 1308 1000      15
1971052900 2  55 1300  998      20
1971052906 2  60 1292  995      20
1971052912 2  67 1284  998      20
1971052918 1  74 1277 1000      15
1971053000 1  81 1270 1004      12
1971053006 0  87 1262 1004      10
1971053012 0  91 1253 1006      10
1971053018 0  93 1245 1006      10
1971053100 0  94 1237 1006      10
1971053106 0  97 1228 1006      10
1971053112 0 100 1220 1006      10
1971053118 0 108 1209 1006      10
1971060100 0 117 1200 1006      10
1971060106 0 128 1192 1006      10
1971060112 0 138 1185 1006      10
1971060118 0 146 1181 1006      10
1971060200 0 155 1178 1006      10
1971060206 0 166 1176 1006      10
66666 0000   39 0012 7108 0 6 Freda                              20110729
1971061000 0  80 1329 1005      10
1971061006 0  82 1320 1005      10
1971061012 0  87 1312 1005      10
1971061018 0  93 1305 1005      10
1971061100 0  97 1302 1005      10
1971061106 1 102 1299 1004      12
1971061112 1 107 1296 1004      12
1971061118 1 112 1294 1004      12
1971061200 1 116 1292 1004      12
1971061206 1 121 1289 1003      15
1971061212 1 126 1286 1003      15
1971061218 1 129 1285 1003      15
1971061300 1 134 1282 1003      15
1971061306 1 138 1279 1003      15
1971061312 1 142 1276 1003      15
1971061318 1 146 1272 1003      15
1971061400 2 150 1268 1001      20
1971061406 2 155 1263 1000      20
1971061412 3 158 1258  998      25
1971061418 3 163 1250  995      30
1971061500 3 167 1238  990      30
1971061506 4 170 1227  985      35
1971061512 4 173 1219  990      35
1971061518 4 178 1208  988      35
1971061600 4 183 1195  988      35
1971061606 4 189 1184  988      35
1971061612 4 195 1172  988      35
1971061618 4 199 1163  985      35
1971061700 4 204 1155  980      35
1971061706 4 210 1149  978      35
1971061712 4 216 1142  980      35
1971061718 3 222 1138  980      30
1971061800 2 227 1131  983      20
1971061806 2 237 1126  992      20
1971061812 1 247 1126  995      15
1971061818 0 257 1126  997      10
1971061900 0 275 1137  998      10
1971061906 0 291 1151  999      10
1971061912 0 300 1171 1000      10
66666 0000   16 0013 7107 0 6 (nameless)                         20110729
1971061306 0 115 1148 1005      10
1971061312 0 119 1137 1004      10
1971061318 0 124 1131 1004      10
1971061400 1 129 1126 1003      15
1971061406 1 134 1123 1000      15
1971061412 1 138 1118 1000      15
1971061418 1 141 1111 1000      15
1971061500 1 145 1105  998      15
1971061506 1 147 1102  996      15
1971061512 1 150 1099  996      12   15
1971061518 1 153 1097  996      12   15
1971061600 1 156 1095  997      12   15
1971061606 1 160 1094  997      12
1971061612 0 164 1093  998      10
1971061618 0 167 1092  999      10
1971061700 0 170 1092 1000      10
66666 0000   28 0014 7109 0 6 Gilda                              20110729
1971062206 0  85 1377 1006      10
1971062212 0  88 1370 1006      10
1971062218 0  89 1360 1005      10
1971062300 0  90 1350 1005      10
1971062306 0  90 1340 1005      10
1971062312 0  91 1330 1002      10
1971062318 0  92 1320 1002      10
1971062400 1  95 1308 1001      15
1971062406 1 100 1293  997      15
1971062412 2 109 1279  986      20
1971062418 3 112 1263  985      30
1971062500 4 117 1247  985      40
1971062506 4 122 1233  985      40
1971062512 4 129 1221  985      40
1971062518 4 137 1207  985      40
1971062600 5 144 1194  980      45
1971062606 5 154 1178  980      45
1971062612 5 164 1163  985      45
1971062618 5 169 1148  980      45
1971062700 5 175 1133  974      45
1971062706 5 183 1123  968      45
1971062712 4 191 1113  968      40
1971062718 4 199 1104  972      40
1971062800 4 208 1098  972      40
1971062806 4 219 1091  980      35
1971062812 2 233 1087  990      20
1971062818 0 248 1083  995      10
1971062900 0 261 1080  996       9
66666 0000   32 0015 7110 0 6 Harriet                            20110729
1971063000 0  88 1369 1008      10
1971063006 0  91 1361 1006      10
1971063012 0  93 1352 1006      10
1971063018 0  95 1342 1006      10
1971070100 0  96 1333 1006      10
1971070106 1  97 1323 1003      12
1971070112 1  98 1314 1001      15
1971070118 2  99 1304 1000      20
1971070200 3 100 1296 1000      25
1971070206 4 102 1288  995      35
1971070212 4 104 1279  995      35
1971070218 4 106 1268  993      35
1971070300 4 111 1255  990      35
1971070306 3 118 1239  990      30
1971070312 3 125 1226  990      25
1971070318 3 128 1212  990      25
1971070400 3 135 1197  980      30
1971070406 5 144 1182  976      50
1971070412 5 149 1163  974      50
1971070418 5 153 1146  964      50
1971070500 5 155 1135  950      50
1971070506 6 158 1122  940      55
1971070512 6 162 1109  921      60
1971070518 6 164 1095  924      60
1971070600 6 167 1087  933      55
1971070606 4 168 1079  940      40
1971070612 4 172 1072  950      35
1971070618 2 178 1067  985      20
1971070700 1 189 1063  990      15
1971070706 1 194 1056  990      15
1971070712 1 196 1049  990      15
1971070718 0 196 1041  995      10
66666 0000   27 0016 7111 1 6 Ivy                                20110729
1971070400 1 230 1380 1006      15
1971070406 1 224 1375 1004      15
1971070412 1 220 1370 1004      15
1971070418 2 216 1364 1002      20
1971070500 3 216 1355 1000      25
1971070506 3 226 1348  995      25
1971070512 3 239 1346  995      25
1971070518 3 258 1343  995      25
1971070600 4 281 1339  978      35
1971070606 4 294 1330  988      35
1971070612 4 298 1326  988      35
1971070618 3 305 1332  990      30
1971070700 3 324 1343  990      30
1971070706 3 340 1357  990      30
1971070712 2 354 1375  995      20
1971070718 2 366 1395  996      20
1971070800 2 382 1423  996      20
1971070806 2 387 1454  996      20
1971070812 2 390 1488  996      20
1971070818 1 394 1521  997      15
1971070900 9 395 1555  998      15
1971070906 9 395 1586  998       0
1971070912 9 396 1618  998       0
1971070918 9 397 1650  998       0
1971071000 9 402 1687  998       0
1971071006 9 413 1720  998       0
1971071012 9 435 1755  998       0
66666 0000   24 0017 7112 2 6 Kim                                20110729
1971070800 1 121 1303 1006      12
1971070806 1 122 1292 1005      12
1971070812 1 124 1282 1002      12
1971070818 1 126 1272 1002      12
1971070900 1 130 1262 1002      12
1971070906 1 136 1249 1002      15
1971070912 1 144 1233 1002      15
1971070918 1 148 1214 1002      15
1971071000 1 147 1194 1001      15
1971071006 1 157 1177  998      15
1971071012 2 156 1164  997      20
1971071018 2 151 1154  997      20
1971071100 2 152 1148  995      20
1971071106 3 156 1140  990      25
1971071112 3 159 1131  990      25
1971071118 3 161 1121  990      25
1971071200 3 167 1113  980      25
1971071206 3 169 1104  985      25
1971071212 2 174 1093  990      20
1971071218 2 179 1081  990      20
1971071300 2 184 1069  990      20
1971071306 2 186 1060  995      20
1971071312 2 187 1051  995      20
1971071318 1 189 1041  998      15
66666 0000   39 0018 7113 1 6 Jean                               20110729
1971070818 0  88 1418 1005      10
1971070900 0  91 1408 1005      10
1971070906 2  96 1400 1000      20
1971070912 2 100 1394 1000      20
1971070918 2 106 1386 1000      20
1971071000 2 111 1380 1000      20
1971071006 2 113 1372 1000      20
1971071012 2 113 1363 1000      20
1971071018 2 111 1352 1000      20
1971071100 2 105 1353 1000      20
1971071106 2  99 1359 1000      20
1971071112 2  95 1354  998      20
1971071118 3  92 1348  995      25
1971071200 3  90 1341  995      25
1971071206 3  89 1335  993      30
1971071212 3  90 1326  993      30
1971071218 3  94 1318  993      30
1971071300 3  97 1309  993      30
1971071306 4 101 1297  990      35
1971071312 4 106 1286  985      40
1971071318 4 108 1274  980      40
1971071400 6 114 1260  968      55
1971071406 4 119 1248  980      40
1971071412 4 125 1236  984      35
1971071418 4 126 1223  985      35
1971071500 4 135 1201  985      35
1971071506 4 135 1188  985      35
1971071512 4 143 1179  985      35
1971071518 4 145 1165  983      35
1971071600 4 147 1149  980      35
1971071606 5 150 1139  978      45
1971071612 6 156 1129  975      55
1971071618 5 164 1119  975      50
1971071700 4 170 1110  980      40
1971071706 3 180 1102  980      30
1971071712 3 186 1092  985      30
1971071718 2 190 1084  988      20
1971071800 2 196 1074  990      20
1971071806 2 202 1066  990      20
66666 0000   43 0019 7114 1 6 Lucy                               20110729
1971071306 0 110 1455 1005      10
1971071312 1 116 1444 1005      12
1971071318 1 123 1437 1005      12
1971071400 1 130 1430 1005      15
1971071406 1 136 1423 1005      15
1971071412 1 142 1415 1005      15
1971071418 1 150 1405 1005      15
1971071500 1 160 1395 1005      15
1971071506 1 167 1380 1005      15
1971071512 1 167 1365 1005      15
1971071518 1 161 1353 1003      15
1971071600 1 154 1344 1003      15
1971071606 1 149 1335 1001      15
1971071612 3 150 1324  987      25
1971071618 3 151 1320  985      25
1971071700 3 152 1315  980      30
1971071706 4 154 1311  975      35
1971071712 4 156 1304  970      35
1971071718 4 158 1296  960      40
1971071800 5 163 1288  950      45
1971071806 5 166 1283  935      50
1971071812 6 168 1278  920      60
1971071818 6 172 1272  915      60
1971071900 6 179 1264  913      60
1971071906 6 183 1255  912      60
1971071912 6 188 1247  920      60
1971071918 6 191 1239  928      60
1971072000 6 193 1231  935      60
1971072006 6 198 1223  937      55
1971072012 6 200 1211  940      55
1971072018 6 206 1199  945      55
1971072100 6 209 1185  945      55
1971072106 5 212 1176  955      50
1971072112 5 214 1166  955      50
1971072118 5 217 1160  960      45
1971072200 4 223 1152  965      40
1971072206 3 227 1139  970      30
1971072212 2 225 1124  980      20
1971072218 1 229 1102  985      12
1971072300 0 236 1083  988      10   12
1971072306 0 224 1079  989       9
1971072312 0 222 1062  990       9
1971072318 0 222 1048  990       9
66666 0000    6 0019 7114 0 6 Lucy(-)1                           20110729
1971072000 1 235 1198  997      12
1971072006 1 236 1199  992      15
1971072012 2 239 1200  990      20
1971072018 2 242 1201  990      20
1971072100 1 249 1205  992      15
1971072106 1 255 1208  995      15
66666 0000   23 0020 0000 1 6 Mary                               20110729
1971071600 0 254 1704 1010      10
1971071606 1 258 1692 1008      12
1971071612 1 263 1680 1006      12
1971071618 1 267 1672 1000      15
1971071700 2 271 1666 1000      20
1971071706 2 275 1661 1000      20
1971071712 2 281 1658 1000      20
1971071718 2 287 1655 1000      20
1971071800 2 292 1654 1000      20
1971071806 3 297 1651  994      25
1971071812 3 303 1645  978      30
1971071818 4 308 1639  973      35
1971071900 4 313 1634  975      35
1971071906 4 321 1630  975      35
1971071912 4 331 1620  975      35
1971071918 3 340 1611  975      30
1971072000 3 350 1607  980      25
1971072006 2 356 1610  985      20
1971072012 2 370 1616  987      20
1971072018 2 388 1622  990      20
1971072100 2 407 1630  992      20
1971072106 1 422 1648  995      15
1971072112 9 435 1669 1000      12
66666 0000   35 0021 7115 0 6 Nadine                             20110729
1971071900 0 113 1428 1007      10
1971071906 0 113 1423 1007      10
1971071912 0 116 1419 1006      10
1971071918 0 123 1417 1006      10
1971072000 1 131 1414 1006      15
1971072006 1 139 1412 1005      15
1971072012 2 145 1405 1001      20
1971072018 2 147 1395 1000      20
1971072100 3 152 1385  995      25
1971072106 3 156 1375  990      30
1971072112 4 158 1366  980      35
1971072118 4 159 1359  977      40
1971072200 4 162 1353  977      40
1971072206 5 165 1347  966      45
1971072212 5 169 1341  955      45
1971072218 5 173 1334  950      50
1971072300 6 177 1326  942      55
1971072306 6 181 1317  935      60
1971072312 6 184 1308  915      65
1971072318 6 187 1298  905      65
1971072400 6 192 1286  903      70
1971072406 6 196 1276  900      70
1971072412 6 201 1266  896      70
1971072418 6 205 1255  905      65
1971072500 6 211 1245  920      60
1971072506 6 220 1236  925      60
1971072512 6 224 1222  930      55
1971072518 5 228 1213  950      45
1971072600 4 233 1194  960      40
1971072606 3 244 1190  975      30
1971072612 1 250 1175  980      12   25
1971072618 0 254 1164  987      10   20
1971072700 0 262 1153  990      10   20
1971072706 0 274 1144  993      10   20
1971072712 0 290 1150  995      10   20
66666 0000   70 0022 7116 3 6 Olive                              20110729
1971072406 0 102 1532 1010       0
1971072412 0 110 1520 1010       0
1971072418 0 119 1513 1008       0
1971072500 0 129 1506 1008       0
1971072506 0 136 1496 1008       0
1971072512 0 139 1486 1008       0
1971072518 0 138 1476 1008       0
1971072600 0 135 1467 1006      10
1971072606 0 134 1458 1001      10
1971072612 1 135 1444 1001      12
1971072618 1 138 1430 1001      12
1971072700 1 143 1416 1001      12
1971072706 1 149 1405 1000      15
1971072712 1 156 1394 1000      15
1971072718 1 165 1386 1000      15
1971072800 1 176 1385 1000      15
1971072806 1 187 1392 1000      15
1971072812 1 200 1405 1000      15
1971072818 1 212 1418 1000      15
1971072900 1 222 1431 1000      15
1971072906 2 227 1442  998      20
1971072912 2 231 1443  996      20
1971072918 2 236 1432  992      20
1971073000 2 241 1423  991      20
1971073006 2 242 1414  990      20
1971073012 2 240 1406  987      20
1971073018 2 240 1399  987      20
1971073100 2 238 1391  985      20
1971073106 2 235 1384  979      20
1971073112 2 231 1378  976      20
1971073118 2 233 1373  976      20
1971080100 3 239 1371  974      25
1971080106 3 243 1365  970      30
1971080112 4 244 1358  967      35
1971080118 4 244 1353  966      35
1971080200 4 248 1345  964      35
1971080206 4 253 1335  960      35
1971080212 4 258 1335  957      35
1971080218 4 265 1333  957      35
1971080300 4 272 1328  948      40
1971080306 4 280 1320  945      40
1971080312 4 285 1310  943      40
1971080318 5 288 1306  937      45
1971080400 5 292 1303  936      45
1971080406 4 297 1299  940      40
1971080412 4 305 1297  945      35
1971080418 4 311 1300  947      35
1971080500 4 324 1302  955      35
1971080506 3 341 1302  972      25
1971080512 3 356 1306  976      25
1971080518 3 373 1310  976      25
1971080600 3 389 1316  976      25
1971080606 2 408 1329  980      20
1971080612 2 423 1345  985      20
1971080618 2 434 1366  990      20
1971080700 1 446 1388 1000      15
1971080706 1 453 1406 1000      15
1971080712 1 459 1431 1003      12
1971080718 1 462 1453 1004      12
1971080800 1 462 1483 1004      15
1971080806 1 461 1520 1004      15
1971080812 1 453 1560 1004      12
1971080818 1 446 1592 1004      12
1971080900 1 440 1615 1004      12
1971080906 1 430 1637 1004      12
1971080912 9 419 1655 1002       0
1971080918 9 416 1682 1002       0
1971081000 9 417 1700 1000       0
1971081006 9 423 1710 1000       0
1971081012 9 431 1715 1004       0
66666 0000   50 0023 7117 1 6 Polly                              20110729
1971080318 0 130 1466 1005      10
1971080400 0 127 1460 1004      10
1971080406 1 135 1465 1000      15
1971080412 1 141 1463 1000      15
1971080418 1 145 1456 1000      15
1971080500 1 155 1448 1000      15
1971080506 1 162 1440 1000      15
1971080512 1 162 1425 1000      15
1971080518 1 163 1410 1003      15
1971080600 1 166 1394 1003      15
1971080606 1 172 1380 1003      15
1971080612 1 178 1370 1000      15
1971080618 1 186 1362 1000      15
1971080700 1 193 1356 1000      15
1971080706 1 202 1350  997      15
1971080712 2 212 1342  995      20
1971080718 2 219 1330  995      20
1971080800 2 222 1316  995      20
1971080806 2 236 1313  992      20
1971080812 2 256 1301  992      20
1971080818 3 268 1282  986      25
1971080900 3 280 1269  986      25
1971080906 3 288 1256  980      25
1971080912 3 299 1245  980      25
1971080918 3 312 1239  985      25
1971081000 3 326 1238  985      25
1971081006 3 340 1241  985      25
1971081012 3 353 1250  985      25
1971081018 3 364 1260  985      25
1971081100 2 376 1278  995      20
1971081106 2 383 1300  995      20
1971081112 1 387 1318 1000      15
1971081118 1 390 1339 1002      12
1971081200 1 392 1359 1002      12
1971081206 1 394 1374 1002      12
1971081212 1 394 1386 1002      12
1971081218 1 395 1399 1002      12
1971081300 1 395 1411 1005      12
1971081306 1 394 1430 1002      12
1971081312 1 396 1450 1002      12
1971081318 0 398 1471 1003      10
1971081400 0 402 1495 1004      10
1971081406 0 410 1520 1004      10
1971081412 0 422 1550 1002      10
1971081418 0 440 1574 1002      10
1971081500 0 455 1600 1002      10
1971081506 0 471 1641 1000      10
1971081512 0 482 1682 1000      10
1971081518 0 500 1720 1006       0
1971081600 0 530 1775 1010       0
66666 0000   10 0024 0000 0 6 (nameless)                         20110729
1971080800 0 208 1260 1000      10
1971080806 1 210 1250 1000      12
1971080812 1 204 1243  998      12
1971080818 1 204 1247  998      12
1971080900 1 210 1245  998      12
1971080906 1 208 1234  995      12
1971080912 1 205 1221  998      12
1971080918 1 204 1210 1000      12
1971081000 1 205 1197 1000      12
1971081006 1 209 1188 1000      12
66666 0000   38 0025 7118 0 6 Rose                               20110729
1971080800 0 100 1520 1008      10
1971080806 0 103 1508 1008      10
1971080812 0 107 1494 1006      10
1971080818 0 112 1480 1006      10
1971080900 0 118 1466 1006      10
1971080906 0 123 1453 1005      10
1971080912 1 129 1440 1000      12
1971080918 1 137 1430 1000      12
1971081000 2 145 1422  995      20
1971081006 4 150 1413  995      35
1971081012 4 155 1404  995      35
1971081018 4 159 1395  995      35
1971081100 3 166 1383  998      30
1971081106 3 169 1369  999      25
1971081112 3 170 1354  998      25
1971081118 3 169 1338  997      25
1971081200 3 171 1321  996      30
1971081206 4 174 1310  995      40
1971081212 5 177 1294  990      45
1971081218 5 178 1280  988      45
1971081300 5 178 1264  985      50
1971081306 6 176 1251  978      60
1971081312 6 176 1235  980      55
1971081318 5 175 1221  985      50
1971081400 5 173 1206  985      45
1971081406 5 175 1196  985      45
1971081412 5 178 1183  982      45
1971081418 5 181 1172  980      45
1971081500 5 184 1163  980      45
1971081506 5 187 1154  975      50
1971081512 6 191 1149  959      60
1971081518 6 196 1146  962      60
1971081600 6 201 1143  970      55
1971081606 4 208 1141  975      40
1971081612 4 214 1139  975      40
1971081618 4 221 1137  975      40
1971081700 3 230 1135  988      30
1971081706 1 240 1131 1000      15
66666 0000   32 0026 0000 1 6 Shirley                            20110729
1971081018 0 246 1546 1006      10
1971081100 0 238 1534 1006      10
1971081106 0 234 1522 1006      10
1971081112 0 228 1510 1005      10
1971081118 0 223 1500 1005      10
1971081200 1 219 1489 1002      15
1971081206 1 217 1478 1002      15
1971081212 1 216 1465 1001      15
1971081218 3 214 1456  995      25
1971081300 3 216 1451  995      25
1971081306 4 226 1446  990      35
1971081312 4 229 1444  988      35
1971081318 4 236 1443  985      35
1971081400 4 243 1444  982      35
1971081406 4 248 1449  980      35
1971081412 4 252 1452  977      35
1971081418 4 260 1453  972      35
1971081500 4 270 1452  968      35
1971081506 4 280 1453  965      35
1971081512 4 289 1454  963      40
1971081518 4 300 1455  960      40
1971081600 5 312 1456  957      45
1971081606 5 327 1460  960      45
1971081612 9 346 1470  966      45
1971081618 9 365 1491  964      45
1971081700 9 389 1506  960      50
1971081706 9 417 1535  955      50
1971081712 9 443 1570  955       0
1971081718 9 465 1611  955       0
1971081800 9 494 1639  970       0
1971081806 9 519 1674  980       0
1971081812 9 535 1715  985       0
66666 0000   62 0027 7119 3 6 Trix                               20110729
1971081812 0 235 1510 1008      10
1971081818 0 229 1508 1006      10
1971081900 0 224 1508 1006      10
1971081906 1 221 1511 1004      15
1971081912 1 221 1514 1004      15
1971081918 1 221 1517 1004      15
1971082000 1 223 1520  998      15
1971082006 1 225 1523  996      15
1971082012 1 226 1526  994      15
1971082018 2 229 1527  994      20
1971082100 3 234 1526  990      25
1971082106 3 239 1522  986      25
1971082112 3 246 1520  982      30
1971082118 4 252 1519  977      35
1971082200 4 255 1514  972      35
1971082206 4 257 1510  969      35
1971082212 4 257 1509  968      35
1971082218 4 256 1508  967      35
1971082300 4 254 1504  965      35
1971082306 4 254 1499  962      40
1971082312 4 254 1491  962      40
1971082318 4 254 1482  962      40
1971082400 4 254 1473  961      40
1971082406 4 253 1463  961      40
1971082412 4 253 1457  961      40
1971082418 4 253 1451  961      40
1971082500 4 253 1443  961      40
1971082506 4 254 1435  962      40
1971082512 4 258 1428  962      40
1971082518 4 256 1419  962      40
1971082600 4 254 1410  962      40
1971082606 4 255 1402  963      35
1971082612 4 257 1395  965      35
1971082618 4 259 1384  965      35
1971082700 5 265 1372  960      45
1971082706 5 268 1359  960      45
1971082712 5 271 1346  956      45
1971082718 5 272 1335  955      45
1971082800 5 275 1324  954      45
1971082806 5 282 1318  942      45
1971082812 5 288 1311  934      45
1971082818 5 295 1304  921      45
1971082900 5 296 1301  915      45
1971082906 4 302 1303  915      40
1971082912 4 306 1306  920      40
1971082918 4 314 1311  940      40
1971083000 4 325 1316  955      35
1971083006 3 334 1324  965      30
1971083012 3 344 1338  970      30
1971083018 3 346 1351  978      30
1971083100 3 346 1369  982      30
1971083106 4 348 1392  982      35
1971083112 4 357 1414  982      35
1971083118 4 366 1436  982      35
1971090100 4 372 1455  982      35
1971090106 4 376 1475  982      35
1971090112 9 379 1494  985      30
1971090118 9 381 1514  988      30
1971090200 9 382 1536  988      30
1971090206 9 385 1561  988      30
1971090212 9 391 1594  988      30
1971090218 9 402 1631  988       0
66666 0000   25 0028 0000 1 6 (nameless)                         20110729
1971082312 1 251 1661 1004      12
1971082318 1 246 1660 1004      12
1971082400 1 247 1665 1000      12
1971082406 1 253 1663 1000      12
1971082412 1 259 1654 1000      12
1971082418 1 272 1652 1000      12
1971082500 1 288 1655  998      15
1971082506 1 293 1647  996      15
1971082512 1 298 1639  996      15
1971082518 1 309 1627  996      15
1971082600 1 324 1622  996      15
1971082606 1 337 1621  995      15
1971082612 2 350 1621  992      20
1971082618 2 361 1620  992      20
1971082700 2 370 1620  994      20
1971082706 2 375 1621  994      20
1971082712 2 379 1622  994      20
1971082718 2 384 1625  994      20
1971082800 2 387 1629  994      20
1971082806 2 392 1635  994      20
1971082812 2 397 1645  994      20
1971082818 2 401 1655  994      20
1971082900 9 408 1672  992      25
1971082906 9 414 1695  992      25
1971082912 9 419 1720  992      25
66666 0000   17 0029 0000 0 6 (nameless)                         20110729
1971082806 1 107 1125 1006      15
1971082812 1 116 1130 1006      15
1971082818 1 122 1138 1005      15
1971082900 1 128 1145 1004      15
1971082906 1 132 1156 1002      15
1971082912 1 141 1164 1002      15
1971082918 1 151 1160 1002      15
1971083000 1 158 1150 1002      15
1971083006 1 164 1136 1003      12
1971083012 1 166 1126 1003      12
1971083018 1 171 1118 1004      12
1971083100 1 176 1115 1004      12
1971083106 1 180 1108 1005      12
1971083112 0 176 1098 1005      10
1971083118 0 181 1083 1006      10
1971090100 0 193 1073 1007      10
1971090106 0 205 1069 1007      10
66666 0000   35 0030 7120 1 6 Virginia                           20110729
1971090112 0 180 1375 1010      10
1971090118 1 181 1382 1007      15
1971090200 2 186 1386 1002      20
1971090206 2 192 1386  998      20
1971090212 2 197 1383  998      20
1971090218 2 196 1390  998      20
1971090300 3 188 1387  995      25
1971090306 3 197 1381  993      30
1971090312 3 209 1380  993      30
1971090318 3 213 1376  993      30
1971090400 3 218 1373  993      30
1971090406 4 221 1371  980      35
1971090412 4 226 1370  965      40
1971090418 5 233 1368  960      45
1971090500 5 241 1365  954      50
1971090506 5 251 1364  960      45
1971090512 5 261 1364  970      45
1971090518 4 271 1363  970      40
1971090600 4 278 1362  964      40
1971090606 4 283 1366  964      40
1971090612 4 289 1370  964      40
1971090618 4 299 1372  970      35
1971090700 4 312 1377  976      35
1971090706 3 326 1385  976      30
1971090712 3 341 1396  976      30
1971090718 3 356 1415  980      30
1971090800 9 372 1439  980      25
1971090806 9 389 1469  980      20
1971090812 9 404 1500  980       0
1971090818 9 429 1540  985       0
1971090900 9 450 1574  992       0
1971090906 9 472 1597  992       0
1971090912 9 488 1625  995       0
1971090918 9 494 1684  995       0
1971091000 9 495 1735 1000       0
66666 0000   38 0031 7121 1 6 Wendy                              20110729
1971090412 0 195 1671 1004      10
1971090418 1 196 1666 1000      15
1971090500 2 197 1664  990      20
1971090506 3 200 1663  983      25
1971090512 3 205 1661  980      30
1971090518 4 207 1658  972      40
1971090600 4 209 1653  972      40
1971090606 6 213 1645  950      60
1971090612 6 214 1636  930      65
1971090618 6 216 1628  925      65
1971090700 6 215 1622  923      65
1971090706 6 215 1613  920      70
1971090712 6 215 1605  915      70
1971090718 6 213 1601  917      70
1971090800 6 214 1598  920      65
1971090806 6 215 1597  935      60
1971090812 6 216 1596  940      60
1971090818 6 218 1596  940      60
1971090900 5 224 1595  950      50
1971090906 5 234 1591  950      50
1971090912 6 241 1582  940      55
1971090918 6 248 1575  936      55
1971091000 6 256 1565  936      55
1971091006 6 265 1555  930      55
1971091012 6 271 1539  922      60
1971091018 6 277 1525  930      55
1971091100 5 281 1511  935      50
1971091106 5 288 1501  940      50
1971091112 5 296 1494  945      45
1971091118 5 303 1485  950      45
1971091200 5 319 1476  952      45
1971091206 5 338 1472  952      45
1971091212 4 354 1473  954      40
1971091218 4 381 1479  960      35
1971091300 4 408 1488  960      35
1971091306 3 436 1506  970      30
1971091312 3 466 1532  975      30
1971091318 3 485 1572  985      25
66666 0000   47 0032 7122 0 6 Agnes                              20110729
1971090806 1 178 1273 1001      12
1971090812 0 192 1274 1005      10
1971090818 0 204 1268 1005      10
1971090900 0 209 1267 1005      10
1971090906 0 213 1269 1003      10
1971090912 0 217 1272 1003      10
1971090918 0 220 1275 1003      10
1971091000 1 222 1280 1002      12
1971091006 1 221 1285 1002      15
1971091012 1 216 1289 1002      12
1971091018 1 214 1294 1002      12
1971091100 1 211 1299 1002      12
1971091106 0 210 1304 1000      10
1971091112 0 210 1310 1000      10
1971091118 0 211 1317 1000      10
1971091200 0 210 1324 1000      10
1971091206 0 206 1323  998      10
1971091212 0 202 1322  998      10
1971091218 1 200 1320  998      12
1971091300 1 198 1317  998      12
1971091306 1 197 1314  998      15
1971091312 1 196 1309  998      15
1971091318 1 194 1302  998      15
1971091400 1 192 1294  998      15
1971091406 1 189 1286  998      15
1971091412 1 186 1281  998      15
1971091418 1 184 1274  998      15
1971091500 2 183 1268  997      20
1971091506 2 184 1264  997      20
1971091512 2 187 1261  997      20
1971091518 2 192 1259  997      20
1971091600 2 194 1257  992      20
1971091606 3 194 1255  991      25
1971091612 3 197 1250  990      30
1971091618 3 205 1249  989      30
1971091700 3 212 1251  987      30
1971091706 3 217 1252  982      30
1971091712 3 223 1246  982      30
1971091718 4 226 1240  980      35
1971091800 4 230 1234  980      35
1971091806 4 236 1227  976      40
1971091812 4 237 1216  976      40
1971091818 4 239 1208  980      35
1971091900 3 243 1200  985      30
1971091906 3 247 1192  990      25
1971091912 0 246 1180  998      10
1971091918 0 244 1178 1001       9
66666 0000   13 0033 0000 0 6 (nameless)                         20110729
1971091200 0 170 1580 1002       0
1971091206 0 175 1586 1002       0
1971091212 0 181 1592 1002       0
1971091218 0 186 1598 1002       0
1971091300 0 190 1603 1002       0
1971091306 0 196 1608 1002       0
1971091312 0 202 1612 1002      10
1971091318 0 211 1611 1002      10
1971091400 1 219 1607 1000      12
1971091406 1 229 1601 1000      12
1971091412 1 240 1590 1000      12
1971091418 0 249 1583 1002      10
1971091500 0 260 1576 1004      10
66666 0000   19 0034 0000 1 6 (nameless)                         20110729
1971091300 0 250 1620 1004       0
1971091306 0 258 1612 1004      10
1971091312 1 264 1600 1002      12
1971091318 1 266 1586 1002      12
1971091400 1 269 1570 1000      12
1971091406 1 271 1549 1000      12
1971091412 1 278 1527  998      12
1971091418 1 288 1510  996      15
1971091500 1 300 1495  996      15
1971091506 1 314 1487  996      15
1971091512 1 324 1486  996      15
1971091518 1 332 1489  996      15
1971091600 9 340 1496  998      15
1971091606 9 358 1529 1000       0
1971091612 9 373 1563 1004       0
1971091618 9 380 1599 1008       0
1971091700 9 387 1634 1012       0
1971091706 9 392 1676 1012       0
1971091712 9 399 1715 1012       0
66666 0000   40 0035 7123 3 6 Bess                               20110729
1971091700 1 165 1508  990      15
1971091706 3 170 1495  979      25
1971091712 3 171 1489  979      25
1971091718 3 175 1481  979      25
1971091800 3 180 1471  979      30
1971091806 4 186 1459  974      35
1971091812 5 190 1442  965      45
1971091818 5 196 1423  950      50
1971091900 6 200 1411  925      55
1971091906 6 195 1396  918      60
1971091912 6 196 1379  915      60
1971091918 6 208 1364  914      60
1971092000 6 211 1347  910      60
1971092006 6 214 1335  905      65
1971092012 6 216 1322  908      65
1971092018 6 219 1309  911      65
1971092100 6 223 1298  918      55
1971092106 6 226 1286  922      55
1971092112 6 229 1273  926      55
1971092118 5 232 1262  930      50
1971092200 5 235 1252  940      50
1971092206 5 239 1239  940      50
1971092212 5 245 1224  940      50
1971092218 4 249 1213  950      40
1971092300 4 254 1202  950      40
1971092306 4 263 1195  970      35
1971092312 2 276 1185  990      20   25
1971092318 2 295 1179  993      20   25
1971092400 2 308 1181  995      20   25
1971092406 2 323 1194  995      20   25
1971092412 9 338 1200  996      20
1971092418 9 354 1220  996      20
1971092500 9 366 1248  996      20
1971092506 9 374 1266  996      15
1971092512 9 386 1290  999      15
1971092518 9 392 1304 1000      15
1971092600 9 398 1319 1002      15
1971092606 9 403 1334 1002      12
1971092612 9 410 1347 1002      12
1971092618 9 415 1362 1002      12
66666 0000   21 0036 7124 3 6 Carmen                             20110729
1971092218 0 150 1440 1006      10
1971092300 0 152 1430 1006      10
1971092306 2 156 1419 1000      20
1971092312 2 162 1408 1000      20
1971092318 2 168 1397 1000      20
1971092400 2 176 1386 1000      20
1971092406 2 184 1375 1000      20
1971092412 1 195 1364 1004      15
1971092418 1 207 1351 1004      15
1971092500 1 219 1340 1004      15
1971092506 1 234 1330 1004      15
1971092512 1 253 1324 1004      15
1971092518 2 286 1330  999      20
1971092600 3 316 1343  995      25
1971092606 3 341 1363  995      25
1971092612 3 360 1395  995      25
1971092618 2 374 1427  998      20
1971092700 9 380 1460  992       0
1971092706 9 375 1507  995       0
1971092712 9 366 1553  998       0
1971092718 9 364 1560 1000       0
66666 0000   28 0037 7125 1 6 Della                              20110729
1971092400 0 121 1299 1006      10
1971092406 0 126 1294 1005      10
1971092412 0 131 1288 1004      10
1971092418 0 134 1284 1004      10
1971092500 1 137 1279 1003      12
1971092506 1 139 1274 1002      12
1971092512 1 142 1268 1002      15
1971092518 1 146 1262 1002      15
1971092600 1 151 1254 1000      15
1971092606 1 156 1248 1000      12
1971092612 1 162 1240 1000      12
1971092618 1 168 1232 1000      12
1971092700 1 172 1222 1000      12
1971092706 2 170 1212 1000      20
1971092712 2 173 1200  998      20
1971092718 2 183 1186  995      20
1971092800 3 188 1172  995      30
1971092806 4 190 1158  990      35
1971092812 4 190 1145  987      35
1971092818 4 191 1134  981      35
1971092900 4 192 1122  970      35
1971092906 4 192 1110  970      35
1971092912 2 187 1098  985      20
1971092918 1 184 1087  993      15
1971093000 1 183 1075  995      15
1971093006 1 182 1064  995      15
1971093012 0 180 1048  998      10
1971093018 0 180 1032 1000      10
66666 0000   20 0038 0000 2 6 (nameless)                         20110729
1971092512 0 168 1159 1007       0
1971092518 0 166 1155 1007       0
1971092600 0 160 1156 1007      10
1971092606 0 158 1162 1006      10
1971092612 0 152 1167 1006      10
1971092618 0 146 1162 1006      10
1971092700 0 140 1150 1006      10
1971092706 0 135 1139 1005      10
1971092712 0 128 1130 1005      10
1971092718 0 120 1124 1004      10
1971092800 1 116 1125 1003      12
1971092806 1 118 1128 1002      15
1971092812 1 123 1128 1002      15
1971092818 1 127 1123 1002      15
1971092900 1 132 1119 1002      15
1971092906 1 138 1118 1001      15
1971092912 1 143 1115 1001      15
1971092918 1 147 1113 1001      15
1971093000 1 151 1109 1001      15
1971093006 1 159 1099 1001      15
66666 0000   35 0039 7126 1 6 Elaine                             20110729
1971100100 0  58 1342 1006       0
1971100106 0  66 1330 1005       0
1971100112 0  75 1320 1005      10
1971100118 0  85 1311 1005      10
1971100200 1  95 1305 1003      12
1971100206 1 101 1301 1000      15
1971100212 1 106 1295 1000      15
1971100218 1 111 1288 1000      15
1971100300 1 116 1278 1000      15
1971100306 1 121 1262  995      15
1971100312 2 126 1246  993      20
1971100318 3 129 1235  988      25
1971100400 3 131 1222  986      25
1971100406 3 130 1209  985      25
1971100412 4 137 1198  982      35
1971100418 4 149 1190  980      40
1971100500 4 148 1174  978      40
1971100506 4 145 1167  976      40
1971100512 5 143 1165  975      45
1971100518 5 146 1163  970      45
1971100600 5 150 1159  970      50
1971100606 6 150 1163  968      60
1971100612 6 154 1158  960      60
1971100618 6 161 1155  964      60
1971100700 6 164 1153  964      60
1971100706 5 167 1151  965      50
1971100712 5 171 1146  966      50
1971100718 5 173 1132  967      45
1971100800 5 174 1120  970      45
1971100806 5 178 1110  970      45
1971100812 5 181 1100  975      45
1971100818 3 182 1092  982      30
1971100900 2 182 1084  985      20
1971100906 2 181 1075  988      20
1971100912 2 180 1062  990      20
66666 0000   26 0040 7127,7128 0 6 Faye(Gloria)                  20110729
1971100418 3 130 1561  992      30
1971100500 4 128 1552  992      35
1971100506 4 135 1524  992      35
1971100512 4 140 1510  992      35
1971100518 4 144 1496  992      40
1971100600 4 148 1472  992      40
1971100606 3 155 1445  994      30
1971100612 3 161 1425  996      30
1971100618 2 160 1406  996      20
1971100700 2 161 1387  996      20
1971100706 1 159 1371  996      15
1971100712 1 153 1358  998      15
1971100718 1 146 1345  998      15
1971100800 1 138 1333 1000      15
1971100806 2 133 1321  994      20
1971100812 2 133 1308  994      20
1971100818 2 134 1297  994      20
1971100900 3 134 1284  992      30
1971100906 3 136 1274  990      30
1971100912 3 144 1266  990      30
1971100918 3 152 1257  990      30
1971101000 3 161 1249  988      25
1971101006 2 170 1239  988      20
1971101012 2 170 1228  988      20
1971101018 1 175 1217  992      15
1971101100 0 182 1213  998      10
66666 0000   18 0040 7127,7128 0 6 Faye(Gloria)(-)1               20110729
1971101012 1 155 1204  990      15
1971101018 2 153 1193  984      20
1971101100 3 154 1185  982      30
1971101106 4 151 1187  982      35
1971101112 4 145 1192  985      35
1971101118 4 142 1198  985      35
1971101200 4 140 1200  985      35
1971101206 4 138 1199  988      35
1971101212 3 146 1213  990      25
1971101218 3 149 1220  990      25
1971101300 3 153 1227  990      25
1971101306 3 161 1238  990      25
1971101312 3 170 1247  990      25
1971101318 3 176 1251  990      25
1971101400 3 179 1252  990      25
1971101406 3 183 1250  995      25
1971101412 2 176 1243  998      20
1971101418 1 167 1242 1000      15
66666 0000   11 0041 0000 0 6 (nameless)                         20110729
1971100506 0 180 1340 1005      10
1971100512 0 190 1328 1005      10
1971100518 0 210 1326 1005      10
1971100600 0 225 1325 1004      10
1971100606 0 234 1323 1002      10
1971100612 0 240 1319 1004      10
1971100618 0 247 1321 1005      10
1971100700 1 254 1325 1005      12
1971100706 1 260 1330 1005      12
1971100712 9 268 1336 1007      25
1971100718 9 276 1344 1007      20
66666 0000    8 0042 0000 2 6 (nameless)                         20110729
1971100700 0  93 1410 1003       0
1971100706 1  98 1400 1002      12
1971100712 1 103 1389 1002      15
1971100718 1  98 1382 1002      15
1971100800 1  96 1374 1002      15
1971100806 1  98 1366 1001      15
1971100812 1 106 1360 1001      15
1971100818 1 115 1350 1001      15
66666 0000   29 0043 0000 1 6 (nameless)                         20110729
1971101006 1 190 1320  998      15
1971101012 1 190 1300  998      15
1971101018 1 190 1285  998      15
1971101100 2 190 1270  995      20
1971101106 3 193 1263  992      25
1971101112 3 198 1260  992      25
1971101118 3 202 1262  988      30
1971101200 3 208 1266  990      30
1971101206 3 215 1271  990      30
1971101212 3 225 1280  990      30
1971101218 3 237 1288  995      30
1971101300 9 252 1295 1000      30
1971101306 9 264 1304 1000      30
1971101312 9 274 1315 1005      30
1971101318 9 285 1328 1005      30
1971101400 9 295 1338 1005      30
1971101406 9 304 1350 1005      30
1971101412 9 314 1370 1005      25
1971101418 9 323 1395 1005      25
1971101500 9 334 1423 1005      25
1971101506 9 346 1464 1000      20
1971101512 9 359 1510 1000      20
1971101518 9 374 1550 1000      20
1971101600 9 384 1590 1000      20
1971101606 9 393 1630 1000       0
1971101612 9 400 1670 1002       0
1971101618 9 406 1709 1002       0
1971101700 9 408 1745 1004       0
1971101706 9 410 1783 1004       0
66666 0000   22 0044 7129 1 6 Hester                             20110729
1971101812 0 112 1318 1006      10
1971101818 0 106 1314 1006      10
1971101900 0  98 1311 1006      10
1971101906 1  95 1304 1003      12
1971101912 1  93 1297 1000      15
1971101918 1  92 1285 1000      15
1971102000 2  93 1270  992      20
1971102006 2  96 1257  990      20
1971102012 2 100 1238  994      20
1971102018 2 100 1226  991      20
1971102100 4  98 1212  989      35
1971102106 4 102 1199  983      40
1971102112 4 111 1184  985      40
1971102118 4 117 1169  980      40
1971102200 4 122 1155  975      40
1971102206 4 130 1138  975      40
1971102212 4 138 1118  972      40
1971102218 4 143 1104  967      40
1971102300 4 148 1095  973      40
1971102306 4 156 1084  975      35
1971102312 3 163 1074  985      30
1971102318 2 169 1058  995      20
66666 0000   19 0045 0000 0 6 (nameless)                         20110729
1971110400 0  90 1630 1006      10
1971110406 0 100 1613 1006      10
1971110412 1 108 1604 1004      12
1971110418 1 111 1600 1004      12
1971110500 1 114 1596 1004      15
1971110506 1 117 1593 1004      15
1971110512 1 123 1586 1004      15
1971110518 1 130 1579 1004      12
1971110600 1 139 1575 1004      12
1971110606 0 143 1577 1002      10
1971110612 0 146 1580 1002      10
1971110618 0 151 1582 1002      10
1971110700 0 160 1581 1002      10
1971110706 0 172 1578 1004      10
1971110712 0 185 1573 1004      10
1971110718 0 196 1571 1005      10
1971110800 0 210 1570 1006      10
1971110806 0 223 1570 1008      10
1971110812 0 236 1570 1010      10
66666 0000   13 0046 0000 0 6 (nameless)                         20110729
1971110500 1 228 1719 1008      12
1971110506 1 232 1698 1006      12
1971110512 1 236 1678 1006      12
1971110518 1 238 1659 1006      12
1971110600 1 242 1639 1006      12
1971110606 1 245 1624 1006      12
1971110612 1 250 1608 1006      12
1971110618 1 255 1594 1006      12
1971110700 0 260 1588 1006      10
1971110706 0 269 1591 1006      10
1971110712 0 280 1600 1006      10
1971110718 0 294 1606 1006      10
1971110800 0 308 1610 1006      10
66666 0000   38 0047 7130 1 6 Irma                               20110729
1971110800 1  70 1426 1005      12
1971110806 1  73 1429 1001      15
1971110812 1  74 1427 1000      15
1971110818 2  74 1421 1000      20
1971110900 3  83 1416  995      30
1971110906 3  79 1413  990      30
1971110912 3  86 1414  983      30
1971110918 3  94 1408  983      30
1971111000 3 101 1402  983      30
1971111006 3 113 1394  983      30
1971111012 4 122 1383  981      35
1971111018 4 131 1369  975      35
1971111100 4 138 1358  965      40
1971111106 5 145 1341  940      45
1971111112 5 150 1329  910      50
1971111118 6 160 1315  884      65
1971111200 6 169 1302  890      65
1971111206 6 178 1292  893      65
1971111212 6 186 1284  895      65
1971111218 6 194 1279  905      65
1971111300 6 200 1275  920      60
1971111306 6 209 1271  925      55
1971111312 6 216 1269  938      55
1971111318 6 223 1268  944      55
1971111400 6 234 1272  950      55
1971111406 6 245 1277  951      55
1971111412 5 256 1285  960      50
1971111418 5 266 1296  960      50
1971111500 5 276 1320  965      50
1971111506 5 291 1346  965      50
1971111512 5 309 1381  967      45
1971111518 4 316 1410  970      40
1971111600 4 318 1455  980      35
1971111606 3 319 1514  985      30
1971111612 9 321 1571  994      20
1971111618 9 316 1626  998      15
1971111700 9 310 1678 1000      15
1971111706 9 312 1744 1002      15
66666 0000   19 0048 0000 0 6 Judy                               20110729
1971111500 1  55 1075 1004      12
1971111506 1  54 1081 1002      15
1971111512 2  54 1084 1000      20
1971111518 2  54 1092 1000      20
1971111600 2  53 1101 1000      20
1971111606 2  51 1104 1000      20
1971111612 1  49 1106 1004      15
1971111618 1  46 1109 1004      15
1971111700 1  43 1112 1006      12
1971111706 1  38 1113 1006      12
1971111712 1  34 1113 1006      12
1971111718 1  33 1109 1006      12
1971111800 1  34 1105 1006      15
1971111806 1  36 1103 1006      15
1971111812 1  38 1100 1006      15
1971111818 1  41 1098 1006      15
1971111900 1  44 1095 1006      15
1971111906 1  46 1092 1006      15
1971111912 1  48 1088 1010      12
66666 0000   19 0049 0000 0 6 (nameless)                         20110729
1971112000 0  62 1115 1010      10
1971112006 0  59 1113 1010      10
1971112012 1  56 1110 1008      12
1971112018 1  54 1106 1008      12
1971112100 1  53 1103 1008      12
1971112106 1  55 1098 1008      12
1971112112 1  61 1097 1006      15
1971112118 1  67 1099 1006      15
1971112200 1  71 1103 1006      15
1971112206 1  76 1106 1006      15
1971112212 1  79 1109 1006      15
1971112218 1  83 1112 1006      15
1971112300 1  87 1114 1006      12
1971112306 1  90 1115 1006      12
1971112312 1  94 1114 1006      12
1971112318 0  96 1113 1008      10
1971112400 0  97 1110 1008      10
1971112406 0  94 1106 1008      10
1971112412 0  91 1105 1008      10
66666 0000   14 0050 0000 0 6 (nameless)                         20110729
1971112700 1 110 1138 1003      12
1971112706 1 112 1132 1002      15
1971112712 1 104 1127 1002      15
1971112718 1 104 1131 1004      12
1971112800 1 107 1132 1004      12
1971112806 1 109 1132 1004      12
1971112812 0 110 1128 1005      10
1971112818 0 109 1124 1005      10
1971112900 0 111 1120 1005      10
1971112906 0 110 1116 1007      10
1971112912 0 107 1114 1007      10
1971112918 0 104 1112 1007      10
1971113000 0 102 1110 1007      10
1971113006 0  98 1106 1007      10
66666 0000    9 0051 0000 0 6 (nameless)                         20110729
1971122718 0 103 1303 1007      10
1971122800 1 109 1291 1007      12
1971122806 0 116 1281 1007      10
1971122812 0 121 1269 1007      10
1971122818 0 125 1255 1007      10
1971122900 0 128 1242 1005      10
1971122906 0 135 1224 1005      10
1971122912 0 147 1213 1008      10
1971122918 0 159 1211 1009      10
