66666 0000   26 0001 0000 0 6 Ivy                                20110729
1960012806 1  63 1349 1003      12
1960012812 1  64 1340 1002      12
1960012818 1  65 1331 1002      12
1960012900 1  65 1323 1002      12
1960012906 1  65 1316 1002      12
1960012912 1  68 1308 1002      12
1960012918 1  73 1304 1002      12
1960013000 1  80 1303 1002      12
1960013006 1  85 1302 1000      15
1960013012 1  90 1300 1000      15
1960013018 1  94 1296 1000      15
1960013100 1  97 1292 1000      15
1960013106 1  99 1285 1000      15
1960013112 1 102 1278 1000      15
1960013118 1 108 1276 1000      15
1960020100 1 113 1278 1000      15
1960020106 1 115 1284 1000      15
1960020112 1 118 1292 1000      15
1960020118 1 119 1301 1000      15
1960020200 1 121 1310 1002      15
1960020206 1 127 1322 1002      15
1960020212 1 135 1338 1002      15
1960020218 1 140 1366 1004      12
1960020300 1 140 1400 1006      12
1960020306 0 147 1437 1008       0
1960020312 0 160 1472 1010       0
66666 0000   16 0002 0000 0 6 Jean                               20110729
1960030700 1  76 1475 1004      12
1960030706 1  76 1467 1004      12
1960030712 1  75 1460 1004      12
1960030718 1  73 1453 1004      12
1960030800 1  71 1446 1004      12
1960030806 1  70 1438 1000      12
1960030812 1  69 1432 1001      12
1960030818 1  68 1424 1002      12
1960030900 0  70 1416 1004       0
1960030906 0  74 1410 1004       0
1960030912 0  77 1407 1004       0
1960030918 0  80 1404 1004       0
1960031000 0  82 1399 1004       0
1960031006 0  83 1395 1004       0
1960031012 0  83 1391 1004       0
1960031018 0  83 1384 1006       0
66666 0000   24 0003 0000 0 6 Karen                              20110729
1960042106 1  90 1272 1002      12
1960042112 1  90 1260 1004      12
1960042118 1  91 1248 1004      12
1960042200 1  96 1236 1004      12
1960042206 1 104 1231 1004      12
1960042212 1 108 1225 1004      12
1960042218 1 110 1215 1004      12
1960042300 1 115 1208 1004      12
1960042306 1 120 1205 1004      12
1960042312 1 126 1204 1004      12
1960042318 2 133 1200  998      20
1960042400 1 139 1192  998      15
1960042406 3 145 1184  996      30
1960042412 3 154 1184  995      30
1960042418 3 161 1186  994      30
1960042500 4 169 1188  992      40
1960042506 4 178 1192  990      40
1960042512 3 189 1200  995      30
1960042518 2 202 1208  998      20
1960042600 1 212 1212 1000      15
1960042606 1 219 1220 1002      12
1960042612 1 222 1225 1002      12
1960042618 1 225 1230 1002      12
1960042700 0 228 1236 1004      10
66666 0000   37 0004 0000 1 6 Lucille                            20110729
1960052606 0 129 1271 1004       0
1960052612 1 125 1258 1004      15
1960052618 1 125 1240 1004      15
1960052700 1 130 1220 1004      15
1960052706 1 145 1200 1004      15
1960052712 1 158 1202 1004      15
1960052718 1 169 1211 1004      15
1960052800 1 174 1220 1003      15
1960052806 1 178 1230 1002      15
1960052812 1 179 1237 1002      15
1960052818 1 180 1245 1002      15
1960052900 1 181 1253 1002      15
1960052906 1 182 1260 1000      15
1960052912 1 182 1268 1000      15
1960052918 2 183 1280  995      20
1960053000 2 186 1295  995      20
1960053006 2 195 1310  995      20
1960053012 3 207 1322  990      30
1960053018 4 216 1336  985      35
1960053100 4 225 1350  985      35
1960053106 4 235 1370  986      35
1960053112 4 245 1388  986      35
1960053118 9 260 1405  986      35
1960060100 9 275 1429  986      35
1960060106 9 290 1450  986      35
1960060112 9 306 1470  986      35
1960060118 9 320 1492  990      30
1960060200 9 330 1530  994      20
1960060206 9 335 1575 1002      15
1960060212 9 336 1608 1002      15
1960060218 9 337 1629 1002      15
1960060300 9 336 1650 1002      15
1960060306 9 336 1675 1002      15
1960060312 9 338 1700 1002      15
1960060318 9 341 1725 1002      15
1960060400 9 347 1755 1002      15
1960060406 9 358 1790 1004      12
66666 0000   42 0005 6002 1 6 Nadine                             20110729
1960060118 0 120 1365 1004       0
1960060200 0 120 1350 1004       0
1960060206 0 120 1340 1004       0
1960060212 0 121 1330 1004       0
1960060218 0 123 1319 1004       0
1960060300 0 129 1309 1004       0
1960060306 1 138 1298 1000      15
1960060312 1 150 1290 1000      15
1960060318 1 157 1286 1000      15
1960060400 1 165 1284 1000      15
1960060406 2 171 1283 1000      20
1960060412 2 176 1283  995      20
1960060418 2 180 1283  995      20
1960060500 3 183 1283  990      25
1960060506 4 190 1285  985      35
1960060512 4 198 1288  985      35
1960060518 4 205 1291  985      35
1960060600 4 214 1294  985      35
1960060606 4 221 1296  985      35
1960060612 4 225 1298  985      35
1960060618 4 230 1301  985      35
1960060700 4 236 1306  985      35
1960060706 4 240 1310  985      35
1960060712 4 245 1313  985      35
1960060718 4 250 1318  985      35
1960060800 4 258 1325  985      35
1960060806 4 265 1334  985      35
1960060812 4 274 1343  985      35
1960060818 3 284 1355  990      30
1960060900 3 294 1370  990      30
1960060906 3 302 1387  990      25
1960060912 3 308 1403  990      25
1960060918 3 318 1432  990      25
1960061000 3 329 1463  990      25
1960061006 3 340 1495  990      25
1960061012 3 350 1530  990      25
1960061018 2 361 1562  990      20
1960061100 2 367 1589  990      20
1960061106 9 370 1620  990      20
1960061112 9 373 1664  990      20
1960061118 9 377 1698  992      20
1960061200 9 393 1749  992      20
66666 0000   63 0006 6001 1 6 Mary                               20110729
1960060206 0 178 1154 1002       9
1960060212 1 174 1165 1002      12
1960060218 1 164 1169 1000      15
1960060300 1 156 1167 1000      15
1960060306 2 153 1160  999      20
1960060312 2 154 1153  996      20
1960060318 3 155 1146  994      25
1960060400 3 156 1136  990      30
1960060406 3 158 1130  990      30
1960060412 4 159 1123  985      35
1960060418 4 161 1119  980      40
1960060500 4 163 1117  980      40
1960060506 5 166 1116  970      45
1960060512 5 169 1117  970      45
1960060518 5 170 1119  970      45
1960060600 5 173 1123  970      45
1960060606 5 177 1126  970      45
1960060612 5 180 1129  970      45
1960060618 5 185 1132  970      45
1960060700 5 190 1133  970      45
1960060706 4 195 1133  970      40
1960060712 4 200 1133  970      40
1960060718 4 205 1133  970      40
1960060800 4 210 1133  970      40
1960060806 4 215 1134  970      40
1960060812 4 219 1137  970      35
1960060818 4 223 1140  970      35
1960060900 4 228 1145  976      35
1960060906 3 235 1150  982      25   35
1960060912 1 242 1156  988      12   35
1960060918 0 255 1175  988      10   25
1960061000 3 264 1193  988      25
1960061006 3 277 1213  984      25
1960061012 3 290 1235  984      30
1960061018 3 299 1270  980      30
1960061100 3 299 1300  980      30
1960061106 3 299 1315  980      30
1960061112 3 296 1335  986      25
1960061118 3 293 1350  988      25
1960061200 9 290 1360  994      20
1960061206 9 280 1380 1000      20
1960061212 9 271 1393 1002      20
1960061218 9 266 1404 1004      15
1960061300 9 261 1417 1008      15
1960061306 9 263 1427 1008      15
1960061312 9 266 1435 1008      15
1960061318 9 270 1442 1008      15
1960061400 9 275 1448 1010      12
1960061406 9 281 1451 1010      12
1960061412 9 287 1455 1010      12
1960061418 9 293 1461 1010      12
1960061500 9 304 1475 1012      12
1960061506 9 323 1495 1012      12
1960061512 9 344 1529 1012      12
1960061518 9 357 1570 1010      12
1960061600 9 370 1610 1010      12
1960061606 9 386 1644 1008      12
1960061612 9 405 1675 1002      12
1960061618 9 430 1700 1002      12
1960061700 9 440 1730  996       0
1960061706 9 440 1750  998       0
1960061712 9 440 1770 1000       0
1960061718 9 442 1780 1000       0
66666 0000   41 0007 6003 0 6 Olive                              20110729
1960062106 0  75 1370 1004       0
1960062112 0  76 1380 1004       0
1960062118 0  80 1385 1004       0
1960062200 0  85 1390 1004       0
1960062206 0  94 1392 1004       0
1960062212 0 100 1384 1004       0
1960062218 0 103 1370 1004       0
1960062300 0 105 1360 1004       0
1960062306 1 107 1350 1002      15
1960062312 1 111 1340 1002      15
1960062318 1 114 1330 1002      15
1960062400 1 118 1320 1002      15
1960062406 2 123 1310 1000      20
1960062412 3 126 1300  995      25
1960062418 4 130 1290  970      40
1960062500 6 133 1279  950      55
1960062506 6 134 1264  950      60
1960062512 6 135 1250  950      60
1960062518 5 137 1238  955      50
1960062600 5 143 1223  960      45
1960062606 5 145 1217  960      45
1960062612 4 146 1213  960      40
1960062618 4 149 1210  970      40
1960062700 4 152 1204  980      35
1960062706 3 156 1196  990      30
1960062712 3 160 1190  990      30
1960062718 3 173 1181  990      30
1960062800 3 185 1173  990      30
1960062806 4 193 1166  985      35
1960062812 4 196 1160  985      35
1960062818 4 199 1153  985      35
1960062900 4 201 1145  980      40
1960062906 4 203 1132  980      40
1960062912 4 208 1122  980      35
1960062918 3 213 1111  980      30
1960063000 3 214 1096  985      30
1960063006 3 214 1085  988      30
1960063012 3 213 1075  992      25
1960063018 2 210 1060  992      20
1960070100 1 205 1045  996      15
1960070106 1 200 1030  998      15
66666 0000   19 0008 6004 0 6 (nameless)                         20110729
1960062218 0 127 1150 1006       0
1960062300 0 126 1142 1006       0
1960062306 0 123 1129 1003       0
1960062312 0 121 1119 1003       0
1960062318 0 120 1110 1002       0
1960062400 0 125 1106 1002       0
1960062406 0 128 1108 1002       0
1960062412 0 132 1111 1002       0
1960062418 0 137 1113 1002       0
1960062500 0 143 1113 1000       9   12
1960062506 0 149 1109 1000       9   12
1960062512 0 153 1103 1000       9   12
1960062518 1 160 1097 1000      12
1960062600 0 165 1093 1000      10   12
1960062606 0 171 1089 1000       9   12
1960062612 0 175 1086 1000       9   12
1960062618 0 180 1082 1000       0
1960062700 0 188 1078 1002       0
1960062706 0 197 1073 1002       0
66666 0000   61 0009 6005 3 6 Polly                              20110729
1960071700 0 165 1292 1008      10
1960071706 1 170 1285 1005      15
1960071712 1 175 1277 1002      15
1960071718 1 180 1271  998      15
1960071800 2 184 1269  996      20
1960071806 4 187 1267  990      35
1960071812 4 190 1265  985      40
1960071818 4 193 1264  985      40
1960071900 4 197 1264  980      40
1960071906 5 200 1263  975      45
1960071912 5 203 1263  975      45
1960071918 5 206 1265  975      45
1960072000 5 208 1268  975      45
1960072006 5 210 1270  965      50
1960072012 6 213 1274  955      55
1960072018 6 216 1277  955      55
1960072100 6 222 1278  960      65
1960072106 6 226 1278  950      70
1960072112 6 229 1277  952      70
1960072118 6 232 1276  955      65
1960072200 6 234 1275  955      65
1960072206 5 236 1274  965      50
1960072212 5 237 1271  970      45
1960072218 4 236 1270  963      40
1960072300 4 235 1269  964      40
1960072306 4 233 1269  964      40
1960072312 4 231 1269  968      40
1960072318 4 233 1273  974      35
1960072400 3 238 1272  977      30
1960072406 3 241 1271  978      30
1960072412 3 242 1269  980      30
1960072418 3 244 1267  983      30
1960072500 4 247 1266  980      35
1960072506 4 250 1263  980      35
1960072512 4 252 1260  979      40
1960072518 4 255 1258  979      40
1960072600 4 260 1256  979      40
1960072606 4 266 1255  979      40
1960072612 4 274 1252  979      40
1960072618 4 281 1250  979      40
1960072700 4 286 1249  975      40
1960072706 4 296 1246  975      40
1960072712 4 307 1239  975      35
1960072718 4 321 1225  975      35
1960072800 4 340 1221  980      35
1960072806 4 355 1220  980      35
1960072812 3 372 1212  983      30
1960072818 3 387 1205  990      25
1960072900 2 400 1207  997      20
1960072906 0 417 1211 1001      10   15
1960072912 9 436 1220 1003       9
1960072918 9 458 1250 1001       9
1960073000 9 470 1295 1000       9
1960073006 9 478 1330  998       9
1960073012 9 475 1355  998       9
1960073018 9 465 1380  995      10
1960073100 9 465 1400  994      10
1960073106 9 470 1420  994      10
1960073112 9 475 1445  996      10
1960073118 9 480 1470  996       0
1960080100 9 485 1502  998       0
66666 0000   29 0010 0000 1 6 Rose                               20110729
1960072412 1 220 1540 1006      12
1960072418 1 223 1528 1004      12
1960072500 1 225 1520 1004      12
1960072506 1 229 1510 1004      12
1960072512 1 234 1500 1000      15
1960072518 1 244 1489 1000      15
1960072600 1 257 1480 1000      15
1960072606 2 271 1471 1000      20
1960072612 2 290 1466 1000      20
1960072618 2 309 1462 1000      20
1960072700 2 323 1458 1000      20
1960072706 1 333 1457 1000      15
1960072712 1 340 1458 1000      15
1960072718 1 346 1460 1000      15
1960072800 1 355 1465 1000      15
1960072806 1 364 1478 1000      15
1960072812 1 372 1500 1000      15
1960072818 1 379 1521 1000      15
1960072900 1 388 1540 1000      15
1960072906 9 400 1552 1000      20
1960072912 9 414 1562  996      20
1960072918 9 430 1575  992      20
1960073000 9 440 1588  990      25
1960073006 9 450 1594  990      25
1960073012 9 470 1600  990      25
1960073018 9 490 1630  996      20
1960073100 9 510 1680  996      20
1960073106 9 520 1750  996      15
1960073112 9 530 1800  998      15
66666 0000   39 0011 6007 0 6 Shirley                            20110729
1960072718 0 127 1340 1006       0
1960072800 0 137 1309 1006       0
1960072806 0 149 1296 1004       0
1960072812 0 161 1286 1004       0
1960072818 0 170 1280 1004       0
1960072900 0 178 1274 1002       0
1960072906 1 186 1270 1000      15
1960072912 2 196 1264  998      20
1960072918 3 207 1260  990      25
1960073000 3 214 1255  985      30
1960073006 4 218 1250  970      40
1960073012 6 221 1245  920      65
1960073018 6 229 1239  920      65
1960073100 6 236 1234  910      70
1960073106 6 243 1228  910      70
1960073112 6 246 1220  930      60
1960073118 5 249 1213  950      50
1960080100 5 251 1206  960      45
1960080106 4 257 1202  970      40
1960080112 4 264 1199  980      35
1960080118 3 271 1196  985      30
1960080200 0 287 1191  993      10   25
1960080206 0 304 1183  994      10   20
1960080212 0 312 1178  995      10   20
1960080218 0 318 1177  995      10   20
1960080300 0 324 1178  995      10   20
1960080306 0 332 1181  995       9   15
1960080312 0 336 1189  995       9   15
1960080318 1 340 1197  995      15
1960080400 1 345 1207  992      15
1960080406 1 350 1210  992      15
1960080412 1 355 1210  993      15
1960080418 2 358 1207  993      20
1960080500 1 364 1202  993      15   30
1960080506 1 367 1198  996      15   30
1960080512 1 370 1195  998      12   20
1960080518 0 374 1188  999       9   20
1960080600 0 380 1183 1002       9   20
1960080606 0 385 1180 1003       9
66666 0000   21 0012 6006 0 6 (nameless)                         20110729
1960072906 0 145 1145 1000       9   12
1960072912 0 144 1135 1000       9   12
1960072918 0 144 1126 1000      10   15
1960073000 0 146 1118 1000      10   15
1960073006 0 150 1114 1000       9   12
1960073012 0 158 1114 1000       9   12
1960073018 0 165 1115 1000       9   12
1960073100 1 173 1116  998      12
1960073106 1 179 1118  998      12
1960073112 1 185 1120  998      12
1960073118 1 190 1123  998      12
1960080100 1 194 1127  998      12
1960080106 1 198 1129  998      12
1960080112 1 202 1129  995      15
1960080118 1 205 1128  995      15
1960080200 1 208 1126  995      15
1960080206 1 211 1123  995      15
1960080212 1 214 1120  995      12
1960080218 0 218 1115  998      10
1960080300 0 223 1106 1002       9
1960080306 0 230 1102 1003       9
66666 0000   48 0013 6008 0 6 Trix                               20110729
1960080206 0 106 1378 1006       0
1960080212 0 108 1370 1006       0
1960080218 0 110 1360 1006       0
1960080300 0 116 1354 1006       0
1960080306 0 122 1352 1004       0
1960080312 0 129 1353 1004       0
1960080318 0 135 1354 1004       0
1960080400 1 142 1355 1002      15
1960080406 2 150 1355  998      20
1960080412 3 156 1352  994      25
1960080418 3 161 1349  987      25
1960080500 3 166 1345  985      25
1960080506 3 172 1342  985      25
1960080512 3 179 1338  980      30
1960080518 4 188 1333  970      40
1960080600 5 198 1329  965      50
1960080606 6 208 1324  941      60
1960080612 6 219 1313  932      65
1960080618 6 230 1302  929      65
1960080700 6 241 1288  930      65
1960080706 6 249 1268  930      65
1960080712 6 253 1252  935      60
1960080718 6 253 1236  945      55
1960080800 5 252 1220  965      50
1960080806 5 250 1203  965      50
1960080812 5 249 1192  970      45
1960080818 4 243 1185  975      35
1960080900 2 239 1175  985      20
1960080906 2 240 1166  985      20
1960080912 0 240 1157  985       9   15
1960080918 0 239 1147  990       9
1960081000 0 238 1142  992       9
1960081006 0 235 1136  992       9
1960081012 0 234 1131  992       9
1960081018 0 231 1125  993       9
1960081100 0 229 1119  993       9
1960081106 0 223 1110  993       9
1960081112 0 220 1105  993       9
1960081118 0 217 1100  994       9
1960081200 0 216 1095  994       9
1960081206 0 214 1090  994       9
1960081212 0 212 1085  994      10
1960081218 1 210 1080  994      12
1960081300 1 208 1076  994      15
1960081306 1 205 1070  996      12
1960081312 1 201 1060  996      12
1960081318 0 199 1051  999       9
1960081400 0 198 1040 1000       9
66666 0000   12 0013 6008 0 6 Trix(-)1                           20110729
1960080800 3 221 1217  980      30
1960080806 3 227 1219  980      30
1960080812 3 234 1221  980      30
1960080818 3 239 1221  985      25
1960080900 2 245 1218  990      20
1960080906 1 251 1215  992      15
1960080912 1 255 1215  995      12
1960080918 1 257 1218  995      12
1960081000 1 260 1220  998      12
1960081006 1 265 1212  998      12
1960081012 0 265 1201 1000      10
1960081018 0 265 1188 1000       9
66666 0000   11 0014 6009 0 6 (nameless)                         20110729
1960080506 0 180 1190 1000       0
1960080512 0 175 1184 1000      10
1960080518 0 168 1175  999      10
1960080600 0 161 1172  998      10
1960080606 0 162 1179  998      10
1960080612 0 170 1180  997      10
1960080618 0 173 1176  997      10
1960080700 1 172 1171  997      12
1960080706 0 170 1160  998      10
1960080712 0 168 1145  999       0
1960080718 0 176 1120 1000       0
66666 0000   13 0015 0000 0 6 (nameless)                         20110729
1960080600 0 204 1528 1006       0
1960080606 1 214 1522 1004      12
1960080612 1 220 1516 1004      15
1960080618 1 225 1509 1004      15
1960080700 2 230 1500 1004      20
1960080706 2 238 1487 1002      20
1960080712 3 250 1473 1000      25
1960080718 3 260 1461 1000      25
1960080800 2 270 1435 1000      20
1960080806 2 270 1410 1000      20
1960080812 1 270 1382 1004      15
1960080818 0 270 1360 1004      10
1960080900 0 275 1340 1004       0
66666 0000   25 0016 6010 0 6 Virginia                           20110729
1960080700 0 175 1400 1006       0
1960080706 0 180 1399 1004       0
1960080712 1 185 1396 1002      12
1960080718 1 188 1396 1000      15
1960080800 2 192 1398 1000      20
1960080806 2 195 1403 1000      20
1960080812 2 200 1409  998      20
1960080818 3 207 1414  997      25
1960080900 4 216 1417  985      35
1960080906 4 230 1416  985      35
1960080912 4 250 1410  985      40
1960080918 4 270 1398  985      40
1960081000 4 289 1380  983      40
1960081006 5 308 1367  980      45
1960081012 5 323 1353  980      45
1960081018 5 332 1341  980      45
1960081100 3 342 1338  990      30
1960081106 3 354 1338  994      25
1960081112 3 369 1347  996      25
1960081118 3 383 1365  996      25
1960081200 9 400 1398  996      25
1960081206 9 420 1450  996      20
1960081212 9 430 1485 1000      15
1960081218 9 432 1538 1000      12
1960081300 9 425 1586 1000      12
66666 0000   24 0017 6011 0 6 Wendy                              20110729
1960081000 0 225 1360 1002      10
1960081006 1 229 1369 1000      15
1960081012 3 237 1375  996      25
1960081018 3 247 1374  996      25
1960081100 3 257 1371  996      30
1960081106 3 268 1360  996      30
1960081112 3 279 1349  996      30
1960081118 4 293 1343  994      35
1960081200 4 310 1341  994      35
1960081206 4 327 1340  990      35
1960081212 3 342 1346  998      25
1960081218 2 357 1353 1002      20
1960081300 9 375 1378 1004      15
1960081306 9 388 1410 1006      15
1960081312 9 400 1450 1006      15
1960081318 9 404 1489 1006      15
1960081400 9 410 1520 1000      15
1960081406 9 416 1550 1000      15
1960081412 9 420 1590 1002      15
1960081418 9 420 1652 1004      15
1960081500 9 429 1720 1004      15
1960081506 9 432 1740 1004      15
1960081512 9 439 1760 1004      15
1960081518 9 442 1781 1006      10
66666 0000   24 0018 6012 0 6 Agnes                              20110729
1960081000 0 200 1277 1000       0
1960081006 0 202 1290 1000       0
1960081012 1 204 1300 1000      12
1960081018 1 206 1305 1000      12
1960081100 1 207 1307 1000      12
1960081106 1 208 1310  998      12
1960081112 1 210 1312  998      12
1960081118 1 212 1314  998      12
1960081200 2 213 1315  998      20
1960081206 3 215 1317  995      25
1960081212 3 222 1319  995      25
1960081218 3 227 1309  995      25
1960081300 3 230 1293  995      25
1960081306 3 233 1286  995      25
1960081312 3 240 1265  995      25
1960081318 3 247 1245  994      25
1960081400 3 248 1230  994      25
1960081406 3 246 1218  994      25
1960081412 2 239 1201  994      20
1960081418 2 231 1194  994      20
1960081500 2 228 1180  994      20
1960081506 1 228 1167  996      12
1960081512 0 229 1150  996       9
1960081518 0 234 1135  996       9
66666 0000   13 0019 6013 0 6 (nameless)                         20110729
1960081306 1 204 1167 1000      12
1960081312 1 200 1170 1000      12
1960081318 1 197 1173  999      12
1960081400 1 195 1179  999      12
1960081406 1 195 1185  999      15
1960081412 1 196 1190  999      15
1960081418 1 198 1194  996      15
1960081500 1 203 1203  996      15
1960081506 1 210 1212  996      12
1960081512 1 216 1209  998      12
1960081518 1 215 1200  998      12
1960081600 1 215 1190  999      12
1960081606 0 220 1175 1000       0
66666 0000   10 0020 0000 0 6 (nameless)                         20110729
1960081312 0 207 1435 1008       0
1960081318 0 210 1430 1006       0
1960081400 1 212 1424 1004      12
1960081406 1 214 1418 1004      12
1960081412 1 217 1412 1002      12
1960081418 1 222 1407 1002      12
1960081500 1 228 1403 1000      12
1960081506 0 233 1396 1000       0
1960081512 0 235 1387 1002       0
1960081518 0 235 1375 1003       0
66666 0000   60 0021 6015 3 6 Bess                               20110729
1960081318 0 200 1430 1004      10
1960081400 0 205 1422 1004      10
1960081406 0 210 1416 1004      10
1960081412 0 217 1411 1004      10
1960081418 1 225 1410 1000      12
1960081500 1 230 1415 1000      12
1960081506 1 233 1422 1000      15
1960081512 1 233 1428 1000      15
1960081518 2 233 1435  995      20
1960081600 3 233 1440  990      25
1960081606 3 233 1446  990      25
1960081612 3 233 1453  990      25
1960081618 3 236 1459  990      25
1960081700 3 240 1460  990      25
1960081706 3 243 1458  990      30
1960081712 3 248 1452  988      30
1960081718 3 254 1444  985      30
1960081800 3 261 1433  985      30
1960081806 3 267 1422  985      30
1960081812 4 271 1415  985      35
1960081818 4 273 1412  983      35
1960081900 4 282 1406  983      35
1960081906 4 296 1400  983      35
1960081912 4 309 1394  980      35
1960081918 4 319 1392  980      35
1960082000 4 328 1393  980      35
1960082006 4 334 1400  980      35
1960082012 4 347 1411  980      35
1960082018 4 359 1424  978      35
1960082100 4 368 1435  980      35
1960082106 4 370 1453  980      35
1960082112 4 365 1470  980      35
1960082118 4 362 1485  980      35
1960082200 4 359 1505  980      35
1960082206 4 358 1523  980      35
1960082212 4 357 1536  980      35
1960082218 3 355 1541  980      30
1960082300 3 350 1542  980      30
1960082306 3 349 1535  980      30
1960082312 3 350 1529  980      30
1960082318 3 352 1522  980      30
1960082400 3 355 1511  980      30
1960082406 3 358 1500  986      25
1960082412 3 362 1493  986      25
1960082418 3 366 1480  986      25
1960082500 3 370 1471  986      25
1960082506 3 378 1462  986      25
1960082512 3 391 1455  986      25
1960082518 3 405 1455  986      25
1960082600 3 420 1463  990      25
1960082606 9 440 1475  995      20
1960082612 9 470 1500  995      20
1960082618 9 485 1530  996      15
1960082700 9 505 1565  998      12
1960082706 9 518 1598  998      12
1960082712 9 526 1625  998      12
1960082718 9 539 1658  998      12
1960082800 9 550 1680  998      12
1960082806 9 557 1710  998      12
1960082812 9 560 1740  998      12
66666 0000   46 0022 6014 0 6 Carmen                             20110729
1960081406 1 225 1260  997      12
1960081412 1 221 1265  997      12
1960081418 1 220 1270  997      12
1960081500 1 220 1275  997      12
1960081506 1 222 1283  995      15
1960081512 1 227 1283  995      15
1960081518 2 228 1276  992      20
1960081600 2 225 1270  992      20
1960081606 2 226 1267  990      20
1960081612 2 228 1265  990      20
1960081618 3 230 1267  985      25
1960081700 3 232 1270  985      25
1960081706 3 235 1272  980      30
1960081712 4 239 1273  975      35
1960081718 4 245 1274  975      35
1960081800 4 247 1271  975      35
1960081806 4 245 1269  975      35
1960081812 4 240 1270  975      40
1960081818 4 238 1275  975      40
1960081900 4 240 1280  975      40
1960081906 4 242 1279  975      40
1960081912 4 242 1282  975      40
1960081918 4 244 1284  975      40
1960082000 4 246 1286  975      40
1960082006 4 253 1287  975      40
1960082012 4 256 1284  980      35
1960082018 4 255 1280  980      35
1960082100 4 257 1273  982      35
1960082106 4 265 1267  982      35
1960082112 4 274 1258  982      35
1960082118 4 282 1250  982      35
1960082200 4 292 1245  982      35
1960082206 3 309 1243  985      30
1960082212 3 326 1245  985      30
1960082218 3 343 1250  985      30
1960082300 3 370 1262  985      25
1960082306 3 397 1288  985      25
1960082312 2 440 1313  985      20
1960082318 1 470 1320  980      15
1960082400 9 496 1321  980      12
1960082406 9 510 1330  982      12
1960082412 9 520 1340  988      12
1960082418 9 530 1350  994      12
1960082500 9 540 1360  998      12
1960082506 9 540 1400 1003      12
1960082512 9 540 1430 1006      12
66666 0000   61 0023 6017 1 6 Della                              20110729
1960081700 1 130 1558 1008      15
1960081706 2 135 1553 1004      20
1960081712 2 136 1549 1004      20
1960081718 2 136 1545 1004      20
1960081800 2 137 1542 1004      20
1960081806 2 137 1537 1004      20
1960081812 2 139 1526 1002      20
1960081818 2 142 1515 1000      20
1960081900 2 146 1500 1000      20
1960081906 3 150 1490  998      25
1960081912 3 155 1478  998      25
1960081918 3 159 1469  998      25
1960082000 3 166 1458  998      25
1960082006 3 175 1448  998      25
1960082012 3 183 1443  998      25
1960082018 3 192 1437  998      25
1960082100 3 195 1427  998      25
1960082106 3 196 1418  998      25
1960082112 3 198 1410  998      25
1960082118 3 200 1400  998      25
1960082200 3 205 1391  998      25
1960082206 3 212 1384  995      25
1960082212 3 215 1378  990      30
1960082218 4 216 1373  985      35
1960082300 4 217 1369  985      35
1960082306 4 217 1365  979      40
1960082312 4 215 1362  977      40
1960082318 4 212 1363  977      40
1960082400 4 215 1366  977      40
1960082406 4 216 1367  976      40
1960082412 4 219 1367  974      40
1960082418 4 219 1368  974      40
1960082500 5 220 1370  973      45
1960082506 5 221 1371  973      45
1960082512 5 224 1374  973      45
1960082518 5 229 1373  973      45
1960082600 5 233 1368  973      45
1960082606 5 241 1363  971      50
1960082612 5 249 1363  970      50
1960082618 5 253 1361  969      50
1960082700 5 255 1353  968      50
1960082706 5 264 1348  969      45
1960082712 5 272 1344  970      45
1960082718 5 278 1342  970      45
1960082800 4 285 1339  970      40
1960082806 4 293 1332  970      40
1960082812 4 301 1329  970      40
1960082818 4 311 1329  968      40
1960082900 4 320 1331  967      40
1960082906 4 338 1335  969      40
1960082912 4 364 1342  980      35
1960082918 4 390 1352  980      35
1960083000 4 415 1365  980      35
1960083006 4 435 1380  980      35
1960083012 4 455 1396  982      35
1960083018 9 475 1413  986      30
1960083100 9 500 1438  988      25
1960083106 9 518 1440  988       0
1960083112 9 528 1440  988       0
1960083118 9 540 1440  988       0
1960090100 9 550 1440  984       0
66666 0000   37 0024 6016 0 6 Elaine                             20110729
1960081718 0 215 1170  998       9   15
1960081800 0 209 1163  998       9   15
1960081806 0 206 1154  995      10   15
1960081812 0 210 1145  994      10   15
1960081818 0 205 1140  992      10   15
1960081900 1 200 1140  992      15
1960081906 1 195 1145  992      15
1960081912 2 195 1153  990      20
1960081918 2 195 1162  990      20
1960082000 3 196 1170  985      25
1960082006 3 198 1174  985      25
1960082012 3 200 1178  985      25
1960082018 3 202 1182  985      25
1960082100 3 203 1185  985      25
1960082106 3 204 1190  980      30
1960082112 4 205 1194  978      35
1960082118 4 205 1198  975      40
1960082200 4 211 1211  975      40
1960082206 4 218 1215  980      40
1960082212 4 224 1216  985      35
1960082218 3 233 1215  985      30
1960082300 3 243 1218  990      25
1960082306 3 234 1220  990      25
1960082312 3 229 1211  990      25
1960082318 2 231 1204  995      20
1960082400 2 235 1200  995      20
1960082406 2 235 1192  995      20
1960082412 2 235 1185  995      20
1960082418 2 235 1177  995      20
1960082500 0 232 1169  998      10
1960082506 0 232 1161  999      10
1960082512 0 233 1157  999       9   10
1960082518 0 233 1152  999       9   12
1960082600 0 234 1147 1000       9   15
1960082606 0 240 1138 1000       9   15
1960082612 0 250 1138 1001       9   15
1960082618 0 260 1145 1002       9   10
66666 0000   51 0025 6018 3 6 Faye                               20110729
1960082112 0 100 1590 1008       0
1960082118 0 115 1583 1008       0
1960082200 0 130 1576 1008       0
1960082206 1 147 1569 1006      12
1960082212 1 166 1565 1006      12
1960082218 1 185 1571 1006      12
1960082300 1 198 1575 1006      15
1960082306 3 215 1581 1004      25
1960082312 3 221 1583 1004      25
1960082318 3 228 1587 1004      25
1960082400 3 234 1590  998      25
1960082406 3 240 1593  998      25
1960082412 3 247 1596  996      25
1960082418 3 252 1598  996      25
1960082500 3 254 1598  993      25
1960082506 3 255 1597  991      30
1960082512 3 256 1595  988      30
1960082518 3 257 1593  986      30
1960082600 4 255 1586  982      35
1960082606 4 251 1573  978      35
1960082612 5 241 1565  972      45
1960082618 5 235 1555  966      50
1960082700 6 231 1540  960      55
1960082706 6 229 1525  954      60
1960082712 6 228 1512  957      60
1960082718 6 227 1498  960      60
1960082800 6 227 1485  955      65
1960082806 6 228 1467  946      70
1960082812 6 232 1453  950      65
1960082818 6 240 1440  954      60
1960082900 6 250 1430  958      60
1960082906 6 262 1420  959      60
1960082912 6 271 1413  960      60
1960082918 6 282 1404  964      55
1960083000 5 296 1405  965      50
1960083006 4 313 1409  970      40
1960083012 4 332 1411  980      35
1960083018 3 351 1421  990      30
1960083100 3 367 1434  996      25
1960083106 2 380 1455  996      20
1960083112 2 390 1480  996      20
1960083118 9 395 1500 1000      15
1960090100 9 400 1520 1002      12
1960090106 9 402 1531 1004      12
1960090112 9 405 1541 1006      12
1960090118 9 407 1551 1006      12
1960090200 9 410 1570 1006      12
1960090206 9 410 1580 1006      12
1960090212 9 400 1600 1006      12
1960090218 9 390 1610 1004      12
1960090300 9 380 1620 1004      12
66666 0000   27 0026 6019 0 6 (nameless)                         20110729
1960082918 0 108 1373 1005       0
1960083000 0 115 1373 1005       0
1960083006 0 122 1368 1005       0
1960083012 1 122 1360 1005      12
1960083018 1 121 1352 1005      12
1960083100 1 120 1345 1005      15
1960083106 1 120 1332 1005      15
1960083112 1 121 1318 1002      15
1960083118 2 123 1302 1002      20
1960090100 2 125 1289  998      20
1960090106 2 127 1271  998      20
1960090112 2 135 1256  995      20
1960090118 2 149 1244  995      20
1960090200 1 160 1220 1000      15
1960090206 1 160 1200 1000      15
1960090212 1 155 1180 1000      15
1960090218 1 152 1163 1000      15
1960090300 1 153 1150 1000      15
1960090306 1 155 1135 1000      15
1960090312 1 158 1122 1000      12
1960090318 1 160 1110 1000      12
1960090400 0 162 1100 1000      10
1960090406 0 164 1090 1000       0
1960090412 0 170 1081 1000       0
1960090418 0 177 1072 1001       0
1960090500 0 188 1063 1001       0
1960090506 0 196 1054 1002       0
66666 0000   10 0027 0000 0 6 Gloria                             20110729
1960083100 0 250 1242 1008       0
1960083106 0 256 1247 1008       0
1960083112 0 263 1255 1008       0
1960083118 0 275 1269 1008       0
1960090100 0 287 1282 1008       0
1960090106 1 302 1293 1008      15
1960090112 1 315 1299 1008      15
1960090118 0 326 1303 1010       0
1960090200 0 344 1311 1013       0
1960090206 0 356 1319 1013       0
66666 0000   25 0028 0000 0 6 Hester                             20110729
1960090400 0 147 1480 1008       0
1960090406 1 153 1477 1006      15
1960090412 1 158 1472 1006      15
1960090418 1 163 1467 1004      15
1960090500 2 168 1460 1002      20
1960090506 2 174 1454 1002      20
1960090512 2 180 1452 1002      20
1960090518 2 187 1453 1002      20
1960090600 1 194 1454 1006      15
1960090606 1 201 1456 1006      15
1960090612 1 208 1458 1006      15
1960090618 1 214 1461 1008      15
1960090700 1 218 1465 1008      15
1960090706 1 223 1468 1006      15
1960090712 1 227 1468 1006      15
1960090718 1 228 1463 1006      15
1960090800 2 228 1456 1000      20
1960090806 2 229 1449  998      20
1960090812 2 231 1443  998      20
1960090818 2 233 1437  998      20
1960090900 2 234 1430 1000      20
1960090906 2 234 1418 1000      20
1960090912 1 233 1405 1004      15
1960090918 0 233 1392 1010       0
1960091000 0 241 1381 1012       0
66666 0000   52 0029 6020 1 6 Irma                               20110729
1960090818 0  93 1525 1006       0
1960090900 0  95 1515 1006       0
1960090906 0  98 1500 1006       0
1960090912 0  99 1480 1006       0
1960090918 0 104 1457 1006       0
1960091000 0 110 1443 1006       0
1960091006 0 116 1434 1006       0
1960091012 0 121 1429 1006       0
1960091018 0 125 1423 1006       0
1960091100 0 130 1418 1006       0
1960091106 0 136 1411 1006       0
1960091112 1 138 1404 1004      15
1960091118 1 139 1394 1004      15
1960091200 1 138 1385 1002      15
1960091206 1 137 1379 1002      15
1960091212 1 137 1373 1002      15
1960091218 1 137 1368 1002      15
1960091300 1 138 1360 1002      15
1960091306 1 138 1354 1002      15
1960091312 1 138 1345 1002      15
1960091318 1 139 1336 1002      15
1960091400 1 141 1327 1002      15
1960091406 1 144 1318 1000      15
1960091412 1 149 1306 1000      15
1960091418 2 156 1294 1000      20
1960091500 2 165 1285 1000      20
1960091506 2 172 1275 1000      20
1960091512 2 181 1266 1000      20
1960091518 1 186 1258 1000      15
1960091600 1 190 1250 1000      15
1960091606 1 195 1242 1000      15
1960091612 1 201 1238 1000      15
1960091618 1 210 1233 1000      15
1960091700 1 222 1230 1000      15
1960091706 1 240 1229 1002      15
1960091712 1 265 1229 1004      15
1960091718 9 290 1239 1004      20
1960091800 9 310 1256 1006      20
1960091806 9 326 1274 1006      15
1960091812 9 340 1286 1006      15
1960091818 9 355 1304 1006      15
1960091900 9 372 1334 1006      15
1960091906 9 391 1370 1004      15
1960091912 9 410 1420 1000      15
1960091918 9 419 1460  998      15
1960092000 9 425 1491  994       0
1960092006 9 433 1530  990       0
1960092012 9 441 1560  988       0
1960092018 9 448 1589  988       0
1960092100 9 450 1620  990       0
1960092106 9 452 1650  990       0
1960092112 9 453 1690  990       0
66666 0000   18 0030 6021 0 6 (nameless)                         20110729
1960091518 0 140 1190 1002       0
1960091600 0 147 1193 1000       0
1960091606 1 154 1194  998      12
1960091612 1 158 1195 1000      15
1960091618 1 164 1196 1000      15
1960091700 1 168 1195 1000      15
1960091706 1 170 1190  998      15
1960091712 1 171 1181  998      15
1960091718 1 171 1170  998      15
1960091800 2 171 1160  998      20
1960091806 2 171 1150  998      20
1960091812 2 172 1138 1000      20
1960091818 2 173 1126 1000      20
1960091900 2 172 1117 1000      20
1960091906 1 170 1110 1000      15
1960091912 0 170 1100 1004       0
1960091918 0 172 1090 1004       0
1960092000 0 172 1080 1005       0
66666 0000   21 0031 6022 0 6 (nameless)                         20110729
1960092212 0 183 1161 1005       0
1960092218 0 180 1152 1005       0
1960092300 0 176 1144 1005       0
1960092306 0 170 1140 1005       0
1960092312 0 163 1143 1005       0
1960092318 0 166 1150 1005       0
1960092400 0 172 1154 1005       0
1960092406 0 178 1156 1005       0
1960092412 0 183 1154 1005       0
1960092418 0 186 1150 1005       0
1960092500 0 187 1145 1005       0
1960092506 1 187 1140 1003      12
1960092512 1 187 1132 1000      12
1960092518 1 188 1124 1000      12
1960092600 1 188 1115  998      12
1960092606 1 192 1102 1000      12
1960092612 0 198 1091 1000      10
1960092618 0 204 1085 1002      10
1960092700 1 210 1080 1002      12
1960092706 0 215 1067 1003      10
1960092712 0 211 1051 1003       0
66666 0000   35 0032 0000 2 6 Judy                               20110729
1960092318 0 220 1530 1010       0
1960092400 1 218 1520 1010      15
1960092406 1 217 1510 1008      15
1960092412 1 218 1503 1008      15
1960092418 1 220 1498 1006      15
1960092500 1 225 1493 1006      15
1960092506 1 229 1491 1006      15
1960092512 1 235 1491 1006      15
1960092518 1 239 1492 1006      15
1960092600 1 245 1494 1006      15
1960092606 1 250 1495 1006      15
1960092612 1 255 1500 1006      15
1960092618 1 249 1501 1008      15
1960092700 1 249 1493 1008      15
1960092706 1 250 1482 1008      15
1960092712 1 254 1472 1008      15
1960092718 1 261 1464 1008      15
1960092800 1 270 1460 1008      15
1960092806 1 280 1460 1006      15
1960092812 1 290 1459 1006      15
1960092818 1 299 1460 1004      15
1960092900 1 308 1462 1004      15
1960092906 1 316 1467 1004      15
1960092912 1 323 1470 1002      15
1960092918 3 331 1474  990      25
1960093000 4 338 1475  980      40
1960093006 4 342 1472  980      40
1960093012 4 346 1470  980      40
1960093018 9 355 1470  980      35
1960100100 9 365 1470  985      30
1960100106 9 380 1474  990      25
1960100112 9 403 1487  995      20
1960100118 9 425 1508  995       0
1960100200 9 442 1534  995       0
1960100206 9 470 1580  995       0
66666 0000   14 0033 6023 0 6 (nameless)                         20110729
1960092818 0 130 1170 1006      10
1960092900 0 129 1166 1006      10
1960092906 0 128 1162 1005      10
1960092912 0 126 1156 1004      10
1960092918 1 120 1153 1000      15
1960093000 1 116 1150 1000      15
1960093006 2 114 1144 1000      20
1960093012 2 115 1134  992      20
1960093018 3 122 1120  992      25
1960100100 2 125 1107  996      20
1960100106 1 125 1095  996      15
1960100112 1 124 1082  998      12
1960100118 0 124 1070 1002      10
1960100200 0 124 1059 1004       9
66666 0000   59 0034 6024 0 6 Kit                                20110729
1960092906 0 100 1420 1006       0
1960092912 0 105 1416 1006       0
1960092918 0 109 1413 1006       0
1960093000 0 113 1409 1006       0
1960093006 0 116 1406 1006       0
1960093012 0 120 1403 1005       0
1960093018 1 124 1401 1004      12
1960100100 1 127 1397 1004      12
1960100106 1 130 1393 1004      12
1960100112 1 133 1390 1004      12
1960100118 1 135 1386 1002      15
1960100200 1 137 1382 1002      15
1960100206 1 141 1375 1002      15
1960100212 1 142 1367 1002      15
1960100218 1 143 1358 1002      15
1960100300 1 144 1350 1002      15
1960100306 1 143 1340 1002      15
1960100312 1 142 1330 1002      15
1960100318 1 141 1318 1002      15
1960100400 1 139 1303 1002      15
1960100406 3 136 1292  996      25
1960100412 3 134 1286  996      25
1960100418 3 130 1281  995      30
1960100500 4 127 1275  991      35
1960100506 4 129 1268  991      35
1960100512 4 130 1263  989      35
1960100518 4 129 1258  980      40
1960100600 5 128 1253  968      45
1960100606 5 129 1243  960      50
1960100612 5 129 1235  965      45
1960100618 4 130 1226  969      40
1960100700 4 130 1217  973      40
1960100706 4 132 1210  978      35
1960100712 4 135 1203  983      35
1960100718 4 136 1197  988      35
1960100800 4 139 1190  993      35
1960100806 4 144 1186  993      35
1960100812 4 152 1182  994      35
1960100818 4 160 1174  988      40
1960100900 4 168 1165  984      40
1960100906 5 174 1157  979      45
1960100912 5 176 1150  976      45
1960100918 5 177 1143  975      45
1960101000 5 182 1139  974      45
1960101006 5 188 1138  975      45
1960101012 5 193 1133  975      45
1960101018 4 197 1129  975      40
1960101100 4 198 1120  980      40
1960101106 4 197 1113  980      35
1960101112 4 194 1106  980      35
1960101118 3 192 1100  990      25
1960101200 2 189 1095  992      20
1960101206 1 188 1090  994      15
1960101212 1 187 1084  995      15
1960101218 1 186 1076  995      15
1960101300 1 189 1068 1000      15
1960101306 1 192 1060 1000      15
1960101312 1 190 1052 1002      12
1960101318 0 185 1045 1005       0
66666 0000   38 0035 6025 0 6 Lola                               20110729
1960100800 1 208 1316 1000      15
1960100806 1 214 1313 1000      15
1960100812 1 218 1308 1000      15
1960100818 1 220 1300 1000      15
1960100900 1 220 1295 1000      15
1960100906 2 219 1292 1000      20
1960100912 2 217 1290 1000      20
1960100918 2 215 1289 1000      20
1960101000 2 212 1288  998      20
1960101006 2 209 1283  998      20
1960101012 2 200 1281  998      20
1960101018 2 187 1284  996      20
1960101100 3 175 1280  995      25
1960101106 3 166 1270  985      30
1960101112 4 160 1261  984      35
1960101118 4 157 1257  980      35
1960101200 4 154 1253  977      35
1960101206 4 153 1248  970      40
1960101212 4 153 1243  977      40
1960101218 4 155 1238  985      40
1960101300 4 157 1233  990      35
1960101306 4 158 1226  990      35
1960101312 4 159 1218  990      35
1960101318 4 160 1206  995      35
1960101400 4 161 1191  995      35
1960101406 4 162 1180  995      35
1960101412 4 162 1169  995      35
1960101418 4 162 1157  995      35
1960101500 4 162 1143  995      35
1960101506 4 167 1133  995      35
1960101512 4 170 1125  995      35
1960101518 4 172 1115  995      35
1960101600 3 173 1104  996      30
1960101606 3 175 1095  996      30
1960101612 2 177 1085 1000      20
1960101618 2 181 1075 1002      20
1960101700 1 186 1063 1005      15
1960101706 0 191 1052 1007      10
66666 0000   45 0036 0000 3 6 Mamie                              20110729
1960101112 0 105 1625 1008       0
1960101118 0 103 1615 1006       0
1960101200 0  98 1605 1006       0
1960101206 1  95 1595 1004      12
1960101212 1  92 1583 1004      12
1960101218 1  90 1570 1004      12
1960101300 1  92 1560 1004      12
1960101306 1  94 1550 1004      12
1960101312 1  97 1539 1004      12
1960101318 1 104 1527 1004      12
1960101400 1 113 1513 1004      12
1960101406 1 123 1501 1002      15
1960101412 1 135 1488 1002      15
1960101418 2 146 1477  998      20
1960101500 3 154 1469  996      25
1960101506 3 162 1463  996      25
1960101512 3 171 1457  993      30
1960101518 3 180 1450  990      30
1960101600 4 187 1440  985      35
1960101606 4 191 1431  979      35
1960101612 4 195 1424  977      35
1960101618 4 198 1418  976      35
1960101700 4 199 1410  975      35
1960101706 4 202 1408  962      40
1960101712 5 206 1408  955      45
1960101718 5 209 1409  955      45
1960101800 5 211 1410  951      50
1960101806 6 217 1413  940      55
1960101812 6 225 1416  940      55
1960101818 5 237 1421  945      50
1960101900 5 250 1427  947      50
1960101906 5 268 1431  951      50
1960101912 5 288 1431  958      45
1960101918 5 310 1432  965      45
1960102000 4 332 1434  972      40
1960102006 4 341 1449  980      35
1960102012 4 350 1458  985      35
1960102018 4 364 1462  989      35
1960102100 9 376 1470  990      35
1960102106 9 384 1490  990      35
1960102112 9 390 1519  990      35
1960102118 9 400 1540  992      30
1960102200 9 405 1550  992      30
1960102206 9 410 1560  994      25
1960102212 9 400 1580  998      20
66666 0000   38 0037 6026 1 6 Nina                               20110729
1960102000 1 125 1375 1004      12
1960102006 1 120 1370 1004      12
1960102012 1 115 1362 1004      12
1960102018 1 112 1355 1004      12
1960102100 1 111 1347 1004      12
1960102106 1 113 1340 1004      12
1960102112 1 116 1335 1004      12
1960102118 1 120 1330 1004      12
1960102200 1 126 1324 1004      12
1960102206 1 130 1320 1004      12
1960102212 1 135 1318 1004      12
1960102218 1 141 1315 1004      15
1960102300 1 148 1313 1004      15
1960102306 1 156 1311 1002      15
1960102312 1 162 1310 1002      15
1960102318 2 170 1310 1000      20
1960102400 2 178 1312  995      20
1960102406 3 187 1319  985      30
1960102412 4 193 1323  974      35
1960102418 4 198 1327  970      35
1960102500 4 203 1330  966      40
1960102506 5 208 1334  962      45
1960102512 5 216 1340  960      45
1960102518 5 227 1348  957      50
1960102600 5 241 1355  953      50
1960102606 6 261 1369  950      60
1960102612 6 283 1384  955      60
1960102618 6 310 1403  958      55
1960102700 5 330 1430  962      50
1960102706 5 370 1464  965      50
1960102712 9 406 1505  970      50
1960102718 9 450 1560  970      50
1960102800 9 470 1630  962      50
1960102806 9 475 1670  958      50
1960102812 9 491 1718  966       0
1960102818 9 514 1725  966       0
1960102900 9 520 1750  966       0
1960102906 9 528 1780  966       0
66666 0000   11 0038 0000 0 6 (nameless)                         20110729
1960110806 0  95 1188 1008       0
1960110812 0  99 1174 1008       0
1960110818 0 103 1160 1008       0
1960110900 1 110 1149 1005      12
1960110906 1 115 1143 1005      12
1960110912 1 120 1135 1005      12
1960110918 1 124 1128 1005      12
1960111000 1 127 1120 1005      12
1960111006 1 129 1111 1005      12
1960111012 0 130 1100 1008      10
1960111018 0 130 1087 1008       0
66666 0000   47 0039 6027 1 6 Ophelia                            20110729
1960112500 0  75 1520 1006      10
1960112506 0  77 1516 1006      10
1960112512 0  81 1513 1005      10
1960112518 1  85 1510 1002      12
1960112600 1  88 1507 1002      12
1960112606 1  92 1502 1002      12
1960112612 1  95 1498 1002      12
1960112618 1  97 1494 1000      15
1960112700 1 100 1488 1000      15
1960112706 1 100 1483 1000      15
1960112712 1  99 1480  998      15
1960112718 2  97 1479  996      20
1960112800 2  96 1477  995      20
1960112806 2  94 1476  995      20
1960112812 3  92 1473  990      25
1960112818 3  92 1470  983      30
1960112900 4  93 1464  976      35
1960112906 4  98 1455  969      40
1960112912 5 101 1441  962      50
1960112918 6 103 1424  955      60
1960113000 6 101 1408  948      65
1960113006 6 104 1394  942      65
1960113012 6 109 1379  940      65
1960113018 6 113 1361  938      70
1960120100 6 121 1347  935      70
1960120106 6 125 1339  935      70
1960120112 6 129 1333  939      70
1960120118 6 135 1329  942      65
1960120200 6 142 1326  944      60
1960120206 6 149 1326  939      60
1960120212 6 155 1332  938      60
1960120218 6 165 1332  934      65
1960120300 6 172 1332  930      70
1960120306 6 180 1328  925      75
1960120312 6 189 1325  927      75
1960120318 6 198 1324  929      70
1960120400 6 212 1326  931      70
1960120406 6 226 1337  935      70
1960120412 6 248 1359  945      65
1960120418 6 270 1384  955      60
1960120500 6 290 1407  965      55
1960120506 5 320 1444  975      50
1960120512 5 360 1500  975      50
1960120518 5 390 1565  975      50
1960120600 5 400 1622  975      45
1960120606 9 400 1690  978      40
1960120612 9 410 1760  986       0
66666 0000   40 0040 6028 0 6 Phyllis                            20110729
1960121100 1  70 1460 1006      15
1960121106 1  75 1465 1002      15
1960121112 1  80 1464 1002      15
1960121118 1  92 1456 1000      15
1960121200 2  98 1440 1000      20
1960121206 2 101 1420 1000      20
1960121212 2 105 1402 1000      20
1960121218 3 111 1380  998      25
1960121300 3 118 1357  994      30
1960121306 4 117 1345  984      35
1960121312 4 121 1340  983      35
1960121318 4 126 1336  981      35
1960121400 4 131 1332  980      35
1960121406 4 134 1329  980      35
1960121412 4 136 1328  982      35
1960121418 4 138 1327  985      35
1960121500 4 139 1326  988      35
1960121506 4 148 1327  987      35
1960121512 4 147 1323  985      35
1960121518 4 150 1314  984      35
1960121600 4 150 1303  983      35
1960121606 4 152 1293  977      35
1960121612 4 153 1283  976      35
1960121618 4 154 1272  975      40
1960121700 4 155 1262  975      40
1960121706 4 158 1256  974      40
1960121712 5 165 1250  972      45
1960121718 5 170 1244  972      45
1960121800 5 173 1243  970      50
1960121806 6 174 1242  965      55
1960121812 6 177 1244  969      55
1960121818 5 178 1249  974      50
1960121900 5 178 1254  980      45
1960121906 4 177 1258  989      40
1960121912 4 178 1263  992      35
1960121918 3 179 1270  995      25
1960122000 1 179 1278 1000      15
1960122006 1 182 1295 1006      15
1960122012 0 185 1320 1010      10
1960122018 0 190 1344 1010       0
