66666 0000   17 0001 0000 0 6 (nameless)                         20110729
1957010300 1  71 1406 1000      15
1957010306 1  72 1393  995      15
1957010312 2  74 1380  995      20
1957010318 2  77 1364  995      20
1957010400 2  83 1351  995      20
1957010406 2  82 1340  995      20
1957010412 2  77 1327  995      20
1957010418 2  77 1313  995      20
1957010500 1  80 1295  995      15
1957010506 1  86 1286  995      15
1957010512 1  94 1279  995      15
1957010518 1 101 1270  995      15
1957010600 1 105 1259  998      15
1957010606 0 106 1246 1000       0
1957010612 0 106 1240 1002       0
1957010618 0 107 1234 1006       0
1957010700 0 108 1228 1008       0
66666 0000   37 0002 0000 2 6 Rose                               20110729
1957012106 0  32 1519 1008       0
1957012112 0  33 1504 1004       0
1957012118 1  36 1492 1002      15
1957012200 2  41 1480 1000      20
1957012206 3  45 1470  998      30
1957012212 4  51 1454  995      35
1957012218 4  59 1439  992      40
1957012300 5  66 1427  987      45
1957012306 5  74 1412  978      50
1957012312 6  82 1398  972      55
1957012318 6  90 1381  965      60
1957012400 6  98 1367  960      65
1957012406 6 108 1358  954      75
1957012412 6 119 1349  956      75
1957012418 6 130 1341  958      75
1957012500 6 138 1334  962      75
1957012506 6 146 1330  968      65
1957012512 6 151 1325  970      55
1957012518 5 157 1320  980      45
1957012600 4 162 1312  990      35
1957012606 4 169 1305  995      35
1957012612 3 180 1301 1000      30
1957012618 3 190 1308 1002      30
1957012700 3 196 1316 1002      30
1957012706 3 203 1328 1004      25
1957012712 3 204 1339 1006      25
1957012718 2 205 1343 1008      20
1957012800 1 205 1348 1008      15
1957012806 1 206 1353 1008      15
1957012812 1 207 1357 1008      15
1957012818 1 211 1360 1008      15
1957012900 1 217 1363 1008      15
1957012906 1 223 1364 1008      15
1957012912 1 232 1365 1008      15
1957012918 1 245 1367 1008      15
1957013000 9 265 1370 1008       0
1957013006 9 300 1375 1002       0
66666 0000   29 0003 0000 0 6 Shirley                            20110729
1957041106 0  65 1359 1003       0
1957041112 0  65 1356 1003       0
1957041118 1  65 1353 1003      15
1957041200 2  66 1348 1003      20
1957041206 3  70 1338 1002      25
1957041212 3  73 1330 1002      25
1957041218 3  77 1321 1002      25
1957041300 3  82 1310 1002      25
1957041306 3  89 1301 1002      25
1957041312 3  98 1293  998      30
1957041318 4 107 1286  995      35
1957041400 5 116 1280  985      45
1957041406 5 124 1277  984      45
1957041412 5 132 1275  982      50
1957041418 5 140 1274  982      50
1957041500 5 148 1273  980      50
1957041506 6 155 1274  975      65
1957041512 5 160 1274  980      50
1957041518 4 163 1273  990      35
1957041600 3 166 1270  997      30
1957041606 3 169 1265  999      25
1957041612 2 173 1260 1002      20
1957041618 2 174 1256 1003      20
1957041700 1 176 1251 1004      15
1957041706 1 179 1248 1004      15
1957041712 1 181 1241 1004      15
1957041718 1 183 1234 1005      15
1957041800 1 183 1226 1006      15
1957041806 0 181 1213 1008      10
66666 0000   58 0004 0000 0 6 Trix                               20110729
1957050200 3  32 1539  993      25
1957050206 3  37 1547  990      30
1957050212 3  46 1549  990      30
1957050218 4  54 1550  988      35
1957050300 4  57 1554  986      40
1957050306 4  57 1556  989      40
1957050312 4  59 1558  991      40
1957050318 5  62 1559  981      50
1957050400 5  68 1558  980      50
1957050406 6  74 1555  970      55
1957050412 6  79 1555  968      55
1957050418 6  84 1557  966      55
1957050500 6  92 1559  955      60
1957050506 6  99 1557  948      65
1957050512 6 105 1553  952      65
1957050518 6 112 1545  958      60
1957050600 6 119 1536  959      60
1957050606 6 127 1526  960      60
1957050612 6 134 1516  964      60
1957050618 6 140 1508  958      60
1957050700 6 146 1499  957      60
1957050706 6 154 1486  956      60
1957050712 6 162 1475  951      65
1957050718 6 170 1465  952      65
1957050800 6 179 1456  957      60
1957050806 6 186 1450  957      60
1957050812 6 195 1445  957      60
1957050818 6 202 1444  957      60
1957050900 6 207 1443  957      60
1957050906 6 213 1443  960      55
1957050912 5 217 1447  963      50
1957050918 5 220 1451  963      50
1957051000 4 224 1460  971      40
1957051006 4 225 1469  974      40
1957051012 4 223 1476  974      40
1957051018 4 220 1484  974      40
1957051100 4 219 1495  974      40
1957051106 4 218 1504  973      40
1957051112 4 217 1513  971      40
1957051118 4 217 1520  970      40
1957051200 5 217 1529  968      45
1957051206 5 220 1542  966      50
1957051212 5 226 1555  968      50
1957051218 5 229 1565  970      50
1957051300 5 234 1572  972      50
1957051306 5 237 1578  975      45
1957051312 5 242 1585  975      45
1957051318 5 249 1593  975      45
1957051400 4 255 1602  980      40
1957051406 4 261 1611  988      35
1957051412 4 270 1629  989      35
1957051418 4 277 1646  989      35
1957051500 4 286 1664  990      35
1957051506 4 291 1685  990      35
1957051512 3 298 1708  993      30
1957051518 3 310 1730  997      25
1957051600 2 330 1757 1001      20
1957051606 1 349 1789 1005      15
66666 0000   42 0005 0000 0 6 Virginia                           20110729
1957061706 0  54 1555 1008       0
1957061712 0  60 1548 1007       0
1957061718 0  65 1539 1006       0
1957061800 0  71 1532 1006       0
1957061806 1  77 1523 1005      15
1957061812 1  85 1512 1005      15
1957061818 1  91 1500 1005      15
1957061900 2 103 1490 1000      20
1957061906 3 113 1485 1000      25
1957061912 3 113 1467 1000      25
1957061918 3 114 1447  995      30
1957062000 4 119 1425  990      35
1957062006 4 124 1405  983      40
1957062012 5 129 1386  981      45
1957062018 5 132 1366  980      45
1957062100 5 133 1346  973      50
1957062106 6 135 1327  962      60
1957062112 6 136 1313  948      70
1957062118 6 137 1300  926      80
1957062200 6 143 1287  904      85
1957062206 6 148 1282  898      90
1957062212 6 155 1270  902      85
1957062218 6 161 1262  915      80
1957062300 6 167 1258  927      75
1957062306 6 173 1248  930      75
1957062312 6 179 1243  935      70
1957062318 6 186 1235  935      70
1957062400 6 193 1226  928      80
1957062406 6 197 1222  932      75
1957062412 6 201 1220  940      70
1957062418 6 208 1215  942      70
1957062500 6 215 1213  945      70
1957062506 6 225 1212  955      60
1957062512 5 236 1215  965      50
1957062518 4 252 1223  975      40
1957062600 4 265 1230  985      35
1957062606 3 278 1238  992      30
1957062612 3 295 1245  994      25
1957062618 3 313 1256  995      25
1957062700 9 330 1275  995      25
1957062706 9 340 1319  997      20
1957062712 9 358 1355  999      15
66666 0000    9 0006 0000 0 6 (nameless)                         20110729
1957062900 1 145 1275 1006      12
1957062906 1 151 1271 1006      12
1957062912 1 156 1264 1006      12
1957062918 1 160 1255 1006      12
1957063000 1 162 1248 1006      12
1957063006 1 164 1239 1003      12
1957063012 0 168 1233 1004      10
1957063018 0 172 1229 1004      10
1957070100 0 178 1226 1004      10
66666 0000   17 0007 0000 1 6 (nameless)                         20110729
1957070118 0 159 1174 1001       0
1957070200 0 160 1164 1000      10
1957070206 1 165 1159  996      12
1957070212 1 171 1155  996      15
1957070218 1 175 1150  996      15
1957070300 1 178 1143  996      15
1957070306 1 181 1135  994      15
1957070312 1 183 1125  993      15
1957070318 1 184 1117  993      15
1957070400 1 185 1108  990      15
1957070406 1 185 1098  990      15
1957070412 1 185 1092  990      15
1957070418 1 185 1085  990      12
1957070500 1 188 1075  990      12
1957070506 1 193 1067  990      12
1957070512 1 197 1061  995      12
1957070518 0 200 1054  997       0
66666 0000   27 0008 0000 0 6 Wendy                              20110729
1957071018 1  70 1410 1006      15
1957071100 1  80 1400 1005      15
1957071106 1  89 1389 1004      15
1957071112 1  95 1376 1004      15
1957071118 1 100 1360 1003      15
1957071200 1 106 1342 1002      15
1957071206 1 111 1324 1002      15
1957071212 2 114 1310 1001      20
1957071218 3 117 1300 1000      25
1957071300 4 121 1290  990      35
1957071306 4 129 1282  988      40
1957071312 5 138 1273  986      45
1957071318 5 146 1264  984      50
1957071400 5 154 1254  983      50
1957071406 5 164 1236  983      50
1957071412 4 172 1219  986      40
1957071418 4 178 1209  986      40
1957071500 4 182 1200  988      35
1957071506 4 185 1192  988      35
1957071512 4 188 1182  987      35
1957071518 4 194 1172  983      35
1957071600 4 201 1167  983      35
1957071606 4 214 1159  985      35
1957071612 3 224 1149  985      30
1957071618 3 230 1140  988      25
1957071700 0 240 1125  992      10   15
1957071706 0 245 1099  995       9
66666 0000   11 0009 0000 0 6 (nameless)                         20110729
1957073118 0 226 1239 1006       0
1957080100 1 218 1231 1004      12
1957080106 1 212 1220 1003      15
1957080112 1 208 1209 1003      15
1957080118 1 207 1194 1003      15
1957080200 1 211 1179 1004      12
1957080206 1 219 1175 1004      12
1957080212 1 225 1180 1004      12
1957080218 1 231 1189 1004      12
1957080300 0 239 1191 1005       0
1957080306 0 249 1191 1005       0
66666 0000   55 0010 0000 3 6 Agnes                              20110729
1957081012 1  75 1446 1004      15
1957081018 1  76 1440 1004      15
1957081100 1  78 1433 1004      15
1957081106 1  79 1428 1004      15
1957081112 1  80 1422 1004      15
1957081118 1  82 1416 1003      15
1957081200 1  84 1409 1003      15
1957081206 1  87 1399 1005      15
1957081212 1  91 1389 1004      15
1957081218 1  96 1375 1002      15
1957081300 1 103 1366 1002      15
1957081306 1 110 1362 1000      15
1957081312 2 117 1357  998      20
1957081318 3 126 1354  996      25
1957081400 3 136 1353  996      25
1957081406 3 143 1355  996      25
1957081412 3 150 1354  994      30
1957081418 4 158 1350  991      35
1957081500 4 162 1347  989      35
1957081506 4 166 1346  988      35
1957081512 4 172 1349  985      40
1957081518 4 180 1353  982      40
1957081600 4 188 1356  979      40
1957081606 5 194 1351  971      45
1957081612 5 203 1340  970      45
1957081618 5 207 1330  961      50
1957081700 6 208 1324  954      55
1957081706 6 212 1318  944      60
1957081712 6 216 1312  930      70
1957081718 6 221 1307  918      75
1957081800 6 226 1301  906      80
1957081806 6 234 1300  908      80
1957081812 6 248 1300  918      75
1957081818 6 261 1295  927      70
1957081900 6 274 1289  935      65
1957081906 6 285 1279  941      55
1957081912 6 291 1273  942      55
1957081918 6 299 1272  942      55
1957082000 5 305 1272  944      50
1957082006 5 312 1273  944      50
1957082012 5 320 1275  948      50
1957082018 4 327 1278  960      40
1957082100 4 344 1282  965      35
1957082106 2 371 1278  975      20
1957082112 2 395 1279  975      20
1957082118 2 420 1290  975      20
1957082200 2 441 1310  975      20
1957082206 1 465 1340  977      15
1957082212 1 490 1375  977      15
1957082218 9 502 1400  978       0
1957082300 9 507 1415  978       0
1957082306 9 513 1431  980       0
1957082312 9 516 1443  980       0
1957082318 9 520 1460  980       0
1957082400 9 530 1500  992       0
66666 0000   32 0011 0000 0 6 (nameless)                         20110729
1957081318 0 168 1192 1000       0
1957081400 0 164 1191 1000       0
1957081406 0 160 1187  998       0
1957081412 0 158 1182  998       0
1957081418 0 160 1176  996      10
1957081500 0 165 1165  996      10
1957081506 0 159 1158  996      10
1957081512 0 160 1149  995      10   15
1957081518 0 165 1145  995      10   15
1957081600 0 169 1143  995      10   15
1957081606 0 173 1142  992      10   20
1957081612 0 178 1141  992      10   20
1957081618 1 183 1139  990      15   25
1957081700 3 187 1137  990      25
1957081706 3 190 1134  990      25
1957081712 3 192 1131  990      25
1957081718 3 194 1126  987      25
1957081800 3 194 1121  984      25
1957081806 3 192 1113  982      25
1957081812 3 190 1110  980      25
1957081818 3 185 1103  982      25
1957081900 2 183 1100  985      20
1957081906 2 182 1101  985      20
1957081912 2 184 1104  985      20
1957081918 2 190 1108  986      20
1957082000 2 198 1114  986      20
1957082006 2 205 1116  986      20
1957082012 2 215 1117  986      20
1957082018 0 225 1118  990      10   15
1957082100 0 229 1124  994      10   15
1957082106 0 233 1128  995       9
1957082112 0 240 1140  997       9
66666 0000   27 0012 0000 0 6 (nameless)                         20110729
1957082100 0 235 1370 1005       0
1957082106 0 226 1360 1004       0
1957082112 0 217 1345 1002       0
1957082118 0 210 1329 1000       0
1957082200 0 214 1317 1000       0
1957082206 0 227 1315  998      10
1957082212 0 245 1318  998      10
1957082218 1 266 1321  998      15
1957082300 2 285 1325  997      20
1957082306 2 299 1327  997      20
1957082312 1 315 1331  999      15
1957082318 1 333 1338 1000      15
1957082400 0 356 1355 1002      10
1957082406 0 370 1386 1002      10
1957082412 0 380 1404 1004      10
1957082418 9 395 1425 1006       0
1957082500 9 407 1455 1010       0
1957082506 9 416 1495 1010       0
1957082512 9 419 1531 1010       0
1957082518 9 416 1567 1010       0
1957082600 9 408 1590 1012       0
1957082606 9 392 1612 1014       0
1957082612 9 380 1634 1014       0
1957082618 9 368 1652 1014       0
1957082700 9 358 1668 1014       0
1957082706 9 352 1683 1014       0
1957082712 9 350 1700 1014       0
66666 0000   29 0013 0000 0 6 (nameless)                         20110729
1957082300 0 111 1598 1008       0
1957082306 0 108 1559 1008       0
1957082312 0 102 1520 1007       0
1957082318 0 100 1490 1006       0
1957082400 0 100 1471 1006       0
1957082406 0 100 1458 1005       0
1957082412 0 100 1443 1005       0
1957082418 0 100 1428 1005       0
1957082500 0 101 1413 1005       0
1957082506 0 107 1396 1005       0
1957082512 0 115 1382 1005       0
1957082518 0 126 1369 1005       0
1957082600 0 137 1355 1005       0
1957082606 0 148 1349 1004       0
1957082612 0 158 1343 1004       0
1957082618 0 166 1338 1004       0
1957082700 0 172 1332 1004       0
1957082706 0 176 1326 1002       0
1957082712 0 178 1321 1002       0
1957082718 0 179 1315 1002       0
1957082800 0 178 1312 1002       0
1957082806 0 175 1311 1002       0
1957082812 0 172 1313 1002       0
1957082818 0 170 1320 1002       0
1957082900 0 169 1326 1002      10
1957082906 0 170 1335 1000      10
1957082912 1 171 1344  998      12
1957082918 0 173 1353 1000      10
1957083000 0 175 1363 1002       0
66666 0000   10 0014 0000 0 6 (nameless)                         20110729
1957082506 1 215 1185 1004      12
1957082512 1 211 1170 1003      12
1957082518 1 208 1158 1002      12
1957082600 1 205 1146 1001      12
1957082606 1 201 1137 1001      12
1957082612 1 197 1129 1000      12
1957082618 0 194 1124 1000      10   15
1957082700 0 190 1118 1000      10   12
1957082706 0 186 1113 1000      10   12
1957082712 0 183 1104 1000      10
66666 0000   60 0015 0000 1 6 Bess                               20110729
1957082606 0 140 1530 1005       0
1957082612 0 150 1526 1005       0
1957082618 0 158 1520 1005       0
1957082700 0 160 1510 1005       0
1957082706 0 160 1502 1002       0
1957082712 1 160 1494 1002      15
1957082718 1 160 1486 1002      15
1957082800 2 159 1478 1000      20
1957082806 3 162 1464  998      25
1957082812 3 168 1457  995      30
1957082818 3 174 1450  995      30
1957082900 3 182 1444  995      30
1957082906 4 194 1437  990      35
1957082912 4 205 1433  985      40
1957082918 4 216 1429  981      40
1957083000 5 227 1423  976      45
1957083006 5 239 1418  975      45
1957083012 5 244 1414  973      45
1957083018 5 250 1411  971      45
1957083100 5 254 1408  969      50
1957083106 5 259 1403  968      50
1957083112 5 264 1398  968      50
1957083118 5 266 1392  961      50
1957090100 5 270 1387  960      50
1957090106 5 271 1383  952      50
1957090112 5 272 1379  954      50
1957090118 5 273 1375  955      50
1957090200 5 274 1371  960      50
1957090206 5 275 1368  962      50
1957090212 5 275 1361  964      50
1957090218 5 276 1354  956      50
1957090300 5 278 1350  960      50
1957090306 5 280 1346  960      50
1957090312 5 282 1342  962      50
1957090318 5 284 1338  962      50
1957090400 5 284 1331  960      50
1957090406 5 280 1323  954      50
1957090412 5 276 1314  954      50
1957090418 5 277 1304  959      50
1957090500 5 279 1296  961      50
1957090506 5 281 1290  961      50
1957090512 5 286 1286  961      50
1957090518 5 296 1289  960      50
1957090600 5 302 1293  958      50
1957090606 5 307 1300  958      50
1957090612 5 314 1309  968      45
1957090618 4 321 1316  973      40
1957090700 3 330 1324  982      30
1957090706 3 343 1339  985      30
1957090712 9 365 1358  990      25
1957090718 9 395 1390  995      20
1957090800 9 420 1426  996      20
1957090806 9 440 1480  996      20
1957090812 9 453 1520  994      20
1957090818 9 472 1562  994       0
1957090900 9 480 1610  994       0
1957090906 9 487 1647  990       0
1957090912 9 489 1680  990       0
1957090918 9 493 1720  990       0
1957091000 9 498 1760  988       0
66666 0000   52 0016 0000 1 6 Della                              20110729
1957090400 4 216 1960  985      35
1957090406 4 223 1951  985      35
1957090412 4 231 1941  983      35
1957090418 4 239 1930  981      35
1957090500 4 244 1921  974      40
1957090506 4 246 1912  973      40
1957090512 4 248 1903  973      40
1957090518 4 249 1894  972      40
1957090600 5 251 1886  971      45
1957090606 5 253 1880  971      45
1957090612 5 255 1873  971      45
1957090618 5 256 1865  971      45
1957090700 5 256 1860  973      45
1957090706 5 254 1855  975      45
1957090712 5 252 1852  977      45
1957090718 4 248 1849  979      40
1957090800 4 242 1846  977      40
1957090806 4 234 1842  975      40
1957090812 4 227 1837  973      40
1957090818 5 219 1828  971      45
1957090900 5 213 1820  970      50
1957090906 5 208 1812  973      50
1957090912 5 202 1804  975      45
1957090918 5 197 1795  976      45
1957091000 5 196 1782  976      45
1957091006 5 198 1771  978      45
1957091012 4 201 1759  980      40
1957091018 4 205 1747  983      40
1957091100 4 209 1734  985      40
1957091106 5 213 1720  977      45
1957091112 6 219 1704  969      55
1957091118 6 227 1692  962      60
1957091200 6 233 1681  962      60
1957091206 6 238 1670  962      60
1957091212 6 242 1657  962      60
1957091218 6 246 1644  962      60
1957091300 6 250 1628  961      60
1957091306 6 256 1608  961      60
1957091312 6 261 1589  961      60
1957091318 6 268 1571  961      60
1957091400 6 275 1555  961      55
1957091406 6 284 1550  962      55
1957091412 6 295 1549  962      55
1957091418 6 303 1551  963      55
1957091500 6 311 1559  965      55
1957091506 6 325 1574  965      55
1957091512 6 337 1596  965      55
1957091518 6 340 1621  965      55
1957091600 5 345 1650  970      45
1957091606 4 352 1683  972      40
1957091612 4 363 1720  975      35
1957091618 4 389 1758  977      35
66666 0000   40 0017 0000 0 6 Carmen                             20110729
1957090518 0 175 1250 1003       0
1957090600 0 180 1258 1003       0
1957090606 0 183 1267 1001       0
1957090612 0 180 1275 1001       0
1957090618 0 175 1284 1001       0
1957090700 0 180 1293 1001       0
1957090706 0 185 1297 1001       0
1957090712 0 192 1300 1001       0
1957090718 0 198 1299 1001       0
1957090800 0 200 1294 1001       0
1957090806 0 202 1290 1001       0
1957090812 1 204 1285 1001      15
1957090818 1 206 1278 1001      15
1957090900 2 208 1269 1000      20
1957090906 3 212 1261  988      30
1957090912 3 215 1258  988      30
1957090918 3 217 1256  985      30
1957091000 3 218 1254  985      30
1957091006 4 217 1252  980      35
1957091012 4 215 1251  980      35
1957091018 4 213 1250  975      40
1957091100 5 210 1250  966      45
1957091106 5 205 1249  965      45
1957091112 5 200 1247  964      45
1957091118 5 198 1244  963      45
1957091200 5 197 1240  961      50
1957091206 6 196 1236  960      55
1957091212 6 196 1231  959      60
1957091218 6 197 1226  959      60
1957091300 6 198 1223  959      60
1957091306 6 199 1217  962      60
1957091312 6 203 1211  964      55
1957091318 5 207 1206  967      50
1957091400 5 213 1200  969      50
1957091406 5 219 1192  970      50
1957091412 5 226 1185  975      45
1957091418 4 232 1176  980      40
1957091500 4 238 1170  985      35
1957091506 0 243 1164 1000      10   15
1957091512 0 250 1155 1005       9
66666 0000   26 0018 0000 2 6 Elaine                             20110729
1957091418 1 168 1490 1000      15
1957091500 3 173 1470  985      30
1957091506 5 178 1452  952      50
1957091512 5 183 1437  952      50
1957091518 5 188 1426  952      50
1957091600 6 196 1414  951      60
1957091606 6 206 1404  942      70
1957091612 6 215 1394  942      70
1957091618 6 226 1384  943      70
1957091700 6 235 1380  944      70
1957091706 6 247 1382  945      70
1957091712 6 257 1390  955      60
1957091718 5 267 1403  966      50
1957091800 5 282 1422  970      50
1957091806 5 294 1445  965      50
1957091812 5 315 1487  961      50
1957091818 5 338 1528  956      50
1957091900 9 360 1570  980       0
1957091906 9 382 1608 1002       0
1957091912 9 395 1636 1002       0
1957091918 9 408 1660 1004       0
1957092000 9 418 1680 1004       0
1957092006 9 425 1732 1004       0
1957092012 9 431 1758 1004       0
1957092018 9 439 1770 1004       0
1957092100 9 440 1790 1004       0
66666 0000   29 0019 0000 0 6 Gloria                             20110729
1957091712 0 116 1346 1007       0
1957091718 0 117 1340 1006       0
1957091800 0 118 1335 1006       0
1957091806 0 120 1330 1003       0
1957091812 1 124 1323 1000      15
1957091818 1 130 1314 1000      15
1957091900 1 136 1303 1000      15
1957091906 1 143 1292 1000      15
1957091912 2 153 1273  998      20
1957091918 2 158 1261  998      20
1957092000 2 162 1250  998      20
1957092006 3 168 1236  992      25
1957092012 3 176 1220  990      25
1957092018 3 185 1206  988      25
1957092100 3 189 1192  985      30
1957092106 4 195 1179  980      35
1957092112 5 199 1171  970      45
1957092118 5 202 1160  970      45
1957092200 5 209 1151  970      45
1957092206 5 216 1144  970      45
1957092212 5 221 1137  970      45
1957092218 4 221 1128  975      35
1957092300 2 222 1122  986      20
1957092306 1 223 1118  992      15
1957092312 0 226 1117  996      10   12
1957092318 0 228 1118 1000       9
1957092400 0 230 1120 1002       9
1957092406 0 232 1123 1002       9
1957092412 0 234 1128 1004       9
66666 0000   49 0020 0000 3 6 Faye                               20110729
1957091718 1  96 1474 1008      15
1957091800 3 101 1465  987      30
1957091806 4 106 1455  983      35
1957091812 5 110 1449  972      45
1957091818 6 113 1442  958      55
1957091900 6 118 1434  946      65
1957091906 6 122 1425  935      75
1957091912 6 127 1413  932      75
1957091918 6 133 1400  931      75
1957092000 6 138 1388  930      75
1957092006 6 144 1371  928      80
1957092012 6 149 1356  940      70
1957092018 6 156 1341  958      60
1957092100 5 161 1326  974      50
1957092106 4 167 1311  978      40
1957092112 4 172 1300  980      40
1957092118 4 176 1291  988      35
1957092200 3 182 1281  996      30
1957092206 3 186 1272  998      25
1957092212 3 189 1262  998      25
1957092218 3 192 1254  998      25
1957092300 3 193 1249  997      25
1957092306 3 195 1245  997      25
1957092312 3 197 1240  997      25
1957092318 3 199 1234  997      25
1957092400 3 202 1231  997      25
1957092406 3 205 1228  997      25
1957092412 3 210 1226  991      30
1957092418 3 218 1229  986      30
1957092500 4 226 1235  981      35
1957092506 4 233 1240  973      40
1957092512 5 243 1249  965      45
1957092518 5 256 1263  957      50
1957092600 6 267 1276  951      60
1957092606 5 281 1301  958      50
1957092612 5 293 1330  966      45
1957092618 4 308 1360  979      40
1957092700 3 328 1391  995      25
1957092706 2 345 1440 1000      20
1957092712 9 350 1471 1003      20
1957092718 9 353 1503 1003       0
1957092800 9 369 1533 1003       0
1957092806 9 387 1555 1003       0
1957092812 9 410 1580 1003       0
1957092818 9 420 1615 1003       0
1957092900 9 400 1654 1000       0
1957092906 9 389 1670  994       0
1957092912 9 379 1690  996       0
1957092918 9 372 1730 1000       0
66666 0000   40 0021 0000 1 6 Hester                             20110729
1957100300 0  85 1505 1008      10
1957100306 0  86 1495 1006      10
1957100312 0  87 1486 1006      10
1957100318 1  90 1478 1006      15
1957100400 1  93 1471 1006      15
1957100406 2  96 1466 1003      20
1957100412 2  99 1459 1001      20
1957100418 2 103 1454 1000      20
1957100500 3 108 1449  998      25
1957100506 3 116 1451  998      25
1957100512 3 125 1452  996      25
1957100518 3 135 1451  990      30
1957100600 3 145 1448  990      30
1957100606 3 156 1443  991      30
1957100612 3 164 1426  995      30
1957100618 4 171 1421  980      40
1957100700 5 178 1419  970      50
1957100706 6 184 1417  961      60
1957100712 6 193 1418  952      65
1957100718 6 206 1418  925      75
1957100800 6 221 1419  900      90
1957100806 6 238 1423  903      90
1957100812 6 264 1433  917      80
1957100818 6 290 1444  931      70
1957100900 6 322 1456  943      60
1957100906 5 364 1463  960      50
1957100912 4 395 1472  970      40
1957100918 4 440 1518  970      35
1957101000 3 468 1548  970      30
1957101006 3 478 1562  970      30
1957101012 9 490 1575  970       0
1957101018 9 502 1588  975       0
1957101100 9 515 1605  974       0
1957101106 9 523 1633  972       0
1957101112 9 534 1660  972       0
1957101118 9 535 1690  970       0
1957101200 9 530 1720  966       0
1957101206 9 530 1740  965       0
1957101212 9 531 1765  965       0
1957101218 9 538 1790  965       0
66666 0000   24 0022 0000 1 6 Irma                               20110729
1957100712 0 153 1179 1006       0
1957100718 0 150 1175 1004       0
1957100800 1 148 1170 1002      15
1957100806 2 144 1165 1000      20
1957100812 2 141 1170 1000      20
1957100818 2 142 1177 1000      20
1957100900 3 148 1179  998      25
1957100906 3 153 1175  998      25
1957100912 3 151 1170  998      25
1957100918 3 148 1165  998      25
1957101000 3 147 1161  998      25
1957101006 3 147 1153  998      25
1957101012 3 147 1145  995      30
1957101018 3 148 1135  995      30
1957101100 3 149 1125  995      30
1957101106 4 150 1115  990      35
1957101112 4 150 1108  990      35
1957101118 3 151 1100  990      30
1957101200 3 152 1091  990      25
1957101206 3 153 1085  995      25
1957101212 2 155 1080 1000      20
1957101218 2 156 1074 1003      20
1957101300 1 158 1069 1005      12
1957101306 0 160 1065 1005      10
66666 0000   23 0023 0000 0 6 (nameless)                         20110729
1957101100 0 130 1325 1006       0
1957101106 0 130 1310 1006       0
1957101112 0 130 1295 1006       0
1957101118 0 130 1282 1006       0
1957101200 1 131 1269 1004      12
1957101206 1 135 1253 1004      12
1957101212 1 141 1239 1004      12
1957101218 1 146 1229 1004      12
1957101300 1 150 1218 1002      15
1957101306 2 153 1199 1000      20
1957101312 2 160 1185 1000      20
1957101318 2 166 1175 1000      20
1957101400 2 173 1167 1000      20
1957101406 2 180 1159 1000      20
1957101412 2 188 1150 1000      20
1957101418 2 197 1142 1000      20
1957101500 2 205 1137 1000      20
1957101506 1 215 1133 1000      12
1957101512 0 223 1128 1002       9   12
1957101518 0 229 1125 1004       9
1957101600 0 236 1128 1006       9
1957101606 0 239 1140 1006       9
1957101612 0 240 1157 1008       9
66666 0000   46 0024 0000 1 6 Judy                               20110729
1957101806 0 144 1552 1002       0
1957101812 0 145 1548 1002       0
1957101818 0 146 1544 1002       0
1957101900 0 147 1539 1002       0
1957101906 0 149 1534 1002       0
1957101912 0 150 1530 1002       0
1957101918 0 151 1525 1000       0
1957102000 0 152 1520 1000       0
1957102006 0 152 1515 1000       0
1957102012 1 153 1509 1000      15
1957102018 2 153 1503  998      20
1957102100 2 154 1498  998      20
1957102106 3 154 1487  995      25
1957102112 3 154 1473  990      30
1957102118 4 155 1458  983      35
1957102200 4 156 1444  981      40
1957102206 5 158 1432  979      45
1957102212 5 162 1417  976      45
1957102218 5 169 1400  973      45
1957102300 5 177 1385  971      50
1957102306 6 180 1373  964      55
1957102312 6 185 1361  964      55
1957102318 6 194 1346  963      55
1957102400 6 206 1333  962      55
1957102406 6 223 1328  962      55
1957102412 6 246 1345  961      55
1957102418 6 263 1348  959      60
1957102500 5 283 1358  967      50
1957102506 5 299 1372  973      45
1957102512 4 310 1385  980      40
1957102518 4 318 1396  983      35
1957102600 4 323 1412  984      35
1957102606 4 326 1425  985      35
1957102612 3 330 1445  990      30
1957102618 3 334 1472  990      30
1957102700 3 337 1500  995      25
1957102706 3 339 1520  996      25
1957102712 9 340 1540  996       0
1957102718 9 342 1560  996       0
1957102800 9 348 1585  994       0
1957102806 9 355 1625  994       0
1957102812 9 360 1670  994       0
1957102818 9 373 1706  994       0
1957102900 9 385 1740  994       0
1957102906 9 408 1765  994       0
1957102912 9 418 1790  996       0
66666 0000   54 0025 0000 0 6 Kit                                20110729
1957110418 0 106 1606 1004       0
1957110500 0 104 1595 1002       0
1957110506 0 102 1581 1000       0
1957110512 0 100 1570 1000       0
1957110518 0 100 1560 1000       0
1957110600 0 100 1553 1000       0
1957110606 0 100 1546 1000       0
1957110612 0  99 1540 1000       0
1957110618 0  96 1530 1000       0
1957110700 1  93 1519 1000      15
1957110706 2  88 1506 1000      20
1957110712 2  88 1484 1000      20
1957110718 2  92 1460 1000      20
1957110800 2 107 1443 1000      20
1957110806 4 116 1420  985      35
1957110812 4 122 1400  980      40
1957110818 5 127 1381  974      45
1957110900 6 133 1363  964      55
1957110906 6 135 1347  954      60
1957110912 6 137 1330  950      60
1957110918 6 139 1314  946      65
1957111000 6 140 1299  942      70
1957111006 6 142 1289  928      75
1957111012 6 142 1269  914      80
1957111018 6 144 1256  912      80
1957111100 6 146 1245  910      80
1957111106 6 149 1232  908      90
1957111112 6 150 1225  925      80
1957111118 6 151 1220  940      65
1957111200 6 154 1214  950      60
1957111206 6 158 1209  965      55
1957111212 5 165 1210  970      50
1957111218 4 171 1212  980      40
1957111300 4 178 1216  990      35
1957111306 4 188 1223  990      35
1957111312 3 192 1225  995      30
1957111318 3 194 1228  995      30
1957111400 3 195 1233  999      25
1957111406 3 197 1233 1000      25
1957111412 3 201 1233 1000      25
1957111418 3 206 1232 1000      25
1957111500 2 211 1228 1002      20
1957111506 2 217 1225 1002      20
1957111512 2 223 1228 1002      20
1957111518 2 229 1233 1002      20
1957111600 2 235 1241 1002      20
1957111606 1 244 1254 1002      15
1957111612 1 251 1265 1002      15
1957111618 9 258 1282 1002      15
1957111700 9 273 1309 1002      15
1957111706 9 288 1340 1004       0
1957111712 9 305 1370 1004       0
1957111718 9 320 1400 1004       0
1957111800 9 340 1430 1004       0
66666 0000   53 0026 0000 1 6 Lola                               20110729
1957110818 0  70 1660 1004       0
1957110900 0  71 1654 1004       0
1957110906 0  72 1649 1002       0
1957110912 0  74 1644 1002       0
1957110918 0  75 1639 1002       0
1957111000 1  77 1634 1002      15
1957111006 2  78 1631 1000      20
1957111012 2  80 1628 1000      20
1957111018 2  81 1624 1000      20
1957111100 2  83 1621 1000      20
1957111106 2  84 1618 1000      20
1957111112 2  84 1615 1000      20
1957111118 3  84 1612  990      30
1957111200 4  83 1606  980      35
1957111206 4  80 1593  977      35
1957111212 4  80 1583  976      40
1957111218 4  80 1573  976      40
1957111300 4  81 1564  976      40
1957111306 5  82 1554  973      45
1957111312 5  86 1543  970      50
1957111318 6  89 1529  965      55
1957111400 6  92 1519  959      60
1957111406 6  98 1506  955      60
1957111412 6 106 1497  930      70
1957111418 6 113 1487  913      75
1957111500 6 120 1472  908      80
1957111506 6 125 1459  900      85
1957111512 6 129 1445  899      90
1957111518 6 131 1431  898      90
1957111600 6 134 1419  898      90
1957111606 6 136 1408  897      90
1957111612 6 139 1395  901      90
1957111618 6 143 1386  906      85
1957111700 6 149 1378  911      80
1957111706 6 154 1372  913      80
1957111712 6 162 1369  914      80
1957111718 6 172 1366  915      80
1957111800 6 180 1367  915      80
1957111806 6 189 1368  918      75
1957111812 6 201 1372  923      75
1957111818 6 219 1376  926      75
1957111900 6 240 1385  928      75
1957111906 6 262 1394  935      70
1957111912 6 280 1403  950      60
1957111918 6 295 1417  960      55
1957112000 5 306 1431  969      50
1957112006 4 323 1458  980      40
1957112012 4 340 1500  980      40
1957112018 9 354 1540  985       0
1957112100 9 362 1580  985       0
1957112106 9 375 1650  985       0
1957112112 9 390 1730  990       0
1957112118 9 400 1780  998       0
66666 0000   29 0027 0000 0 6 Mamie                              20110729
1957111800 3  72 1680  990      25
1957111806 3  87 1658  990      25
1957111812 3 103 1633  990      25
1957111818 3 114 1612  990      25
1957111900 4 123 1594  983      35
1957111906 4 131 1582  983      35
1957111912 4 136 1572  984      35
1957111918 4 140 1562  985      35
1957112000 4 147 1550  984      35
1957112006 4 153 1541  979      40
1957112012 4 163 1531  978      40
1957112018 5 175 1523  972      45
1957112100 5 185 1518  967      50
1957112106 6 197 1511  963      55
1957112112 6 210 1506  962      55
1957112118 6 222 1504  960      55
1957112200 6 240 1504  960      55
1957112206 6 256 1509  963      55
1957112212 5 269 1523  970      45
1957112218 4 283 1545  977      40
1957112300 3 294 1569  984      25
1957112306 3 298 1596  985      25
1957112312 2 299 1625  995      20
1957112318 2 303 1651  995      20
1957112400 9 310 1678 1000      15
1957112406 9 316 1709 1004      15
1957112412 9 321 1738 1004      15
1957112418 9 329 1762 1006       0
1957112500 9 339 1790 1006       0
