66666 0000   37 0001 0000 0 6 Georgia                            20110729
1951031806 0  57 1583 1002      10
1951031812 1  60 1594 1002      12
1951031818 1  63 1604 1000      15
1951031900 1  67 1615 1000      15
1951031906 1  70 1625  998      15
1951031912 1  73 1636  998      15
1951031918 2  74 1647  994      20
1951032000 3  75 1663  990      25
1951032006 3  77 1675  990      25
1951032012 3  80 1685  985      30
1951032018 4  82 1695  980      35
1951032100 4  85 1705  980      35
1951032106 5  88 1715  978      45
1951032112 5  91 1719  978      45
1951032118 5  94 1722  978      45
1951032200 5  97 1723  970      50
1951032206 5 101 1723  970      50
1951032212 5 104 1720  970      50
1951032218 5 106 1716  970      50
1951032300 5 108 1711  970      50
1951032306 4 110 1707  975      40
1951032312 4 112 1696  980      35
1951032318 3 110 1685  985      30
1951032400 3 105 1667  985      30
1951032406 3 104 1652  985      30
1951032412 3 102 1636  990      25
1951032418 2 103 1627  995      20
1951032500 1 107 1623 1000      15
1951032506 1 113 1618 1000      15
1951032512 0 115 1611 1004       0
1951032518 0 114 1603 1004       0
1951032600 0 109 1595 1006       0
1951032606 0 104 1587 1006       0
1951032612 0 102 1578 1006       0
1951032618 0 100 1568 1006       0
1951032700 0 100 1559 1006       0
1951032706 0 100 1550 1006       0
66666 0000   36 0002 0000 0 6 Hope                               20110729
1951041500 1  80 1515 1002      15
1951041506 1  83 1503 1002      15
1951041512 1  86 1493 1002      15
1951041518 1  88 1483 1000      15
1951041600 1  92 1472 1000      15
1951041606 1  96 1464 1000      15
1951041612 1 103 1454 1000      15
1951041618 2 110 1446  998      20
1951041700 2 117 1440  998      20
1951041706 2 125 1435  998      20
1951041712 2 135 1431  998      20
1951041718 2 143 1427  996      20
1951041800 3 149 1425  995      25
1951041806 3 154 1424  985      30
1951041812 3 156 1422  985      30
1951041818 3 157 1419  980      30
1951041900 3 158 1416  990      25
1951041906 3 159 1410  990      25
1951041912 3 159 1403  990      25
1951041918 3 157 1393  990      25
1951042000 3 154 1383  990      25
1951042006 2 150 1370  995      20
1951042012 2 147 1360  995      20
1951042018 2 146 1352  995      20
1951042100 2 146 1345  997      20
1951042106 2 146 1335  998      20
1951042112 2 147 1327  998      20
1951042118 2 149 1319  998      20
1951042200 2 150 1310  998      20
1951042206 2 152 1303  998      20
1951042212 1 154 1295 1000      15
1951042218 1 156 1287 1000      15
1951042300 1 159 1279 1004      15
1951042306 1 164 1273 1005      12
1951042312 0 170 1268 1008      10
1951042318 0 176 1264 1008      10
66666 0000   66 0003 0000 0 6 Iris                               20110729
1951042812 0  63 1449 1008      10
1951042818 0  63 1445 1006      10
1951042900 1  64 1440 1003      15
1951042906 1  66 1435 1003      15
1951042912 1  70 1429 1002      15
1951042918 1  76 1424 1002      15
1951043000 2  80 1417 1000      20
1951043006 3  82 1407  998      25
1951043012 3  86 1398  996      25
1951043018 3  88 1390  994      25
1951050100 3  89 1378  992      30
1951050106 3  90 1370  987      30
1951050112 3  91 1362  987      30
1951050118 3  93 1354  987      30
1951050200 3  94 1345  986      30
1951050206 3  96 1338  984      30
1951050212 4  97 1328  982      35
1951050218 4  99 1319  970      40
1951050300 6 100 1310  926      70
1951050306 6 102 1304  912      75
1951050312 6 104 1296  909      80
1951050318 6 106 1288  909      80
1951050400 6 108 1280  910      80
1951050406 6 109 1272  910      80
1951050412 6 112 1263  912      80
1951050418 6 115 1254  919      75
1951050500 6 120 1247  930      70
1951050506 6 125 1240  941      65
1951050512 6 130 1233  952      55
1951050518 5 135 1226  964      50
1951050600 4 140 1216  975      40
1951050606 4 143 1207  984      35
1951050612 4 147 1197  988      35
1951050618 4 153 1184  988      35
1951050700 4 162 1181  988      35
1951050706 4 172 1180  986      35
1951050712 4 183 1181  981      35
1951050718 4 191 1186  978      35
1951050800 4 199 1193  975      40
1951050806 4 210 1203  974      40
1951050812 4 221 1219  972      40
1951050818 4 232 1236  970      40
1951050900 4 240 1254  970      40
1951050906 4 250 1281  976      35
1951050912 3 261 1308  983      30
1951050918 3 267 1333  990      25
1951051000 2 270 1360  993      20
1951051006 2 275 1381  995      20
1951051012 2 278 1400  995      20
1951051018 2 279 1425  995      20
1951051100 2 280 1440  995      20
1951051106 2 277 1446  995      20
1951051112 1 271 1444 1000      15
1951051118 1 270 1435 1000      15
1951051200 1 271 1422 1000      15
1951051206 1 280 1417 1000      15
1951051212 1 290 1418 1000      15
1951051218 1 300 1420 1000      15
1951051300 1 310 1430 1000      15
1951051306 1 314 1442 1002      12
1951051312 0 314 1461 1004      10
1951051318 0 315 1481 1006      10
1951051400 9 319 1500 1006       0
1951051406 9 330 1540 1006       0
1951051412 9 348 1570 1008       0
1951051418 9 370 1600 1008       0
66666 0000   45 0004 0000 1 6 Joan                               20110729
1951050600 0  65 1570 1005       0
1951050606 1  75 1570 1003      15
1951050612 1  82 1571 1003      15
1951050618 1  90 1572 1003      15
1951050700 1 100 1575 1000      15
1951050706 1 109 1582 1000      15
1951050712 2 118 1589  998      20
1951050718 2 126 1596  995      20
1951050800 3 133 1602  990      25
1951050806 3 137 1606  980      30
1951050812 3 139 1609  980      30
1951050818 3 142 1611  985      30
1951050900 3 142 1613  985      30
1951050906 3 137 1611  985      30
1951050912 3 135 1607  985      30
1951050918 3 135 1600  988      25
1951051000 3 137 1589  990      25
1951051006 3 142 1578  993      25
1951051012 2 147 1567  995      20
1951051018 2 155 1561 1000      20
1951051100 2 166 1555 1000      20
1951051106 1 175 1549 1002      15
1951051112 1 184 1543 1004      15
1951051118 0 190 1538 1006      10
1951051200 0 201 1531 1008      10
1951051206 0 210 1527 1008      10
1951051212 0 217 1524 1008      10
1951051218 0 225 1523 1008      10
1951051300 0 233 1524 1008      10
1951051306 0 242 1530 1009       0
1951051312 0 250 1538 1010       0
1951051318 0 259 1549 1010       0
1951051400 0 271 1560 1008       0
1951051406 0 281 1571 1008       0
1951051412 0 290 1581 1008       0
1951051418 9 310 1600 1004       0
1951051500 9 338 1624 1006       0
1951051506 9 357 1647 1008       0
1951051512 9 370 1670 1008       0
1951051518 9 380 1701 1006       0
1951051600 9 389 1725 1004       0
1951051606 9 398 1748 1004       0
1951051612 9 405 1769 1004       0
1951051618 9 410 1789  990       0
1951051700 9 416 1792  990       0
66666 0000   10 0005 0000 0 6 (nameless)                         20110729
1951051200 0 175 1094 1001       0
1951051206 1 185 1105  998      15
1951051212 1 192 1110  998      15
1951051218 1 200 1115  998      15
1951051300 1 210 1122  998      15
1951051306 1 225 1134  998      12
1951051312 0 236 1145  998      10
1951051318 0 245 1156 1000      10
1951051400 0 250 1165 1002      10
1951051406 0 260 1175 1002      10
66666 0000   20 0006 0000 0 6 (nameless)                         20110729
1951061712 1 175 1165 1000      15
1951061718 2 176 1163  998      20
1951061800 2 177 1160  996      20
1951061806 2 179 1155  996      20
1951061812 2 183 1148  998      20
1951061818 2 186 1140  998      20
1951061900 2 190 1130  998      20
1951061906 2 192 1125  998      20
1951061912 2 192 1119  995      20
1951061918 2 192 1112  992      20
1951062000 1 192 1106  992      15
1951062006 1 195 1102  995      12
1951062012 1 200 1099  998      12
1951062018 1 205 1094  998      12
1951062100 1 207 1088  998      15
1951062106 1 207 1082  998      12
1951062112 1 207 1075  998      12
1951062118 0 209 1069  999      10
1951062200 0 210 1062  999      10
1951062206 0 212 1053 1003       0
66666 0000   30 0007 0000 0 6 Kate                               20110729
1951062606 0 110 1350 1006      10
1951062612 0 115 1340 1006      10
1951062618 1 120 1330 1005      15
1951062700 1 127 1321 1004      15
1951062706 1 134 1311 1003      15
1951062712 1 140 1300 1002      15
1951062718 1 147 1290 1001      15
1951062800 2 155 1280 1000      20
1951062806 2 160 1277  999      20
1951062812 2 168 1272  998      20
1951062818 2 176 1271  996      20
1951062900 3 184 1270  995      25
1951062906 3 193 1269  994      30
1951062912 3 210 1271  993      30
1951062918 4 225 1280  991      35
1951063000 4 237 1289  989      35
1951063006 4 252 1293  987      35
1951063012 4 269 1298  985      35
1951063018 4 287 1303  983      35
1951070100 4 299 1310  980      35
1951070106 4 311 1317  975      35
1951070112 4 325 1325  976      35
1951070118 3 337 1337  985      30
1951070200 2 347 1350  993      20
1951070206 9 353 1370  996      20
1951070212 9 350 1419  996      20
1951070218 9 350 1465  996      15
1951070300 9 352 1500  996      15
1951070306 9 362 1537  998      15
1951070312 9 385 1560  998      15
66666 0000   39 0008 0000 1 6 (nameless)                         20110729
1951063006 1 210 1215 1002      12
1951063012 1 217 1218 1002      15
1951063018 1 225 1221 1002      15
1951070100 1 235 1226 1002      15
1951070106 1 239 1229 1002      15
1951070112 1 245 1234 1002      15
1951070118 1 250 1240 1002      15
1951070200 1 255 1246 1000      15
1951070206 2 260 1255  998      20
1951070212 2 262 1261  998      20
1951070218 2 266 1269  997      20
1951070300 2 270 1277  997      20
1951070306 2 276 1289  995      20
1951070312 3 285 1300  992      25
1951070318 3 292 1312  992      25
1951070400 2 301 1322  993      20
1951070406 2 308 1333  995      20
1951070412 2 315 1345  997      20
1951070418 2 320 1355  997      20
1951070500 1 327 1368  998      15
1951070506 9 335 1387  998      15
1951070512 9 345 1409 1000      10
1951070518 9 353 1431 1000       0
1951070600 9 360 1450 1002       0
1951070606 9 370 1480 1002       0
1951070612 9 377 1514 1002       0
1951070618 9 381 1545 1004       0
1951070700 9 385 1570 1005       0
1951070706 9 388 1595 1007       0
1951070712 9 390 1619 1008       0
1951070718 9 390 1643 1010       0
1951070800 9 390 1665 1010       0
1951070806 9 390 1685 1010       0
1951070812 9 395 1710 1010       0
1951070818 9 406 1725 1010       0
1951070900 9 420 1740 1010       0
1951070906 9 432 1756 1010       0
1951070912 9 440 1773 1010       0
1951070918 9 443 1795 1010       0
66666 0000   16 0009 0000 0 6 (nameless)                         20110729
1951072200 0 215 1443 1008       0
1951072206 0 226 1427 1008       0
1951072212 0 237 1415 1008       0
1951072218 0 247 1403 1008       0
1951072300 0 256 1394 1008       0
1951072306 0 263 1387 1008       0
1951072312 0 273 1380 1008       0
1951072318 0 284 1375 1006       0
1951072400 0 293 1370 1006       0
1951072406 1 300 1366 1005      12
1951072412 1 306 1363 1005      12
1951072418 1 310 1363 1005      12
1951072500 1 315 1366 1005      12
1951072506 1 318 1370 1005      12
1951072512 1 322 1375 1006      12
1951072518 0 326 1380 1010       0
66666 0000   18 0010 0000 0 6 (nameless)                         20110729
1951072200 1  81 1360 1004      12
1951072206 1  82 1355 1004      12
1951072212 1  82 1350 1004      12
1951072218 1  82 1345 1004      12
1951072300 1  82 1339 1002      15
1951072306 1  82 1335 1002      15
1951072312 1  81 1330 1002      15
1951072318 1  81 1324 1002      15
1951072400 1  80 1315 1004      12
1951072406 1  81 1299 1006      12
1951072412 0  83 1278 1006       0
1951072418 0  89 1257 1006       0
1951072500 0  93 1243 1007       0
1951072506 0  88 1229 1007       0
1951072512 0  81 1217 1007       0
1951072518 0  74 1206 1007       0
1951072600 0  70 1193 1007       0
1951072606 0  67 1183 1007       0
66666 0000   24 0011 0000 0 6 (nameless)                         20110729
1951072306 0 258 1531 1012       0
1951072312 0 260 1528 1012       0
1951072318 0 262 1523 1012       0
1951072400 0 264 1520 1012       0
1951072406 0 265 1514 1010       0
1951072412 0 266 1506 1010       0
1951072418 0 266 1497 1008       0
1951072500 0 266 1489 1008       0
1951072506 0 266 1483 1008       0
1951072512 0 265 1477 1008       0
1951072518 0 266 1471 1008       0
1951072600 0 267 1464 1008       0
1951072606 0 268 1457 1008       0
1951072612 0 270 1446 1008       0
1951072618 0 273 1438 1008       0
1951072700 1 275 1430 1008      12
1951072706 1 278 1418 1006      12
1951072712 1 280 1405 1006      12
1951072718 1 283 1394 1006      12
1951072800 0 287 1384 1008       0
1951072806 0 292 1381 1008       0
1951072812 0 299 1380 1010       0
1951072818 0 304 1382 1010       0
1951072900 0 310 1384 1010       0
66666 0000   41 0012 0000 0 6 Louise                             20110729
1951072506 3 105 1445  990      30
1951072512 3 101 1435  985      30
1951072518 4 100 1425  980      35
1951072600 4  99 1415  970      40
1951072606 5 100 1405  963      50
1951072612 5 105 1391  960      50
1951072618 6 115 1377  956      55
1951072700 6 120 1365  951      60
1951072706 6 127 1354  948      60
1951072712 6 131 1339  944      60
1951072718 6 135 1325  940      65
1951072800 6 140 1311  937      65
1951072806 6 143 1304  934      70
1951072812 6 147 1293  931      70
1951072818 6 152 1284  928      70
1951072900 6 157 1271  924      75
1951072906 6 158 1254  914      80
1951072912 6 162 1240  904      80
1951072918 6 167 1231  910      80
1951073000 6 173 1224  918      80
1951073006 6 180 1217  934      70
1951073012 6 185 1211  950      60
1951073018 5 190 1205  965      45
1951073100 4 192 1194  979      35
1951073106 4 191 1180  980      35
1951073112 4 193 1169  980      35
1951073118 4 199 1161  975      35
1951080100 4 203 1153  970      40
1951080106 4 207 1143  970      40
1951080112 4 209 1134  970      40
1951080118 4 210 1124  975      35
1951080200 4 212 1116  975      35
1951080206 4 214 1109  975      35
1951080212 3 215 1100  976      30
1951080218 3 217 1093  978      30
1951080300 3 220 1085  980      25
1951080306 1 223 1075  990      15
1951080312 1 228 1065  998      12
1951080318 1 230 1055  998      12
1951080400 0 233 1045 1000      10
1951080406 0 235 1038 1000      10
66666 0000   17 0013 0000 0 6 (nameless)                         20110729
1951080218 0 100 1350 1008       0
1951080300 0 102 1347 1008       0
1951080306 0 104 1344 1008       0
1951080312 0 106 1342 1006       0
1951080318 0 108 1338 1006       0
1951080400 0 111 1335 1006       0
1951080406 0 116 1328 1004       0
1951080412 0 122 1320 1004       0
1951080418 1 128 1309 1004      12
1951080500 1 136 1298 1004      12
1951080506 1 147 1288 1002      15
1951080512 1 159 1275 1002      15
1951080518 1 171 1263 1002      15
1951080600 1 179 1248 1002      15
1951080606 1 173 1231 1002      12
1951080612 0 164 1219 1004       0
1951080618 0 162 1203 1006       0
66666 0000   13 0014 0000 0 6 (nameless)                         20110729
1951080506 0 139 1138 1000       0
1951080512 0 144 1141 1000       0
1951080518 1 146 1146 1000      12
1951080600 1 146 1151  998      12
1951080606 1 150 1155  997      15
1951080612 1 155 1152  995      15
1951080618 1 161 1146  995      15
1951080700 1 168 1138  995      15
1951080706 1 175 1130  998      12
1951080712 1 180 1120  998      12
1951080718 0 180 1110  998       0
1951080800 0 180 1100 1000       0
1951080806 0 180 1080 1000       0
66666 0000   42 0015 0000 0 6 (nameless)                         20110729
1951080900 0 100 1360 1006       0
1951080906 1 110 1345 1004      15
1951080912 2 125 1335 1000      20
1951080918 2 135 1324  995      20
1951081000 3 142 1310  990      25
1951081006 3 146 1300  990      25
1951081012 3 150 1290  990      25
1951081018 3 155 1276  995      25
1951081100 2 160 1260  997      20
1951081106 2 168 1242  999      20
1951081112 2 178 1226  999      20
1951081118 2 190 1210  999      20
1951081200 2 200 1200  999      20
1951081206 2 205 1198  998      20
1951081212 2 209 1197  997      20
1951081218 2 213 1196  995      20
1951081300 3 218 1195  990      25
1951081306 3 224 1194  988      25
1951081312 3 230 1194  988      25
1951081318 3 236 1191  988      25
1951081400 3 239 1184  988      25
1951081406 3 238 1179  988      25
1951081412 3 236 1175  988      25
1951081418 2 230 1170  990      20
1951081500 2 225 1164  990      20
1951081506 1 222 1157  992      15
1951081512 1 220 1150  992      15
1951081518 1 218 1142  992      15
1951081600 1 216 1135  992      12
1951081606 1 215 1131  992      12
1951081612 1 214 1127  992      12
1951081618 1 213 1124  992      12
1951081700 1 213 1120  992      12
1951081706 1 212 1116  992      12
1951081712 1 211 1110  992      12
1951081718 1 211 1104  995      12
1951081800 0 213 1097  996      10
1951081806 0 216 1090  996      10
1951081812 0 219 1087  997      10
1951081818 0 221 1084  997      10
1951081900 0 224 1082  999      10
1951081906 0 226 1080 1000      10
66666 0000   58 0016 0000 3 6 Marge                              20110729
1951081012 3 107 1475  987      25
1951081018 3 117 1465  985      30
1951081100 3 125 1456  982      30
1951081106 3 130 1450  982      30
1951081112 3 134 1443  982      30
1951081118 3 135 1434  982      30
1951081200 3 135 1427  982      30
1951081206 3 134 1421  982      30
1951081212 4 133 1414  978      35
1951081218 4 132 1408  973      40
1951081300 4 133 1401  970      40
1951081306 5 136 1396  964      50
1951081312 6 143 1393  952      55
1951081318 6 150 1390  940      65
1951081400 6 160 1387  929      70
1951081406 6 171 1384  920      75
1951081412 6 181 1377  916      80
1951081418 6 191 1368  914      80
1951081500 6 198 1359  910      80
1951081506 6 204 1351  887      90
1951081512 6 209 1341  886      90
1951081518 6 212 1330  900      85
1951081600 6 212 1321  916      75
1951081606 6 212 1315  922      75
1951081612 6 216 1311  923      75
1951081618 6 223 1309  923      75
1951081700 6 233 1307  924      75
1951081706 6 242 1302  930      70
1951081712 6 250 1297  931      70
1951081718 6 258 1292  933      70
1951081800 6 267 1287  935      65
1951081806 6 270 1285  936      65
1951081812 6 275 1283  936      65
1951081818 6 279 1281  936      65
1951081900 6 283 1277  936      65
1951081906 6 287 1274  937      60
1951081912 6 291 1270  940      60
1951081918 6 295 1265  943      55
1951082000 6 300 1259  943      55
1951082006 6 301 1256  944      55
1951082012 6 304 1252  944      55
1951082018 6 305 1249  946      55
1951082100 6 308 1247  946      55
1951082106 5 310 1241  947      50
1951082112 5 314 1237  954      45
1951082118 4 319 1236  960      40
1951082200 4 325 1238  966      35
1951082206 3 330 1241  973      30
1951082212 3 337 1244  978      30
1951082218 3 343 1252  983      30
1951082300 3 353 1260  985      30
1951082306 3 378 1269  985      25
1951082312 3 399 1275  985      25
1951082318 2 415 1290  985      20
1951082400 2 432 1301  985      20
1951082406 9 450 1305  985      15
1951082412 9 470 1295  987      15
1951082418 9 485 1285  990      15
66666 0000   18 0017 0000 0 6 (nameless)                         20110729
1951081918 0 177 1510 1008       0
1951082000 0 180 1500 1008       0
1951082006 0 179 1489 1008       0
1951082012 0 181 1478 1008       0
1951082018 0 184 1468 1008       0
1951082100 0 190 1461 1008       0
1951082106 0 203 1453 1008       0
1951082112 0 222 1446 1008       0
1951082118 0 239 1439 1008       0
1951082200 0 254 1429 1008       0
1951082206 0 252 1423 1005       0
1951082212 1 246 1425 1006      12
1951082218 1 249 1429 1006      12
1951082300 1 257 1421 1006      15
1951082306 1 263 1412 1006      15
1951082312 1 273 1400 1006      15
1951082318 1 285 1385 1006      15
1951082400 0 300 1370 1008       0
66666 0000   32 0018 0000 0 6 Nora                               20110729
1951082700 0 113 1446 1008       0
1951082706 0 116 1441 1006      10
1951082712 1 118 1436 1004      12
1951082718 1 120 1428 1002      15
1951082800 1 124 1415 1002      15
1951082806 2 130 1400 1000      20
1951082812 2 137 1388 1000      20
1951082818 2 144 1375 1000      20
1951082900 2 150 1360 1000      20
1951082906 2 155 1347 1000      20
1951082912 2 160 1337  998      20
1951082918 2 164 1329  998      20
1951083000 2 166 1320  995      20
1951083006 3 170 1310  990      25
1951083012 3 175 1293  990      25
1951083018 3 176 1277  989      25
1951083100 4 175 1259  980      35
1951083106 4 174 1251  980      35
1951083112 4 175 1242  970      40
1951083118 4 177 1234  970      40
1951090100 4 180 1225  970      40
1951090106 4 183 1210  975      35
1951090112 4 185 1196  975      35
1951090118 4 185 1179  975      40
1951090200 4 187 1159  975      40
1951090206 4 192 1142  975      40
1951090212 4 196 1125  975      40
1951090218 4 197 1110  975      40
1951090300 3 195 1091  985      30
1951090306 3 192 1074  990      25
1951090312 2 190 1055  995      20
1951090318 1 190 1035 1000      15
66666 0000   16 0019 0000 0 6 (nameless)                         20110729
1951090306 0 175 1187 1006       0
1951090312 0 179 1186 1006       0
1951090318 0 181 1183 1006       0
1951090400 1 181 1177 1004      12
1951090406 1 180 1166 1004      12
1951090412 1 179 1160 1004      12
1951090418 1 177 1154 1002      15
1951090500 1 176 1146 1000      15
1951090506 1 175 1138 1000      15
1951090512 1 174 1129 1000      15
1951090518 1 172 1121  998      15
1951090600 1 172 1111  995      15
1951090606 1 174 1100  995      15
1951090612 1 176 1088  995      15
1951090618 1 178 1076  998      15
1951090700 0 180 1058  998       0
66666 0000   25 0020 0000 0 6 (nameless)                         20110729
1951090700 0 210 1480 1008       0
1951090706 0 225 1483 1007       0
1951090712 0 237 1491 1006       0
1951090718 0 250 1508 1005       0
1951090800 0 259 1525 1005       0
1951090806 1 266 1537 1000      15
1951090812 1 275 1545 1002      15
1951090818 1 280 1550 1002      15
1951090900 0 285 1554 1005       0
1951090906 0 290 1558 1005       0
1951090912 0 294 1561 1005       0
1951090918 0 298 1563 1005       0
1951091000 0 302 1566 1005       0
1951091006 0 305 1569 1005       0
1951091012 0 310 1572 1005       0
1951091018 0 314 1575 1005       0
1951091100 0 317 1577 1005       0
1951091106 0 320 1580 1005       0
1951091112 0 323 1583 1006       0
1951091118 0 327 1588 1008       0
1951091200 0 332 1592 1008       0
1951091206 0 336 1598 1010       0
1951091212 0 340 1604 1010       0
1951091218 0 345 1615 1010       0
1951091300 0 351 1635 1012       0
66666 0000   41 0021 0000 0 6 Ora                                20110729
1951091118 0  80 1475 1006       0
1951091200 0  85 1468 1006      10
1951091206 1  89 1461 1004      12
1951091212 1  94 1454 1004      15
1951091218 1 100 1444 1004      15
1951091300 1 106 1435 1004      15
1951091306 1 112 1425 1004      15
1951091312 1 117 1417 1004      15
1951091318 1 122 1406 1004      15
1951091400 1 127 1394 1004      15
1951091406 1 130 1382 1002      15
1951091412 1 130 1370 1002      15
1951091418 1 130 1358 1000      15
1951091500 1 130 1345 1000      15
1951091506 1 131 1335 1000      15
1951091512 2 133 1325  998      20
1951091518 2 136 1318  998      20
1951091600 2 138 1310  998      20
1951091606 3 141 1301  985      30
1951091612 3 143 1293  985      30
1951091618 3 147 1285  985      30
1951091700 3 152 1277  985      30
1951091706 3 158 1268  985      30
1951091712 3 162 1260  985      30
1951091718 4 167 1254  980      40
1951091800 5 173 1247  970      45
1951091806 4 182 1236  980      40
1951091812 4 186 1229  980      40
1951091818 4 189 1218  980      35
1951091900 4 190 1210  980      35
1951091906 4 191 1199  980      35
1951091912 4 192 1188  980      35
1951091918 4 193 1178  980      35
1951092000 4 193 1169  980      35
1951092006 4 194 1160  980      35
1951092012 4 194 1151  980      35
1951092018 3 194 1143  985      30
1951092100 2 195 1134  996      20
1951092106 1 198 1124  998      15
1951092112 1 203 1116  998      15
1951092118 0 208 1102 1000      10
66666 0000   56 0022 0000 1 6 Pat                                20110729
1951092000 0  80 1370 1008       0
1951092006 0  81 1366 1006      10
1951092012 0  83 1362 1006      10
1951092018 0  84 1358 1006      10
1951092100 0  86 1353 1006      10
1951092106 0  90 1349 1006      10
1951092112 0  97 1343 1006      10
1951092118 0 105 1335 1006      10
1951092200 0 113 1328 1006      10
1951092206 0 118 1322 1006      10
1951092212 0 123 1315 1006      10
1951092218 1 127 1307 1006      12
1951092300 1 134 1296 1004      15
1951092306 1 140 1280 1002      15
1951092312 1 147 1264 1002      15
1951092318 2 158 1243 1000      20
1951092400 2 170 1224 1000      20
1951092406 2 183 1202 1000      20
1951092412 2 189 1190 1000      20
1951092418 2 194 1180  998      20
1951092500 3 198 1173  995      25
1951092506 3 204 1169  990      25
1951092512 3 212 1172  990      30
1951092518 3 217 1179  985      30
1951092600 4 221 1184  980      35
1951092606 4 224 1189  980      35
1951092612 3 226 1192  985      30
1951092618 3 230 1195  990      25
1951092700 2 235 1199  995      20
1951092706 2 245 1204  995      20
1951092712 2 256 1209  998      20
1951092718 2 269 1212  999      20
1951092800 2 281 1213 1000      20
1951092806 1 292 1212 1005      15
1951092812 1 304 1212 1005      15
1951092818 9 317 1212 1000      15
1951092900 9 333 1240 1000      15
1951092906 9 363 1280 1000      15
1951092912 9 380 1294  998       0
1951092918 9 395 1317  998       0
1951093000 9 410 1340  998       0
1951093006 9 430 1368  998       0
1951093012 9 445 1390  998       0
1951093018 9 460 1410  998       0
1951100100 9 473 1430 1000       0
1951100106 9 485 1450 1000       0
1951100112 9 491 1472 1000       0
1951100118 9 498 1489  998       0
1951100200 9 500 1510  998       0
1951100206 9 508 1540  996       0
1951100212 9 511 1572  998       0
1951100218 9 514 1605  998       0
1951100300 9 518 1640  998       0
1951100306 9 520 1684  996       0
1951100312 9 520 1733  996       0
1951100318 9 515 1775  998       0
66666 0000   42 0023 0000 1 6 Ruth                               20110729
1951100712 0 116 1466 1004       0
1951100718 1 118 1457 1002      15
1951100800 1 122 1447 1002      15
1951100806 1 127 1436 1000      15
1951100812 2 132 1426  998      20
1951100818 2 136 1413  996      20
1951100900 2 142 1398  992      20
1951100906 3 150 1387  990      25
1951100912 3 154 1378  986      30
1951100918 3 158 1369  982      30
1951101000 4 163 1357  978      35
1951101006 4 167 1343  971      35
1951101012 4 172 1334  965      40
1951101018 5 178 1326  959      45
1951101100 5 183 1316  953      50
1951101106 6 187 1302  948      55
1951101112 6 189 1295  940      60
1951101118 6 192 1290  933      60
1951101200 6 195 1284  928      65
1951101206 6 200 1272  925      70
1951101212 6 207 1265  924      75
1951101218 6 215 1262  924      75
1951101300 6 224 1261  924      75
1951101306 6 235 1264  925      75
1951101312 6 245 1264  926      70
1951101318 6 262 1266  927      70
1951101400 6 279 1275  927      70
1951101406 6 300 1292  927      70
1951101412 6 327 1311  952      60
1951101418 5 355 1335  969      50
1951101500 4 370 1365  972      40
1951101506 4 384 1400  975      35
1951101512 9 398 1450  978       0
1951101518 9 410 1520  978       0
1951101600 9 430 1580  974       0
1951101606 9 450 1640  970       0
1951101612 9 460 1690  960       0
1951101618 9 468 1703  953       0
1951101700 9 476 1737  950       0
1951101706 9 480 1760  950       0
1951101712 9 490 1780  950       0
1951101718 9 499 1790  950       0
66666 0000   27 0024 0000 0 6 Sarah                              20110729
1951102200 0 210 1520 1008       0
1951102206 0 210 1540 1008       0
1951102212 1 220 1560 1002      15
1951102218 1 230 1559 1000      15
1951102300 3 240 1554  990      25
1951102306 4 244 1545  970      40
1951102312 4 245 1535  970      40
1951102318 4 250 1527  970      40
1951102400 4 256 1516  970      40
1951102406 4 263 1509  968      40
1951102412 5 274 1510  965      45
1951102418 5 284 1519  960      45
1951102500 5 293 1531  962      45
1951102506 5 302 1547  962      45
1951102512 4 315 1565  964      40
1951102518 4 325 1583  970      40
1951102600 9 336 1600  970       0
1951102606 9 345 1617  970       0
1951102612 9 354 1635  970       0
1951102618 9 360 1656  970       0
1951102700 9 364 1678  970       0
1951102706 9 373 1700  990       0
1951102712 9 400 1740  995       0
1951102718 9 420 1760  995       0
1951102800 9 430 1767 1000       0
1951102806 9 440 1775 1002       0
1951102812 9 450 1800 1004       0
66666 0000   23 0025 0000 1 6 Thelma                             20110729
1951102706 4 142 1491  980      35
1951102712 4 149 1471  980      35
1951102718 4 155 1450  980      35
1951102800 4 163 1430  975      40
1951102806 5 171 1413  960      50
1951102812 5 184 1396  960      50
1951102818 5 200 1382  960      50
1951102900 6 215 1370  950      60
1951102906 6 233 1361  950      55
1951102912 6 252 1359  950      55
1951102918 6 269 1370  950      55
1951103000 5 285 1388  955      50
1951103006 5 304 1412  960      45
1951103012 4 325 1450  960      40
1951103018 4 343 1495  960      40
1951103100 4 364 1546  970      35
1951103106 4 375 1600  970      35
1951103112 9 377 1630  980       0
1951103118 9 380 1660  980       0
1951110100 9 380 1696  980       0
1951110106 9 380 1732  990       0
1951110112 9 380 1766  990       0
1951110118 9 380 1800  990       0
66666 0000   23 0026 0000 1 6 Vera                               20110729
1951102806 0 160 1280 1006       0
1951102812 0 170 1280 1006      10
1951102818 0 180 1280 1006      10
1951102900 0 190 1282 1006      10
1951102906 0 198 1284 1006      10
1951102912 0 206 1290 1006      10
1951102918 1 218 1306 1004      15
1951103000 1 230 1320 1004      15
1951103006 1 243 1336 1004      15
1951103012 1 257 1358 1002      15
1951103018 1 273 1385 1002      15
1951103100 2 285 1415  998      20
1951103106 3 297 1446  990      30
1951103112 3 305 1475  990      30
1951103118 4 315 1505  980      35
1951110100 4 327 1540  980      35
1951110106 3 336 1575  990      30
1951110112 9 345 1603  990      30
1951110118 9 354 1634  990      30
1951110200 9 363 1671  990      25
1951110206 9 372 1710  992      25
1951110212 9 382 1750  995      20
1951110218 9 395 1790 1000      15
66666 0000   39 0027 0000 0 6 Wanda                              20110729
1951111612 1  88 1430 1006      12
1951111618 1  89 1415 1004      15
1951111700 2  89 1400 1002      20
1951111706 2  90 1385 1000      20
1951111712 3  91 1370 1000      25
1951111718 3  92 1359 1000      25
1951111800 3  95 1345  996      30
1951111806 4  97 1334  990      35
1951111812 4 100 1325  990      35
1951111818 4 105 1317  990      35
1951111900 4 107 1309  990      35
1951111906 4 107 1300  990      35
1951111912 4 107 1292  990      35
1951111918 4 107 1283  985      40
1951112000 4 107 1275  985      40
1951112006 4 110 1263  985      40
1951112012 4 115 1253  990      35
1951112018 4 118 1244  990      35
1951112100 4 122 1235  990      35
1951112106 3 124 1226  990      30
1951112112 3 126 1216  990      25
1951112118 3 128 1207  990      25
1951112200 3 130 1198  990      25
1951112206 3 134 1188  990      30
1951112212 3 137 1180  990      30
1951112218 3 142 1172  990      30
1951112300 4 147 1165  990      35
1951112306 4 151 1159  990      35
1951112312 4 151 1153  990      35
1951112318 4 150 1146  990      35
1951112400 3 147 1140  992      30
1951112406 3 144 1134  992      30
1951112412 3 140 1125  992      30
1951112418 3 136 1116  992      30
1951112500 3 134 1105  995      25
1951112506 3 132 1095  995      25
1951112512 2 130 1086 1000      20
1951112518 1 129 1075 1005      15
1951112600 0 127 1066 1010       0
66666 0000   25 0028 0000 0 6 (nameless)                         20110729
1951112500 0 108 1490 1008       0
1951112506 0 109 1480 1006       0
1951112512 0 110 1470 1006       0
1951112518 0 110 1460 1005       0
1951112600 0 110 1450 1005       0
1951112606 1 110 1440 1004      12
1951112612 1 110 1430 1004      12
1951112618 1 110 1420 1004      12
1951112700 1 110 1410 1004      12
1951112706 1 110 1400 1004      12
1951112712 0 110 1390 1006       0
1951112718 0 109 1380 1006       0
1951112800 0 109 1370 1006       0
1951112806 0 108 1360 1006       0
1951112812 0 108 1348 1006       0
1951112818 0 108 1338 1006       0
1951112900 0 108 1330 1006       0
1951112906 0 108 1321 1006       0
1951112912 0 108 1312 1006       0
1951112918 0 108 1305 1006       0
1951113000 0 109 1297 1008       0
1951113006 0 110 1292 1008       0
1951113012 0 113 1288 1008       0
1951113018 0 116 1287 1008       0
1951120100 0 120 1285 1008       0
66666 0000   65 0029 0000 0 6 Amy                                20110729
1951120300 1  90 1504 1000      15
1951120306 1  91 1494  999      15
1951120312 1  91 1483  999      15
1951120318 1  90 1473  999      15
1951120400 2  90 1465  998      20
1951120406 2  91 1455  998      20
1951120412 2  93 1440  998      20
1951120418 2  96 1425  998      20
1951120500 2 100 1410  998      20
1951120506 3 113 1390  995      25
1951120512 3 117 1375  995      25
1951120518 4 119 1360  980      35
1951120600 4 120 1345  970      40
1951120606 6 120 1335  950      55
1951120612 6 120 1329  950      55
1951120618 6 120 1323  950      55
1951120700 6 120 1316  950      55
1951120706 6 120 1311  950      55
1951120712 6 120 1305  950      55
1951120718 6 120 1299  950      55
1951120800 6 120 1293  950      55
1951120806 6 119 1285  950      55
1951120812 6 118 1279  950      55
1951120818 6 114 1272  950      55
1951120900 6 111 1267  950      55
1951120906 6 108 1259  950      55
1951120912 5 104 1249  955      50
1951120918 5 104 1237  960      50
1951121000 5 104 1228  960      50
1951121006 5 104 1220  960      50
1951121012 5 104 1210  960      50
1951121018 5 105 1201  960      50
1951121100 5 106 1196  968      45
1951121106 5 107 1190  968      45
1951121112 5 109 1185  968      45
1951121118 5 111 1180  968      45
1951121200 5 117 1178  968      45
1951121206 5 117 1182  968      45
1951121212 4 116 1184  970      40
1951121218 4 117 1187  975      40
1951121300 4 120 1187  980      35
1951121306 3 124 1186  985      30
1951121312 3 126 1185  985      30
1951121318 3 125 1182  990      25
1951121400 3 122 1181  990      25
1951121406 3 120 1180  990      25
1951121412 3 118 1180  990      25
1951121418 3 116 1180  990      25
1951121500 3 113 1180  990      25
1951121506 3 111 1177  990      25
1951121512 2 110 1173  995      20
1951121518 2 110 1168  995      20
1951121600 2 111 1163  995      20
1951121606 2 109 1156  995      20
1951121612 2 105 1149  995      20
1951121618 2 104 1140  995      20
1951121700 2 107 1134  995      20
1951121706 1 108 1131 1000      15
1951121712 1 111 1128 1000      15
1951121718 1 113 1125 1000      15
1951121800 1 116 1123 1002      15
1951121806 1 119 1122 1002      15
1951121812 1 122 1121 1004      12
1951121818 1 126 1120 1004      12
1951121900 0 130 1120 1008      10
66666 0000   26 0030 0000 0 6 Babs                               20110729
1951121000 0  90 1430 1006      10
1951121006 1  90 1420 1004      12
1951121012 1  90 1410 1004      12
1951121018 1  91 1399 1000      15
1951121100 2  92 1389  998      20
1951121106 2  93 1378  994      20
1951121112 3  97 1364  990      25
1951121118 3 105 1350  990      25
1951121200 3 113 1340  990      25
1951121206 3 122 1330  990      25
1951121212 3 127 1326  990      25
1951121218 3 131 1320  985      30
1951121300 3 138 1315  985      30
1951121306 4 144 1310  980      40
1951121312 4 149 1308  980      40
1951121318 4 154 1307  980      40
1951121400 4 160 1307  980      40
1951121406 4 176 1323  980      35
1951121412 4 180 1339  980      35
1951121418 4 183 1350  980      35
1951121500 4 188 1365  980      35
1951121506 4 199 1391  980      35
1951121512 9 212 1420  980      35
1951121518 9 228 1450  986      30
1951121600 9 250 1500  990      25
1951121606 9 266 1540  990      20
