66666 0000   22 0001 9001 0 6 Koryn                              20110729
1990011206 1  70 1525 1000      15
1990011212 1  80 1515 1000      15
1990011218 1  85 1505  998      15
1990011300 1  90 1495  998      15
1990011306 2  97 1482  995      20
1990011312 2 112 1466  995      20
1990011318 2 127 1455  995      20
1990011400 3 133 1454  990      25
1990011406 3 140 1455  985      25
1990011412 3 145 1455  980      30
1990011418 4 150 1456  970      35
1990011500 4 155 1458  970      35
1990011506 3 162 1461  980      30
1990011512 3 166 1462  980      30
1990011518 3 171 1462  985      25
1990011600 3 178 1462  985      25
1990011606 3 194 1464  990      25
1990011612 3 212 1469  990      25
1990011618 2 228 1483  995      20
1990011700 2 240 1510  995      20
1990011706 2 260 1545  995      20
1990011712 1 295 1600  995      15
66666 0000   23 0002 9002 0 6 Lewis                              20110729
1990042800 0  50 1520 1005      10
1990042806 1  60 1520 1004      12
1990042812 1  70 1516 1004      12
1990042818 1  80 1510 1000      15
1990042900 1  85 1506 1000      15
1990042906 2  93 1505  995      20
1990042912 2 100 1505  995      20
1990042918 2 105 1505  995      20
1990043000 2 109 1506  995      20
1990043006 2 112 1507  995      20
1990043012 2 114 1510  995      20
1990043018 2 115 1515  995      20
1990050100 2 117 1519  995      20
1990050106 1 120 1523  998      15
1990050112 1 125 1525  998      15
1990050118 1 128 1525  998      15
1990050200 1 130 1524  998      15
1990050206 1 133 1520 1000      15
1990050212 1 137 1517 1000      15
1990050218 1 141 1514 1002      12
1990050300 1 144 1510 1002      12
1990050306 1 147 1504 1004      12
1990050312 1 151 1495 1004      12
66666 0000   26 0003 9003 2 6 Marian                             20110729
1990051418 1  80 1190 1002      12
1990051500 1  90 1180 1002      12
1990051506 1  95 1175 1000      15
1990051512 1  98 1165  998      15
1990051518 2 106 1152  995      20
1990051600 2 116 1142  990      20
1990051606 3 121 1134  985      25
1990051612 3 129 1128  980      30
1990051618 4 139 1124  975      35
1990051700 4 148 1125  975      35
1990051706 4 160 1125  975      35
1990051712 4 172 1127  965      40
1990051718 4 181 1132  965      40
1990051800 4 189 1143  965      40
1990051806 4 200 1153  970      35
1990051812 4 210 1169  975      35
1990051818 3 218 1187  980      30
1990051900 2 228 1199  990      20
1990051906 1 245 1220  995      15
1990051912 1 255 1235 1000      15
1990051918 1 265 1250 1000      15
1990052000 1 275 1261 1000      15
1990052006 1 281 1277 1000      15
1990052012 9 290 1290 1002      12
1990052018 9 299 1307 1004      12
1990052100 9 310 1330 1005      12
66666 0000   16 0004 0000 0 6 (nameless)                         20110729
1990051918 0  90 1220 1005      10
1990052000 1  90 1220 1002      12
1990052006 1  98 1220 1000      15
1990052012 1  98 1220 1000      15
1990052018 1 105 1225 1000      15
1990052100 1 105 1225 1000      15
1990052106 1 110 1225 1000      15
1990052112 1 125 1215 1000      15
1990052118 1 130 1205 1000      15
1990052200 1 140 1195 1000      15
1990052206 1 145 1180 1000      15
1990052212 1 145 1170 1002      12
1990052218 1 145 1160 1002      12
1990052300 1 145 1150 1002      12
1990052306 1 140 1145 1002      12
1990052312 1 140 1130 1002      12
66666 0000   21 0005 0000 0 6 (nameless)                         20110729
1990052406 0 155 1135 1005      10
1990052412 1 160 1120 1002      12
1990052418 1 165 1110 1002      12
1990052500 1 165 1105 1002      12
1990052506 1 165 1105 1002      12
1990052512 1 165 1105 1002      12
1990052518 1 170 1105 1002      12
1990052600 1 175 1105 1000      15
1990052606 1 180 1110 1000      15
1990052612 1 180 1110 1000      15
1990052618 1 180 1110 1000      15
1990052700 1 180 1110 1002      12
1990052706 1 185 1105 1002      12
1990052712 1 185 1105 1002      12
1990052718 1 185 1105 1002      12
1990052800 1 185 1105 1002      12
1990052806 0 185 1095 1004      10
1990052812 0 185 1090 1004      10
1990052818 0 185 1085 1004      10
1990052900 0 190 1075 1004      10
1990052906 0 195 1070 1004      10
66666 0000   26 0006 9004 0 6 Nathan                             20110729
1990061218 0  84 1319 1004      10
1990061300 0  94 1305 1004      10
1990061306 1 100 1295 1002      12
1990061312 1 105 1285 1002      12
1990061318 1 117 1275 1002      12
1990061400 1 128 1261 1000      15
1990061406 1 133 1243 1000      15
1990061412 1 144 1235 1000      15
1990061418 1 155 1217 1000      15
1990061500 1 168 1194  998      15
1990061506 2 172 1180  995      20
1990061512 2 175 1165  995      20
1990061518 2 176 1143  995      20
1990061600 2 176 1122  990      20
1990061606 3 174 1118  985      25
1990061612 3 168 1121  985      25
1990061618 3 171 1122  985      25
1990061700 3 176 1120  985      25
1990061706 3 185 1120  980      30
1990061712 3 196 1119  980      30
1990061718 3 201 1109  980      30
1990061800 3 206 1105  985      25
1990061806 3 216 1096  985      25
1990061812 2 218 1086  990      20
1990061818 1 223 1073  995      15
1990061900 1 222 1060  998      12
66666 0000   12 0007 0000 0 6 (nameless)                         20110729
1990061300 1 140 1120 1002      12
1990061306 1 136 1125 1000      15
1990061312 1 135 1130 1000      15
1990061318 1 135 1137 1000      15
1990061400 1 140 1140 1000      15
1990061406 1 145 1130 1000      15
1990061412 1 145 1120 1000      15
1990061418 1 145 1115 1000      15
1990061500 1 145 1110  998      15
1990061506 1 145 1100  998      15
1990061512 1 145 1100  997      15
1990061518 1 145 1095 1000      12
66666 0000   40 0008 9005 0 6 Ofelia                             20110729
1990061606 1  85 1390 1004      12
1990061612 1  88 1380 1004      12
1990061618 1  90 1370 1002      12
1990061700 1  90 1360 1000      15
1990061706 1  90 1350 1000      15
1990061712 1  90 1340 1000      15
1990061718 1  91 1333 1000      15
1990061800 1  93 1325  998      15
1990061806 2  94 1315  990      20
1990061812 2  95 1303  990      20
1990061818 2  97 1293  990      20
1990061900 2  98 1290  990      20
1990061906 2  99 1287  990      20
1990061912 2 100 1285  990      20
1990061918 3 102 1284  985      25
1990062000 3 108 1282  985      25
1990062006 3 113 1280  980      30
1990062012 3 120 1277  980      30
1990062018 3 135 1267  980      30
1990062100 3 148 1260  975      30
1990062106 3 164 1248  975      30
1990062112 3 174 1240  975      30
1990062118 4 180 1232  970      35
1990062200 4 188 1227  970      35
1990062206 4 199 1219  970      35
1990062212 4 202 1214  965      40
1990062218 4 209 1214  965      40
1990062300 4 223 1214  965      40
1990062306 4 238 1214  965      40
1990062312 4 250 1212  970      35
1990062318 3 266 1205  980      30
1990062400 3 285 1203  985      25
1990062406 2 300 1203  990      20
1990062412 2 314 1202  990      20
1990062418 2 331 1203  990      20
1990062500 1 343 1213  995      15
1990062506 1 352 1227  995      15
1990062512 9 360 1242  995      15
1990062518 9 369 1264  995      15
1990062600 9 377 1291  995      15
66666 0000   39 0009 9006 0 6 Percy                              20110729
1990062018 1 110 1465 1004      12
1990062100 1 109 1460 1002      15
1990062106 2 105 1455  998      20
1990062112 2 102 1450  995      20
1990062118 2  93 1443  990      20
1990062200 2  84 1438  990      20
1990062206 3  74 1433  985      25
1990062212 3  74 1433  985      25
1990062218 3  72 1425  985      25
1990062300 3  73 1418  980      30
1990062306 3  78 1407  980      30
1990062312 3  80 1395  980      30
1990062318 4  85 1380  970      35
1990062400 4  89 1367  970      35
1990062406 4  97 1353  970      35
1990062412 4 105 1336  960      40
1990062418 4 113 1324  960      40
1990062500 5 119 1311  950      45
1990062506 5 123 1300  950      45
1990062512 5 130 1290  950      45
1990062518 5 140 1280  950      45
1990062600 5 147 1269  950      45
1990062606 5 154 1258  950      45
1990062612 5 157 1245  950      45
1990062618 5 164 1237  950      45
1990062700 5 172 1227  950      45
1990062706 4 179 1219  960      40
1990062712 4 192 1208  960      40
1990062718 4 198 1196  960      40
1990062800 4 202 1192  960      40
1990062806 4 210 1186  960      40
1990062812 4 217 1182  960      40
1990062818 4 224 1178  960      40
1990062900 4 230 1176  960      40
1990062906 4 235 1175  965      40
1990062912 3 242 1177  980      30
1990062918 3 250 1183  990      25
1990063000 2 258 1188  995      20
1990063006 0 267 1188  997      10   20
66666 0000   39 0010 9007 0 6 Robyn                              20110729
1990070418 0 110 1410 1004      10
1990070500 0 110 1390 1002      10
1990070506 0 110 1375 1002      10
1990070512 1 111 1361 1002      12
1990070518 1 115 1350 1000      12
1990070600 1 120 1340 1000      12
1990070606 1 125 1330 1000      12
1990070612 1 130 1320 1000      12
1990070618 1 135 1310  998      15
1990070700 1 140 1300  998      15
1990070706 1 147 1294  998      15
1990070712 1 155 1286  998      15
1990070718 1 165 1280  998      15
1990070800 1 173 1273  998      15
1990070806 1 181 1263  998      15
1990070812 2 190 1256  995      20
1990070818 2 197 1250  990      20
1990070900 2 205 1246  990      20
1990070906 2 219 1245  990      20
1990070912 2 234 1243  990      20
1990070918 2 246 1241  990      20
1990071000 3 260 1239  985      25
1990071006 3 274 1236  985      25
1990071012 3 285 1240  985      25
1990071018 2 295 1245  990      20
1990071100 2 305 1251  990      20
1990071106 2 324 1261  992      20
1990071112 2 337 1274  992      20
1990071118 2 350 1285  992      20
1990071200 1 365 1300  993      15
1990071206 1 375 1307  993      15
1990071212 1 380 1320  993      12
1990071218 1 385 1335  993      12
1990071300 1 395 1340  995      12
1990071306 1 405 1345  996      12
1990071312 0 405 1345 1000      10
1990071318 0 415 1350 1000      10
1990071400 0 415 1350 1002      10
1990071406 0 425 1355 1004      10
66666 0000   14 0011 0000 0 6 (nameless)                         20110729
1990072012 1 140 1100 1002      12
1990072018 1 140 1108 1002      12
1990072100 1 145 1115 1002      12
1990072106 1 148 1123 1000      15
1990072112 1 155 1130 1000      15
1990072118 1 160 1115 1000      15
1990072200 1 160 1100 1000      15
1990072206 1 165 1085 1000      15
1990072212 1 175 1070 1002      12
1990072218 1 185 1065 1002      12
1990072300 1 195 1055 1002      12
1990072306 1 200 1045 1002      12
1990072312 1 200 1030 1002      12
1990072318 0 200 1020 1004      10
66666 0000   16 0012 0000 0 6 (nameless)                         20110729
1990072106 0 130 1300 1004      10
1990072112 1 135 1305 1002      12
1990072118 1 145 1308 1002      12
1990072200 1 150 1302 1002      15
1990072206 1 155 1295 1002      15
1990072212 1 160 1290 1002      12
1990072218 1 165 1290 1002      12
1990072300 1 170 1290 1002      12
1990072306 1 178 1287 1002      12
1990072312 1 185 1280 1002      12
1990072318 1 185 1270 1002      12
1990072400 1 187 1260 1002      12
1990072406 1 190 1250 1002      12
1990072412 1 195 1240 1002      12
1990072418 1 200 1230 1002      12
1990072500 1 205 1220 1002      12
66666 0000   41 0013 9008 1 6 Steve                              20110729
1990072400 1 170 1400 1004      12
1990072406 1 170 1400 1004      12
1990072412 1 170 1400 1004      12
1990072418 1 170 1400 1004      12
1990072500 1 175 1415 1004      12
1990072506 1 175 1415 1004      12
1990072512 1 175 1415 1004      12
1990072518 1 183 1420 1004      12
1990072600 1 190 1425 1000      15
1990072606 2 193 1435  998      20
1990072612 2 195 1443  995      20
1990072618 2 197 1445  995      20
1990072700 3 199 1446  990      25
1990072706 3 205 1450  980      30
1990072712 4 209 1450  970      35
1990072718 4 215 1450  970      35
1990072800 4 222 1450  965      40
1990072806 5 230 1448  955      45
1990072812 5 235 1448  955      45
1990072818 5 240 1448  955      45
1990072900 5 245 1448  955      45
1990072906 5 250 1449  955      45
1990072912 5 253 1453  955      45
1990072918 4 257 1458  960      40
1990073000 4 263 1465  960      40
1990073006 4 266 1472  970      35
1990073012 4 268 1481  970      35
1990073018 4 272 1493  970      35
1990073100 4 281 1505  970      35
1990073106 4 291 1523  970      35
1990073112 4 299 1539  970      35
1990073118 4 311 1554  975      35
1990080100 3 328 1568  980      30
1990080106 3 346 1575  985      25
1990080112 3 360 1580  985      25
1990080118 2 379 1581  990      20
1990080200 2 399 1582  990      20
1990080206 1 420 1591  992      15
1990080212 9 440 1600  988      15
1990080218 9 460 1610  988      15
1990080300 9 486 1620  988      15
66666 0000   11 0014 0000 0 6 (nameless)                         20110729
1990072500 0 290 1540 1005      10
1990072506 0 290 1540 1005      10
1990072512 0 300 1540 1005      10
1990072518 0 300 1540 1005      10
1990072600 0 300 1550 1005      10
1990072606 1 310 1560 1002      12
1990072612 1 310 1560 1002      12
1990072618 1 320 1560 1002      12
1990072700 1 330 1555 1000      15
1990072706 1 340 1550 1000      15
1990072712 1 350 1540 1002      12
66666 0000   22 0015 9009 3 6 Tasha                              20110729
1990072612 1 200 1196 1000      15
1990072618 1 196 1200 1000      15
1990072700 1 192 1202 1000      15
1990072706 1 188 1202 1000      15
1990072712 2 186 1198  998      20
1990072718 2 186 1192  998      20
1990072800 2 186 1183  995      20
1990072806 2 186 1180  990      20
1990072812 3 184 1175  990      25
1990072818 3 183 1169  985      25
1990072900 3 182 1164  985      25
1990072906 3 186 1162  985      25
1990072912 3 187 1161  980      30
1990072918 3 188 1160  980      30
1990073000 3 190 1159  980      30
1990073006 3 203 1159  980      30
1990073012 4 214 1158  970      35
1990073018 4 224 1157  970      35
1990073100 3 236 1152  980      25
1990073106 2 249 1145  985      20
1990073112 1 255 1145  992      15
1990073118 0 255 1145  996      10
66666 0000   53 0016 9010 2 6 Vernon                             20110729
1990072800 1 173 1344 1002      12
1990072806 1 174 1347 1002      12
1990072812 1 175 1350 1002      12
1990072818 1 177 1352 1000      12
1990072900 1 178 1357 1000      12
1990072906 1 181 1363  998      15
1990072912 2 185 1367  995      20
1990072918 2 188 1370  995      20
1990073000 3 192 1372  990      25
1990073006 3 196 1374  985      25
1990073012 3 199 1375  985      25
1990073018 3 201 1378  980      30
1990073100 3 205 1384  980      30
1990073106 4 212 1388  970      35
1990073112 4 219 1390  970      35
1990073118 4 228 1391  965      35
1990080100 4 238 1392  955      40
1990080106 4 247 1393  955      40
1990080112 4 257 1395  955      40
1990080118 4 265 1394  960      40
1990080200 4 275 1392  970      35
1990080206 4 284 1393  970      35
1990080212 4 292 1395  970      35
1990080218 4 300 1396  970      35
1990080300 4 308 1398  970      35
1990080306 4 316 1399  970      35
1990080312 4 320 1401  970      35
1990080318 4 325 1403  970      35
1990080400 4 327 1407  970      35
1990080406 4 330 1410  970      35
1990080412 3 332 1416  980      30
1990080418 3 334 1422  980      30
1990080500 3 335 1428  985      25
1990080506 3 337 1432  985      25
1990080512 3 338 1437  985      25
1990080518 3 338 1440  985      25
1990080600 3 339 1445  985      25
1990080606 3 340 1450  985      25
1990080612 3 340 1455  985      25
1990080618 3 342 1459  985      25
1990080700 3 346 1464  985      25
1990080706 2 354 1469  990      20
1990080712 2 358 1472  990      20
1990080718 2 363 1480  995      20
1990080800 2 370 1495  995      20
1990080806 2 376 1516  995      20
1990080812 1 380 1538  995      15
1990080818 1 385 1558  995      15
1990080900 9 389 1581  990      20
1990080906 9 392 1607  988      20
1990080912 9 405 1630  995      20
1990080918 9 420 1660  995      15
1990081000 9 440 1700  995      15
66666 0000   29 0017 9011 1 6 Winona                             20110729
1990080418 1 300 1255 1000      12
1990080500 1 305 1265 1000      15
1990080506 1 313 1275 1000      15
1990080512 1 312 1288 1000      15
1990080518 1 311 1296  996      15
1990080600 1 309 1308  996      15
1990080606 1 300 1320  996      15
1990080612 1 291 1329  996      15
1990080618 1 280 1332  994      15
1990080700 1 270 1338  992      15
1990080706 1 265 1347  992      15
1990080712 1 263 1353  990      15
1990080718 2 262 1360  990      20
1990080800 3 261 1365  985      25
1990080806 3 267 1372  985      25
1990080812 3 277 1374  985      25
1990080818 3 285 1374  985      25
1990080900 3 294 1373  985      25
1990080906 3 309 1373  980      30
1990080912 3 323 1374  975      30
1990080918 3 336 1375  975      30
1990081000 3 349 1383  980      30
1990081006 3 365 1396  985      25
1990081012 2 384 1412  990      20
1990081018 2 401 1425  990      20
1990081100 2 422 1443  990      20
1990081106 2 443 1461  990      20
1990081112 2 460 1500  990      20
1990081118 2 470 1540  990      20
66666 0000   50 0018 9012 0 6 Yancy                              20110729
1990081100 0  91 1551 1006      10
1990081106 0  92 1541 1004      10
1990081112 0 101 1522 1004      10
1990081118 0 102 1512 1002      10
1990081200 1 112 1502 1002      12
1990081206 1 122 1492 1002      12
1990081212 1 132 1482 1002      12
1990081218 1 147 1477 1002      12
1990081300 1 162 1471 1000      15
1990081306 1 172 1470  995      15
1990081312 2 180 1470  990      20
1990081318 2 184 1461  990      20
1990081400 2 187 1440  990      20
1990081406 2 185 1419  990      20
1990081412 2 183 1396  990      20
1990081418 2 183 1372  990      20
1990081500 3 182 1350  985      25
1990081506 3 183 1342  985      25
1990081512 3 185 1333  985      25
1990081518 3 188 1325  980      30
1990081600 3 194 1316  980      30
1990081606 3 197 1308  980      30
1990081612 3 200 1301  980      30
1990081618 3 201 1290  980      30
1990081700 3 205 1275  980      30
1990081706 4 208 1271  970      35
1990081712 4 213 1261  970      35
1990081718 4 214 1252  970      35
1990081800 4 217 1247  970      35
1990081806 4 222 1245  970      35
1990081812 4 226 1242  960      40
1990081818 4 239 1238  955      40
1990081900 4 246 1228  955      40
1990081906 4 249 1211  960      40
1990081912 4 250 1207  965      35
1990081918 4 253 1205  965      35
1990082000 3 256 1197  970      30
1990082006 2 252 1188  980      20   25
1990082012 2 246 1186  980      20   25
1990082018 2 247 1192  980      20   25
1990082100 2 254 1190  985      20   25
1990082106 2 252 1185  985      20
1990082112 2 247 1182  985      20
1990082118 2 242 1179  985      20
1990082200 2 244 1184  985      20
1990082206 2 248 1184  985      20
1990082212 1 251 1179  990      15   20
1990082218 1 250 1170  995      15
1990082300 1 248 1160  998      12
1990082306 0 242 1152  998      10
66666 0000    8 0019 9013 0 6 Aka                                20110729
1990081306 2 148 1806  992      20
1990081312 2 149 1789  994      20
1990081318 2 151 1772  994      20
1990081400 2 151 1753  996      20
1990081406 2 155 1741  998      20
1990081412 1 160 1731 1000      15
1990081418 1 161 1720 1004      12
1990081500 0 162 1709 1006      10
66666 0000   26 0020 9014 0 6 Zola                               20110729
1990081618 1 175 1425 1000      15
1990081700 1 179 1430  998      15
1990081706 2 181 1435  994      20
1990081712 2 182 1440  994      20
1990081718 2 185 1445  990      20
1990081800 3 193 1449  985      30
1990081806 3 200 1450  985      30
1990081812 3 207 1451  985      30
1990081818 3 213 1452  980      30
1990081900 3 218 1453  980      30
1990081906 3 224 1443  980      30
1990081912 3 225 1436  980      30
1990081918 3 226 1428  975      30
1990082000 3 230 1420  975      30
1990082006 4 237 1407  970      35
1990082012 4 245 1397  965      35
1990082018 4 256 1381  965      35
1990082100 4 269 1365  965      35
1990082106 4 283 1349  960      40
1990082112 4 295 1334  960      40
1990082118 4 309 1327  965      35
1990082200 4 328 1322  970      35
1990082206 3 360 1328  980      30
1990082212 3 390 1345  985      25
1990082218 2 415 1363  990      20
1990082300 1 435 1390  992      15
66666 0000   26 0021 9016 0 1 Becky                              20110729
1990082400 1 190 1300 1000      15
1990082406 1 181 1296  998      15
1990082412 1 175 1290  998      15
1990082418 1 176 1286  998      15
1990082500 1 183 1284  998      15
1990082506 2 190 1275  995      20
1990082512 2 194 1265  992      20
1990082518 2 192 1250  990      20
1990082600 3 190 1232  985      25
1990082606 3 188 1221  980      30
1990082612 3 178 1210  975      30
1990082618 3 180 1200  975      30
1990082700 3 180 1190  975      30
1990082706 3 178 1177  975      30
1990082712 4 178 1164  970      35
1990082718 4 177 1150  970      35
1990082800 4 175 1140  970      35
1990082806 4 176 1127  965      35
1990082812 4 176 1115  965      35
1990082818 4 177 1101  965      35
1990082900 4 178 1085  965      35
1990082906 4 178 1076  965      35
1990082912 3 179 1065  975      30
1990082918 3 179 1050  980      30
1990083000 2 180 1037  990      20
1990083006 1 180 1028  995      15
66666 0000   39 0022 9015 0 6 Abe                                20110729
1990082406 1 125 1440 1000      12
1990082412 1 128 1437 1000      15
1990082418 1 130 1435  998      15
1990082500 2 134 1433  995      20
1990082506 2 137 1432  990      20
1990082512 2 140 1430  990      20
1990082518 2 143 1426  990      20
1990082600 3 145 1423  990      25
1990082606 3 150 1420  988      25
1990082612 3 157 1417  985      25
1990082618 3 165 1411  985      25
1990082700 3 178 1404  985      25
1990082706 3 191 1400  985      25
1990082712 3 204 1389  985      25
1990082718 3 214 1370  980      30
1990082800 3 217 1355  980      30
1990082806 3 219 1342  975      30
1990082812 4 222 1326  970      35
1990082818 4 228 1305  970      35
1990082900 4 235 1291  970      35
1990082906 4 240 1277  970      35
1990082912 4 245 1265  965      40
1990082918 5 247 1253  955      45
1990083000 5 252 1246  955      45
1990083006 5 258 1238  955      45
1990083012 5 266 1229  955      45
1990083018 5 274 1224  955      45
1990083100 4 284 1218  965      40
1990083106 3 291 1209  980      30
1990083112 3 298 1206  980      30
1990083118 3 306 1204  985      25
1990090100 3 316 1204  985      25
1990090106 2 327 1207  990      20
1990090112 2 350 1220  990      20
1990090118 2 361 1235  990      20
1990090200 2 370 1250  995      20
1990090206 1 380 1270  995      15
1990090212 1 390 1290 1000      12
1990090218 1 399 1310 1000      12
66666 0000   11 0023 9017 0 6 Cecil                              20110729
1990090212 1 210 1230 1002      12
1990090218 1 220 1230 1002      12
1990090300 1 230 1230 1000      15
1990090306 1 240 1227 1000      15
1990090312 1 250 1225 1000      15
1990090318 2 257 1214  998      20
1990090400 3 262 1209  995      25
1990090406 3 267 1205  990      30
1990090412 2 270 1201 1000      20
1990090418 2 270 1201 1000      20
1990090500 1 279 1204 1002      15
66666 0000   20 0024 9018 2 6 Dot                                20110729
1990090300 1 172 1428 1002      15
1990090306 1 166 1423 1002      15
1990090312 1 156 1416 1000      15
1990090318 1 147 1407 1000      15
1990090400 2 143 1398  998      20
1990090406 2 141 1387  995      20
1990090412 2 142 1377  995      20
1990090418 2 148 1370  995      20
1990090500 3 158 1362  990      25
1990090506 3 170 1345  985      25
1990090512 3 180 1326  980      30
1990090518 3 184 1312  980      30
1990090600 4 190 1297  970      35
1990090606 4 198 1284  970      35
1990090612 4 204 1267  965      35
1990090618 4 210 1254  965      35
1990090700 4 217 1240  960      40
1990090706 4 222 1230  960      40
1990090712 4 230 1219  960      40
1990090718 4 236 1207  970      35
66666 0000   12 0024 9018 3 6 Dot(-)1                            20110729
1990090712 1 230 1200  985      15
1990090718 4 234 1196  970      35
1990090800 4 236 1190  970      35
1990090806 4 244 1186  975      35
1990090812 3 250 1168  985      25
1990090818 3 248 1163  985      25
1990090900 1 245 1154  990      15   20
1990090906 1 250 1145  994      12   20
1990090912 1 255 1150  995      12   20
1990090918 1 265 1160  996      12   20
1990091000 0 270 1165  998      10   20
1990091006 0 270 1165  998      10   20
66666 0000    7 0024 9018 0 6 Dot(-)2                            20110729
1990091012 0 238 1142 1001       9
1990091018 0 236 1145 1001       9
1990091100 0 235 1153 1001       9
1990091106 1 240 1149 1000      12
1990091112 0 233 1141 1001      10
1990091118 0 228 1140 1002       9
1990091200 0 210 1130 1003       9
66666 0000   43 0025 9019 0 6 Ed                                 20110729
1990090918 0 185 1485 1004      10
1990091000 1 190 1475 1002      12
1990091006 1 195 1465 1002      12
1990091012 1 197 1455 1002      12
1990091018 1 198 1440 1000      15
1990091100 1 198 1425  998      15
1990091106 1 196 1410  998      15
1990091112 2 192 1379  995      20
1990091118 2 194 1375  995      20
1990091200 2 195 1370  995      20
1990091206 2 196 1363  995      20
1990091212 3 199 1350  990      25
1990091218 3 201 1335  990      25
1990091300 3 200 1320  985      25
1990091306 3 198 1302  985      25
1990091312 3 198 1285  985      25
1990091318 3 198 1268  985      25
1990091400 3 197 1247  980      30
1990091406 3 193 1234  980      30
1990091412 4 190 1212  970      35
1990091418 4 184 1200  970      35
1990091500 4 181 1190  970      35
1990091506 4 177 1180  970      35
1990091512 4 175 1170  970      35
1990091518 4 170 1160  970      35
1990091600 4 168 1150  970      35
1990091606 4 165 1142  970      35
1990091612 4 162 1135  970      35
1990091618 4 161 1129  970      35
1990091700 4 161 1123  970      35
1990091706 4 162 1119  970      35
1990091712 4 162 1110  970      35
1990091718 4 163 1104  970      35
1990091800 4 163 1097  970      35
1990091806 3 166 1089  980      30
1990091812 3 167 1082  980      30
1990091818 3 168 1076  980      30
1990091900 3 170 1072  985      25
1990091906 2 173 1067  990      20
1990091912 2 176 1066  990      20
1990091918 2 185 1063  990      20
1990092000 1 193 1055 1000      15
1990092006 1 198 1048 1000      15
66666 0000   36 0026 9020 1 6 Flo                                20110729
1990091212 1 124 1471 1002      12
1990091218 1 135 1458 1000      12
1990091300 1 145 1444  998      15
1990091306 2 150 1435  996      20
1990091312 2 155 1422  996      20
1990091318 2 162 1413  995      20
1990091400 3 172 1405  995      25
1990091406 3 182 1392  985      25
1990091412 3 188 1381  980      30
1990091418 3 196 1366  975      30
1990091500 3 202 1356  975      30
1990091506 4 210 1346  970      35
1990091512 4 217 1335  970      35
1990091518 4 223 1324  960      40
1990091600 4 227 1315  960      40
1990091606 5 233 1307  950      45
1990091612 5 237 1299  940      50
1990091618 6 242 1295  930      55
1990091700 6 249 1291  930      55
1990091706 6 255 1289  930      55
1990091712 6 261 1289  930      55
1990091718 6 268 1292  930      55
1990091800 5 277 1297  935      50
1990091806 5 285 1301  935      50
1990091812 5 293 1309  945      45
1990091818 5 303 1316  955      45
1990091900 4 312 1325  960      40
1990091906 4 325 1338  960      40
1990091912 4 339 1356  965      35
1990091918 3 360 1375  975      30
1990092000 3 385 1405  985      25
1990092006 2 400 1450  990      20
1990092012 9 412 1500  990      15
1990092018 9 430 1550  990      15
1990092100 9 450 1600  985      15
1990092106 9 460 1660  985      15
66666 0000   37 0027 9021 0 6 Gene                               20110729
1990092212 0 135 1340 1004      10
1990092218 1 138 1335 1004      12
1990092300 1 145 1334 1004      12
1990092306 1 155 1330 1002      15
1990092312 1 164 1325 1002      15
1990092318 1 172 1320 1000      15
1990092400 1 179 1315 1000      15
1990092406 2 185 1302  995      20
1990092412 2 191 1296  995      20
1990092418 2 197 1286  990      20
1990092500 3 199 1279  985      25
1990092506 3 207 1274  985      25
1990092512 3 215 1270  980      30
1990092518 4 222 1267  970      35
1990092600 4 229 1265  965      35
1990092606 4 237 1264  965      35
1990092612 4 243 1264  960      40
1990092618 4 247 1263  960      40
1990092700 4 254 1262  960      40
1990092706 4 261 1259  965      35
1990092712 4 267 1260  965      35
1990092718 4 273 1262  965      35
1990092800 4 278 1265  965      35
1990092806 4 284 1270  960      40
1990092812 4 289 1277  960      40
1990092818 4 297 1285  960      40
1990092900 4 302 1293  970      35
1990092906 4 311 1309  970      35
1990092912 4 318 1322  970      35
1990092918 4 326 1335  970      35
1990093000 3 336 1352  980      30
1990093006 3 348 1372  990      25
1990093012 2 355 1390  995      20
1990093018 1 360 1410 1000      15
1990100100 1 380 1430 1002      12
1990100106 1 400 1440 1002      12
1990100112 1 420 1460 1002      12
66666 0000   36 0028 9022 0 6 Hattie                             20110729
1990093006 0 160 1500 1002      10
1990093012 1 156 1495 1000      12
1990093018 1 152 1490 1000      12
1990100100 1 152 1486 1000      15
1990100106 1 154 1481 1000      15
1990100112 1 158 1477 1000      15
1990100118 2 165 1461  995      20
1990100200 2 170 1446  995      20
1990100206 3 170 1431  990      25
1990100212 3 176 1420  985      25
1990100218 3 182 1410  980      30
1990100300 4 187 1390  970      35
1990100306 4 197 1374  970      35
1990100312 4 204 1356  965      35
1990100318 4 213 1336  960      40
1990100400 4 220 1324  960      40
1990100406 4 231 1310  960      40
1990100412 4 236 1302  960      40
1990100418 4 241 1291  960      40
1990100500 4 246 1281  960      40
1990100506 4 250 1274  960      40
1990100512 4 258 1272  955      40
1990100518 4 268 1270  955      40
1990100600 4 275 1270  955      40
1990100606 4 282 1272  955      40
1990100612 4 287 1277  960      40
1990100618 4 290 1280  970      35
1990100700 3 294 1282  975      30
1990100706 3 296 1287  980      30
1990100712 3 303 1298  985      25
1990100718 3 315 1318  985      25
1990100800 2 332 1344  985      20
1990100806 1 348 1376  990      15
1990100812 1 370 1440  995      15
1990100818 1 380 1480  998      12
1990100900 1 390 1530 1000      12
66666 0000    8 0029 0000 1 6 Ira                                20110729
1990100200 1 136 1133  998      15
1990100206 1 136 1128  998      15
1990100212 2 134 1121  995      20
1990100218 2 135 1112  995      20
1990100300 2 137 1098  995      20
1990100306 1 138 1084  998      15
1990100312 1 140 1068  998      15
1990100318 1 145 1050 1000      15
66666 0000   11 0030 0000 1 6 Jeana                              20110729
1990101206 1 135 1150 1000      15
1990101212 1 135 1135 1000      15
1990101218 1 135 1120 1000      15
1990101300 1 135 1120 1000      15
1990101306 1 135 1110 1000      15
1990101312 1 130 1102 1002      12
1990101318 1 130 1102 1002      12
1990101400 1 125 1095 1002      12
1990101406 1 120 1080 1002      12
1990101412 0 120 1070 1004      10
1990101418 0 130 1060 1004      10
66666 0000   37 0031 9023 1 6 Kyle                               20110729
1990101518 0 148 1487 1004      10
1990101600 1 150 1480 1002      12
1990101606 1 151 1476 1000      15
1990101612 1 153 1473  998      15
1990101618 1 154 1469  998      15
1990101700 2 156 1465  995      20
1990101706 2 160 1459  995      20
1990101712 3 167 1455  990      25
1990101718 3 173 1454  985      25
1990101800 3 177 1450  980      30
1990101806 3 182 1448  980      30
1990101812 3 188 1444  980      30
1990101818 4 194 1439  975      35
1990101900 4 198 1437  975      35
1990101906 4 204 1431  970      40
1990101912 4 209 1426  970      40
1990101918 4 214 1422  970      40
1990102000 4 219 1421  965      40
1990102006 4 226 1422  965      40
1990102012 4 231 1425  965      40
1990102018 4 241 1434  965      40
1990102100 5 251 1445  960      45
1990102106 5 264 1454  960      45
1990102112 4 280 1472  965      40
1990102118 4 303 1492  970      35
1990102200 4 324 1507  975      35
1990102206 3 342 1520  980      30
1990102212 9 358 1538  985      25
1990102218 9 378 1550  985      25
1990102300 9 390 1560  990      25
1990102306 9 400 1570  990      25
1990102312 9 415 1580  995      20
1990102318 9 432 1592  995      20
1990102400 9 445 1610  995      20
1990102406 9 450 1630  998      15
1990102412 9 452 1652 1000      12
1990102418 9 450 1680 1002      12
66666 0000   11 0032 9024 0 6 Lola                               20110729
1990101606 1 134 1148  998      15
1990101612 1 136 1145  998      15
1990101618 1 138 1140  998      15
1990101700 1 140 1134  998      15
1990101706 1 142 1128  998      15
1990101712 1 142 1117  998      15
1990101718 2 138 1108  995      20
1990101800 2 136 1099  995      20
1990101806 2 135 1087  995      20
1990101812 1 137 1075 1000      12
1990101818 0 139 1058 1002      10
66666 0000   48 0033 9025 0 6 Mike                               20110729
1990110612 0  60 1515 1004      10
1990110618 1  60 1500 1002      12
1990110700 1  60 1485 1002      12
1990110706 1  60 1470 1000      15
1990110712 1  63 1455 1000      15
1990110718 1  68 1445 1000      15
1990110800 2  75 1435  998      20
1990110806 3  78 1429  990      25
1990110812 3  83 1419  990      25
1990110818 3  89 1408  985      25
1990110900 3  89 1397  980      30
1990110906 4  89 1385  970      35
1990110912 4  89 1377  970      35
1990110918 4  89 1366  960      40
1990111000 4  86 1359  960      40
1990111006 5  82 1352  950      45
1990111012 5  79 1348  950      45
1990111018 5  79 1342  940      50
1990111100 6  79 1337  930      60
1990111106 6  82 1328  920      70
1990111112 6  88 1316  910      75
1990111118 6  91 1306  910      75
1990111200 6  95 1293  910      75
1990111206 6  97 1281  920      70
1990111212 6 102 1266  925      65
1990111218 6 106 1248  935      55
1990111300 5 106 1232  950      45
1990111306 5 109 1212  950      45
1990111312 5 111 1199  950      45
1990111318 4 117 1189  960      40
1990111400 4 124 1179  960      40
1990111406 4 134 1154  965      40
1990111412 4 136 1139  965      40
1990111418 4 136 1126  970      35
1990111500 4 138 1120  970      35
1990111506 4 141 1110  970      35
1990111512 4 146 1105  970      35
1990111518 4 152 1097  970      35
1990111600 4 158 1094  970      35
1990111606 4 166 1098  970      35
1990111612 3 173 1096  980      30
1990111618 3 180 1094  980      30
1990111700 3 193 1084  985      25
1990111706 3 202 1080  990      25
1990111712 2 205 1080  995      20
1990111718 1 205 1080  998      15
1990111800 1 211 1080 1002      15
1990111806 1 211 1080 1005      12
66666 0000   13 0034 9026 0 6 Nell                               20110729
1990110912 1 130 1155 1002      15
1990110918 1 130 1145 1000      15
1990111000 1 130 1130 1000      15
1990111006 1 130 1120 1000      15
1990111012 2 129 1115  995      20
1990111018 2 128 1110  995      20
1990111100 2 125 1125  990      20
1990111106 3 126 1120  990      25
1990111112 3 127 1115  985      25
1990111118 3 131 1110  985      25
1990111200 2 130 1105  990      20
1990111206 1 129 1088  995      15
1990111212 0 127 1075 1002      10   15
66666 0000   55 0035 9027 0 6 Owen                               20110729
1990112006 1  85 1710 1002      12
1990112012 1  85 1700 1002      12
1990112018 1  85 1685 1002      12
1990112100 1  90 1670 1002      12
1990112106 1  98 1665  995      15
1990112112 2 102 1657  990      20
1990112118 3 102 1648  985      25
1990112200 3 102 1639  980      30
1990112206 4 101 1632  970      35
1990112212 4  99 1625  960      40
1990112218 4  95 1621  960      40
1990112300 5  89 1618  950      45
1990112306 5  88 1615  950      45
1990112312 5  88 1612  945      45
1990112318 5  89 1606  935      50
1990112400 5  89 1606  935      50
1990112406 5  90 1603  935      50
1990112412 5  90 1600  945      45
1990112418 5  92 1598  945      45
1990112500 4  93 1588  960      40
1990112506 4  91 1581  965      40
1990112512 4  90 1575  965      40
1990112518 4  89 1569  965      40
1990112600 4  86 1565  960      40
1990112606 4  85 1557  960      40
1990112612 4  84 1550  955      40
1990112618 4  82 1542  955      40
1990112700 5  84 1534  950      45
1990112706 5  84 1521  945      50
1990112712 6  82 1508  930      55
1990112718 6  80 1492  930      55
1990112800 6  78 1480  930      55
1990112806 6  77 1467  930      55
1990112812 5  74 1457  940      50
1990112818 5  77 1445  940      50
1990112900 5  83 1434  940      50
1990112906 5  90 1416  940      50
1990112912 5  95 1405  940      50
1990112918 5  97 1398  950      45
1990113000 4 103 1398  960      40
1990113006 3 115 1399  975      30
1990113012 3 124 1400  985      25
1990113018 3 134 1392  985      25
1990120100 2 136 1386  990      20
1990120106 2 138 1380  995      20
1990120112 1 142 1373  998      15
1990120118 1 143 1367  998      15
1990120200 1 143 1359  998      15
1990120206 1 143 1350  998      15
1990120212 1 143 1340 1000      15
1990120218 1 138 1327 1000      15
1990120300 1 125 1315 1000      15
1990120306 1 110 1310 1002      15
1990120312 1 110 1310 1002      15
1990120318 1 100 1300 1004      12
66666 0000   42 0036 9028 1 6 Page                               20110729
1990112012 0  75 1455 1004      10
1990112018 1  80 1450 1002      12
1990112100 1  85 1445 1000      15
1990112106 1  85 1445 1000      15
1990112112 1  85 1445 1000      15
1990112118 1  97 1440 1000      15
1990112200 1 105 1432 1000      15
1990112206 1 113 1426 1000      15
1990112212 2 115 1417  995      20
1990112218 2 115 1412  990      20
1990112300 2 116 1407  990      20
1990112306 3 120 1407  985      25
1990112312 3 122 1395  985      25
1990112318 3 122 1389  980      30
1990112400 4 119 1381  980      35
1990112406 4 119 1374  970      35
1990112412 4 120 1364  970      35
1990112418 4 120 1351  965      40
1990112500 4 119 1343  965      40
1990112506 5 118 1335  960      45
1990112512 5 120 1326  955      45
1990112518 5 123 1317  945      50
1990112600 6 124 1309  935      55
1990112606 6 126 1300  930      55
1990112612 6 131 1292  930      55
1990112618 6 138 1283  915      60
1990112700 6 146 1274  915      60
1990112706 6 155 1267  910      65
1990112712 6 164 1262  910      65
1990112718 6 173 1259  910      65
1990112800 6 184 1260  920      60
1990112806 6 195 1264  930      55
1990112812 5 210 1272  940      50
1990112818 4 226 1284  950      40
1990112900 4 242 1302  960      35
1990112906 3 254 1314  970      30
1990112912 3 277 1327  985      25
1990112918 3 295 1341  985      25
1990113000 3 318 1352  985      25
1990113006 3 335 1361  985      25
1990113012 9 359 1367  990      20
1990113018 9 390 1381  998      15
66666 0000   41 0037 9029 1 6 Russ                               20110729
1990121400 1  50 1720 1002      15
1990121406 1  50 1710 1002      15
1990121412 1  52 1695 1000      15
1990121418 2  58 1685  998      20
1990121500 2  62 1675  996      20
1990121506 2  67 1663  994      20
1990121512 3  71 1650  990      25
1990121518 3  74 1635  985      25
1990121600 3  77 1622  980      30
1990121606 3  79 1611  980      30
1990121612 3  81 1600  975      30
1990121618 4  86 1590  970      35
1990121700 4  89 1581  965      35
1990121706 4  96 1573  960      40
1990121712 4  99 1562  960      40
1990121718 4 101 1554  955      40
1990121800 5 103 1542  950      45
1990121806 5 104 1530  950      45
1990121812 5 106 1519  940      50
1990121818 6 108 1510  925      55
1990121900 6 110 1502  920      55
1990121906 6 112 1495  920      55
1990121912 6 115 1488  920      60
1990121918 6 118 1481  920      60
1990122000 6 120 1475  920      60
1990122006 6 123 1465  920      60
1990122012 6 126 1455  920      60
1990122018 6 128 1441  930      55
1990122100 6 131 1429  930      55
1990122106 6 138 1416  930      55
1990122112 6 146 1401  930      55
1990122118 5 155 1389  940      50
1990122200 5 164 1382  940      50
1990122206 5 175 1376  940      50
1990122212 5 190 1377  940      50
1990122218 5 203 1382  950      45
1990122300 4 217 1392  960      40
1990122306 4 229 1404  960      40
1990122312 4 240 1420  970      35
1990122318 3 250 1440  980      30
1990122400 3 258 1471  990      25
