66666 0000   12 0001 0000 0 6 (nameless)                         20110729
2006030406 1  50 1383 1000      15
2006030412 1  55 1380 1000      15
2006030418 1  66 1379 1000      15
2006030500 1  69 1377 1000      15
2006030506 1  72 1375 1000      15
2006030512 1  75 1375 1000      15
2006030518 1  66 1381 1002      12
2006030600 1  52 1373 1002      12
2006030606 1  46 1366 1002      12
2006030612 1  44 1356 1002      12
2006030618 1  42 1350 1002      12
2006030700 1  41 1344 1004      12
66666 0000   46 0002 0601 0 6 Chanchu                            20110729
2006050806 1  87 1353 1000      15
2006050812 1  86 1345 1000      15
2006050818 1  85 1339 1000      15
2006050900 1  83 1334 1000      15
2006050906 1  84 1326 1000      15
2006050912 2  86 1320  998      18
2006050918 2  87 1315  995      20
2006051000 2  91 1308  990      23
2006051006 2  97 1299  990      23
2006051012 3  98 1294  990      25
2006051018 3 103 1289  985      28
2006051100 3 109 1281  985      28
2006051106 3 115 1268  985      28
2006051112 3 120 1258  980      30
2006051118 3 124 1247  985      28
2006051200 3 127 1237  985      28
2006051206 3 130 1226  980      30
2006051212 3 130 1218  980      30
2006051218 3 130 1212  980      30
2006051300 3 134 1206  980      30
2006051306 3 138 1194  980      30
2006051312 4 139 1189  975      33
2006051318 4 139 1182  970      35
2006051400 4 139 1175  960      40
2006051406 4 139 1166  960      40
2006051412 5 139 1159  950      45
2006051418 5 139 1155  940      50
2006051500 5 141 1153  940      50
2006051506 5 147 1152  940      50
2006051512 5 154 1151  940      50
2006051518 5 162 1150  940      50
2006051600 5 169 1149  940      50
2006051606 5 178 1149  950      45
2006051612 5 188 1151  950      45
2006051618 5 195 1153  950      45
2006051700 5 205 1156  950      45
2006051706 4 213 1160  960      40
2006051712 4 224 1167  960      40
2006051718 4 234 1170  960      35
2006051800 2 245 1178  990      23
2006051806 2 259 1192  996      20
2006051812 2 292 1225  998      20
2006051818 1 314 1234  998      15
2006051900 9 316 1249  998      15
2006051906 9 322 1268  998      15
2006051912 9 328 1287 1000      15
66666 0000   20 0003 0602 0 6 Jelawat                            20110729
2006062406 1 108 1273 1004      12
2006062412 1 114 1263 1004      12
2006062418 1 118 1253 1004      12
2006062500 1 119 1240 1004      12
2006062506 1 120 1228 1004      12
2006062512 1 124 1217 1004      12
2006062518 1 129 1205 1004      12
2006062600 1 135 1195 1000      15
2006062606 1 145 1182 1000      15
2006062612 1 153 1170 1000      15
2006062618 1 159 1160 1000      15
2006062700 1 166 1153 1000      15
2006062706 2 173 1148  996      18
2006062712 2 181 1138  996      18
2006062718 2 184 1129  995      20
2006062800 2 190 1119  995      20
2006062806 2 197 1115  995      20
2006062812 2 202 1109  995      20
2006062818 1 206 1106  996      15
2006062900 1 213 1105  998      12
66666 0000   55 0004 0603 0 6 Ewiniar                            20110729
2006062906 1  60 1398 1004      12
2006062912 1  60 1395 1004      12
2006062918 1  61 1392 1000      15
2006063000 1  62 1387 1000      15
2006063006 1  66 1384 1000      15
2006063012 1  70 1380 1000      15
2006063018 2  75 1378  998      18
2006070100 2  85 1375  998      18
2006070106 2  94 1370  995      20
2006070112 2 102 1367  990      23
2006070118 2 107 1362  990      23
2006070200 2 109 1357  990      23
2006070206 3 112 1351  990      25
2006070212 3 117 1346  990      25
2006070218 3 121 1345  980      30
2006070300 4 124 1344  975      33
2006070306 4 131 1344  960      40
2006070312 5 141 1341  955      45
2006070318 5 147 1335  950      45
2006070400 5 153 1330  950      45
2006070406 5 161 1325  950      45
2006070412 5 168 1322  940      50
2006070418 6 174 1315  935      55
2006070500 6 179 1308  935      55
2006070506 5 182 1301  950      45
2006070512 5 185 1297  950      45
2006070518 5 188 1292  950      45
2006070600 5 192 1288  950      45
2006070606 5 196 1285  950      45
2006070612 5 201 1282  950      45
2006070618 5 205 1278  950      45
2006070700 5 208 1276  950      45
2006070706 5 214 1274  950      45
2006070712 5 221 1271  950      45
2006070718 5 225 1266  950      45
2006070800 5 232 1265  950      45
2006070806 4 241 1263  960      40
2006070812 4 251 1261  960      40
2006070818 4 263 1259  960      40
2006070900 4 275 1258  960      40
2006070906 4 292 1258  970      35
2006070912 4 307 1257  975      33
2006070918 3 322 1257  980      30
2006071000 3 338 1262  980      30
2006071006 2 356 1268  990      23
2006071012 9 375 1284  996      15
2006071018 9 392 1303  996      15
2006071100 9 403 1322  996      15
2006071106 9 410 1341  998      15
2006071112 9 421 1358 1000      12
2006071118 9 436 1375 1000      12
2006071200 9 455 1399 1000      12
2006071206 9 468 1406 1000      12
2006071212 9 476 1408 1000      12
2006071218 9 482 1409 1000      12
66666 0000    7 0005 0000 0 6 (nameless)                         20110729
2006070218 1 162 1104 1002      12
2006070300 1 164 1100 1002      12
2006070306 1 174 1104 1000      12
2006070312 1 188 1102  997      15
2006070318 1 199 1095  998      15
2006070400 1 210 1083  998      15
2006070406 1 219 1074  998      12
66666 0000   38 0006 0604 0 6 Bilis                              20110729
2006070806 1 116 1405 1000      12
2006070812 1 120 1397 1000      15
2006070818 1 125 1388 1000      15
2006070900 1 129 1379 1000      15
2006070906 2 135 1368  996      18
2006070912 2 141 1360  996      18
2006070918 2 147 1350  996      18
2006071000 2 155 1338  995      18
2006071006 2 163 1327  995      20
2006071012 2 168 1318  990      23
2006071018 3 175 1306  990      25
2006071100 3 183 1299  985      28
2006071106 3 190 1290  985      28
2006071112 3 195 1283  985      28
2006071118 3 201 1271  985      28
2006071200 3 208 1260  985      28
2006071206 3 213 1253  985      28
2006071212 3 218 1247  980      30
2006071218 3 222 1242  980      30
2006071300 3 230 1237  980      30
2006071306 3 237 1231  975      30
2006071312 3 243 1225  975      30
2006071318 3 250 1215  975      30
2006071400 3 254 1206  975      30
2006071406 3 265 1196  980      25
2006071412 2 269 1176  985      20
2006071418 2 268 1164  987      20
2006071500 2 266 1154  989      18
2006071506 1 262 1147  992      13
2006071512 1 266 1142  993      12
2006071518 0 272 1140  994      10
2006071600 0 271 1133  994      10
2006071606 0 264 1121  996      10
2006071612 0 264 1108  996      10
2006071618 0 248 1085 1000      10
2006071700 0 238 1072 1000      10
2006071706 0 228 1053 1000      10
2006071712 0 226 1049 1000      10
66666 0000   46 0007 0605 0 6 Kaemi                              20110729
2006071718 1  89 1478 1004      12
2006071800 1  94 1470 1004      12
2006071806 1  98 1460 1002      15
2006071812 1 102 1445 1000      15
2006071818 1 104 1433 1000      15
2006071900 1 110 1420 1000      15
2006071906 2 117 1408  995      18
2006071912 2 120 1398  995      18
2006071918 2 121 1390  995      20
2006072000 3 126 1384  990      25
2006072006 3 135 1377  985      28
2006072012 3 141 1364  980      30
2006072018 4 147 1356  975      33
2006072100 4 154 1341  970      35
2006072106 4 158 1328  970      35
2006072112 4 161 1317  960      40
2006072118 4 164 1308  960      40
2006072200 4 166 1297  960      40
2006072206 4 169 1291  960      40
2006072212 4 171 1287  960      40
2006072218 4 179 1281  960      40
2006072300 4 185 1274  960      40
2006072306 4 193 1265  960      40
2006072312 4 200 1256  960      40
2006072318 4 206 1245  960      40
2006072400 4 210 1238  960      40
2006072406 4 216 1229  960      40
2006072412 4 223 1220  960      40
2006072418 4 231 1209  975      33
2006072500 4 236 1196  975      33
2006072506 4 242 1188  975      33
2006072512 2 244 1176  990      23
2006072518 2 245 1173  992      20
2006072600 0 251 1159  994      10
2006072606 0 250 1151  995      10
2006072612 0 255 1146  997      10
2006072618 0 257 1141  998      10
2006072700 0 256 1137  999      10
2006072706 0 252 1122  998      10
2006072712 0 240 1104  997      10
2006072718 0 230 1093  998      10
2006072800 0 220 1092  998      10
2006072806 0 219 1091  998      10
2006072812 0 218 1089  999      10
2006072818 0 217 1087  999      10
2006072900 0 215 1085 1000      10
66666 0000   33 0008 0606 0 6 Prapiroon                          20110729
2006072806 1 134 1295 1004      12
2006072812 1 135 1292 1004      12
2006072818 1 135 1289 1004      12
2006072900 1 136 1287 1004      12
2006072906 1 137 1284 1004      12
2006072912 1 138 1279 1004      12
2006072918 1 139 1275 1004      12
2006073000 1 141 1270 1004      12
2006073006 1 143 1263 1004      12
2006073012 1 146 1253 1004      12
2006073018 1 150 1243 1004      12
2006073100 1 155 1233 1000      15
2006073106 1 162 1222 1000      15
2006073112 1 166 1211 1000      15
2006073118 1 166 1196 1000      15
2006080100 1 168 1185 1000      15
2006080106 2 171 1177  995      18
2006080112 2 175 1167  990      23
2006080118 3 176 1159  990      25
2006080200 3 181 1152  985      28
2006080206 4 189 1146  975      33
2006080212 4 192 1137  975      33
2006080218 4 193 1131  975      33
2006080300 4 201 1127  975      33
2006080306 4 209 1122  975      33
2006080312 4 215 1113  975      33
2006080318 3 218 1103  985      28
2006080400 2 222 1096  995      20
2006080406 2 227 1089  995      18
2006080412 1 232 1082  998      15
2006080418 1 239 1077  998      12
2006080500 1 240 1070  998      12
2006080506 1 239 1066 1000      12
66666 0000   41 0009 0607 1 6 Maria                               20110729
2006080318 1 212 1522 1004      12
2006080400 1 219 1519 1004      12
2006080406 1 227 1514 1004      12
2006080412 1 237 1497 1004      12
2006080418 1 242 1481 1002      12
2006080500 1 247 1470 1000      15
2006080506 1 255 1461 1000      15
2006080512 1 259 1452 1000      15
2006080518 2 263 1438  998      18
2006080600 2 269 1428  990      23
2006080606 3 275 1416  980      30
2006080612 4 281 1407  975      33
2006080618 4 288 1397  975      33
2006080700 4 296 1388  975      33
2006080706 4 305 1381  975      33
2006080712 4 311 1377  975      33
2006080718 4 318 1368  975      33
2006080800 4 326 1365  975      33
2006080806 3 331 1367  980      30
2006080812 3 336 1373  985      28
2006080818 3 340 1381  990      25
2006080900 3 345 1395  990      25
2006080906 2 355 1412  990      23
2006080912 2 364 1424  995      20
2006080918 2 367 1430  995      20
2006081000 2 369 1439  995      20
2006081006 9 369 1445 1000      15
2006081012 9 370 1458 1000      15
2006081018 9 377 1470 1000      15
2006081100 9 387 1483 1000      15
2006081106 9 393 1492 1000      15
2006081112 9 397 1499 1000      15
2006081118 9 401 1502 1000      15
2006081200 9 406 1505 1000      15
2006081206 9 413 1507 1000      15
2006081212 9 420 1510 1000      15
2006081218 9 429 1513 1002      15
2006081300 9 438 1515 1004      12
2006081306 9 441 1513 1004      12
2006081312 9 450 1509 1004      12
2006081318 9 460 1507 1004      12
66666 0000   28 0010 0608 0 6 Saomai                             20110729
2006080500 1 100 1485 1000      15
2006080506 1 112 1474 1000      15
2006080512 2 120 1465  995      18
2006080518 2 128 1454  995      20
2006080600 2 140 1442  995      20
2006080606 2 152 1430  990      23
2006080612 2 164 1416  990      23
2006080618 3 171 1405  990      25
2006080700 3 179 1395  980      30
2006080706 4 188 1382  970      35
2006080712 4 196 1367  970      35
2006080718 4 203 1354  970      35
2006080800 4 209 1341  970      35
2006080806 4 216 1329  960      40
2006080812 4 224 1315  960      40
2006080818 5 231 1302  950      45
2006080900 5 239 1285  950      45
2006080906 5 247 1270  940      50
2006080912 6 254 1253  920      60
2006080918 6 260 1237  915      60
2006081000 6 265 1225  915      60
2006081006 6 270 1212  920      60
2006081012 5 272 1200  950      45
2006081018 2 277 1187  990      23
2006081100 2 282 1176  996      18
2006081106 1 287 1164 1000      13
2006081112 0 296 1155 1002      10
2006081118 0 301 1146 1002      10
66666 0000   24 0011 0609 0 6 Bopha                              20110729
2006080506 1 205 1328 1002      15
2006080512 1 207 1324 1002      15
2006080518 1 210 1321 1000      15
2006080600 1 215 1317 1000      15
2006080606 1 219 1312 1000      15
2006080612 2 224 1304  995      18
2006080618 2 226 1296  990      23
2006080700 3 227 1288  990      25
2006080706 3 229 1278  990      25
2006080712 2 230 1270  990      23
2006080718 2 232 1260  990      23
2006080800 3 233 1251  985      25
2006080806 2 233 1239  990      23
2006080812 2 231 1227  990      23
2006080818 2 228 1215  990      23
2006080900 2 228 1200  995      18
2006080906 1 227 1187  998      15
2006080912 1 225 1174  998      15
2006080918 1 219 1168  998      15
2006081000 1 215 1164  998      15
2006081006 1 215 1160  998      12
2006081012 1 216 1156  998      12
2006081018 1 218 1147  998      12
2006081100 1 221 1139 1000      12
66666 0000   37 0012 0610 0 6 Wukong                             20110729
2006081206 1 207 1412 1000      15
2006081212 1 220 1400 1000      15
2006081218 1 233 1391 1000      15
2006081300 2 244 1385  995      18
2006081306 2 249 1382  995      18
2006081312 2 253 1381  995      20
2006081318 2 258 1380  990      23
2006081400 2 262 1379  990      23
2006081406 2 266 1378  990      23
2006081412 2 268 1378  990      23
2006081418 3 271 1379  985      25
2006081500 3 278 1382  985      25
2006081506 3 289 1382  985      25
2006081512 3 295 1378  990      25
2006081518 3 299 1367  990      25
2006081600 3 296 1353  990      25
2006081606 3 300 1347  990      25
2006081612 3 300 1342  990      25
2006081618 3 300 1338  990      25
2006081700 3 308 1331  990      25
2006081706 3 312 1324  990      25
2006081712 3 316 1319  990      25
2006081718 2 320 1311  990      23
2006081800 2 325 1307  990      23
2006081806 2 328 1307  990      23
2006081812 2 332 1306  990      23
2006081818 2 337 1305  995      20
2006081900 2 344 1302  995      18
2006081906 2 352 1301  995      18
2006081912 1 363 1300 1000      15
2006081918 1 373 1299 1000      15
2006082000 1 382 1300 1000      15
2006082006 1 392 1300 1002      12
2006082012 1 402 1301 1002      12
2006082018 1 408 1310 1002      12
2006082100 1 414 1323 1002      12
2006082106 1 418 1334 1002      12
66666 0000   13 0013 0611 0 6 Sonamu                             20110729
2006081300 1 170 1259 1000      15
2006081306 1 170 1267 1000      15
2006081312 1 172 1276 1000      15
2006081318 1 175 1290 1000      15
2006081400 2 181 1299  995      18
2006081406 2 188 1313  995      18
2006081412 2 195 1323  995      18
2006081418 2 202 1335  990      20
2006081500 2 212 1355  990      20
2006081506 1 223 1372  998      15
2006081512 1 239 1391  998      15
2006081518 1 265 1401 1000      15
2006081600 1 302 1402 1000      15
66666 0000   12 0014 0000 0 6 (nameless)                         20110729
2006082206 1 174 1096 1004      12
2006082212 1 172 1102 1004      12
2006082218 1 171 1107 1004      12
2006082300 1 172 1112 1000      15
2006082306 1 177 1114 1000      15
2006082312 1 185 1114 1000      15
2006082318 1 190 1117 1000      15
2006082400 1 195 1121 1000      15
2006082406 1 202 1130 1000      15
2006082412 1 210 1129 1002      15
2006082418 1 216 1125 1002      15
2006082500 1 221 1118 1002      15
66666 0000   73 0015 0612 1 6 Ioke                               20140414
2006081918 1 100 2029 1010      13
2006082000 1 102 2020 1010      13
2006082006 1 104 2010 1006      15
2006082012 2 107 1996 1002      20
2006082018 2 110 1982 1000      23
2006082100 4 112 1968  990      33
2006082106 4 115 1955  990      33
2006082112 4 120 1948  985      38
2006082118 5 127 1940  970      45
2006082200 5 135 1930  960      50
2006082206 5 144 1923  960      50
2006082212 5 152 1915  960      50
2006082218 5 158 1905  975      42
2006082300 5 163 1902  975      42
2006082306 5 169 1897  975      42
2006082312 5 173 1894  975      42
2006082318 5 175 1890  975      42
2006082400 5 181 1885  975      42
2006082406 5 184 1879  970      45
2006082412 5 186 1875  960      50
2006082418 6 188 1870  955      52
2006082500 6 190 1865  955      52
2006082506 6 191 1858  950      55
2006082512 6 192 1853  950      55
2006082518 6 192 1848  950      55
2006082600 6 193 1842  950      55
2006082606 6 191 1835  950      55
2006082612 6 188 1826  950      55
2006082618 6 182 1820  950      55
2006082700 6 179 1811  950      55
2006082706 6 176 1802  935      55
2006082712 6 172 1795  935      55
2006082718 6 169 1786  935      55
2006082800 6 166 1776  935      55
2006082806 6 163 1767  935      55
2006082812 6 162 1759  935      55
2006082818 6 162 1752  935      55
2006082900 6 161 1743  935      55
2006082906 6 162 1734  920      60
2006082912 6 163 1726  920      60
2006082918 6 165 1719  920      60
2006083000 6 166 1713  920      60
2006083006 6 171 1706  920      60
2006083012 6 175 1699  920      60
2006083018 6 181 1692  920      60
2006083100 6 187 1683  920      60
2006083106 6 193 1675  920      60
2006083112 6 197 1664  935      55
2006083118 6 202 1654  935      55
2006090100 6 207 1645  935      55
2006090106 6 213 1635  935      55
2006090112 5 218 1624  940      50
2006090118 5 224 1610  940      50
2006090200 5 230 1593  940      50
2006090206 5 236 1577  940      50
2006090212 5 240 1563  940      50
2006090218 5 245 1550  940      50
2006090300 5 251 1536  950      45
2006090306 5 257 1526  950      45
2006090312 5 266 1518  950      45
2006090318 5 275 1508  950      45
2006090400 4 287 1500  960      40
2006090406 4 297 1490  960      40
2006090412 4 308 1480  960      40
2006090418 4 325 1475  960      40
2006090500 4 341 1472  970      35
2006090506 4 357 1475  975      33
2006090512 4 374 1491  975      33
2006090518 4 401 1512  975      33
2006090600 3 422 1531  980      30
2006090606 3 449 1566  985      28
2006090612 3 476 1612  985      28
2006090618 9 519 1662  982      15
66666 0000   44 0016 0613 0 6 Shanshan                           20110729
2006090900 1 133 1387 1002      15
2006090906 1 138 1382 1002      15
2006090912 1 141 1374 1002      15
2006090918 1 150 1368 1002      15
2006091000 1 155 1361 1000      15
2006091006 1 163 1355 1000      15
2006091012 2 168 1348  998      18
2006091018 2 177 1344  995      20
2006091100 3 181 1340  990      25
2006091106 3 185 1337  985      28
2006091112 4 188 1332  975      33
2006091118 4 193 1326  970      35
2006091200 4 194 1321  965      40
2006091206 4 197 1316  960      40
2006091212 4 201 1309  960      40
2006091218 4 201 1301  960      40
2006091300 4 202 1290  960      40
2006091306 4 202 1283  960      40
2006091312 4 203 1276  960      40
2006091318 4 203 1268  960      40
2006091400 4 203 1260  960      40
2006091406 4 203 1255  960      40
2006091412 4 204 1250  960      40
2006091418 5 208 1245  950      45
2006091500 5 216 1243  950      45
2006091506 5 221 1240  940      50
2006091512 5 231 1238  940      50
2006091518 6 240 1238  935      55
2006091600 6 249 1242  935      55
2006091606 6 260 1248  935      55
2006091612 5 271 1259  940      50
2006091618 5 286 1271  950      45
2006091700 5 303 1280  950      45
2006091706 4 322 1290  970      35
2006091712 4 340 1306  970      35
2006091718 3 358 1314  980      30
2006091800 3 371 1324  985      28
2006091806 3 384 1334  990      25
2006091812 9 401 1346  986      15
2006091818 9 411 1351  988      15
2006091900 9 419 1356  990      15
2006091906 9 429 1365  992      15
2006091912 9 437 1382  992      15
2006091918 9 442 1402  992      15
66666 0000   15 0017 0000 0 6 (nameless)                         20110729
2006091006 0 204 1200 1004      10
2006091012 1 203 1194 1002      12
2006091018 1 202 1187 1002      15
2006091100 1 202 1180 1002      15
2006091106 1 201 1173 1002      15
2006091112 1 198 1164 1002      15
2006091118 1 197 1157 1002      15
2006091200 1 195 1150 1002      15
2006091206 1 181 1156 1000      15
2006091212 1 200 1154 1000      15
2006091218 1 206 1139 1000      15
2006091300 1 209 1128 1000      15
2006091306 1 211 1118 1002      12
2006091312 1 213 1117 1002      12
2006091318 1 216 1117 1002      12
66666 0000   41 0018 0614 1 6 Yagi                               20110729
2006091612 1 197 1562 1002      15
2006091618 1 201 1566 1000      15
2006091700 1 205 1569 1000      15
2006091706 2 210 1576  995      18
2006091712 2 210 1581  995      20
2006091718 2 209 1585  995      20
2006091800 2 208 1588  990      23
2006091806 3 205 1591  990      25
2006091812 3 204 1593  990      25
2006091818 3 203 1594  985      28
2006091900 4 201 1590  975      33
2006091906 4 200 1586  965      40
2006091912 4 200 1578  960      40
2006091918 5 198 1568  950      45
2006092000 5 197 1556  950      45
2006092006 5 196 1541  940      50
2006092012 5 196 1525  940      50
2006092018 5 196 1508  940      50
2006092100 5 201 1493  940      50
2006092106 6 207 1477  935      55
2006092112 6 215 1462  920      60
2006092118 6 226 1448  920      60
2006092200 6 237 1436  920      60
2006092206 6 250 1425  920      60
2006092212 6 261 1421  935      55
2006092218 5 273 1419  940      50
2006092300 5 286 1422  950      45
2006092306 5 300 1428  950      45
2006092312 4 311 1437  960      40
2006092318 4 321 1451  960      40
2006092400 4 338 1470  970      35
2006092406 3 353 1491  980      30
2006092412 3 364 1513  985      28
2006092418 3 382 1551  990      25
2006092500 3 403 1594  990      25
2006092506 9 420 1639  984      15
2006092512 9 437 1673  980      15
2006092518 9 457 1703  976      15
2006092600 9 476 1732  972      15
2006092606 9 484 1748  968      15
2006092612 9 489 1764  970      15
66666 0000   18 0019 0615 0 6 (nameless)                         20110729
2006092100 0 132 1150 1004      10
2006092106 0 133 1152 1004      10
2006092112 0 136 1153 1004      10
2006092118 1 137 1151 1002      12
2006092200 1 137 1147 1002      12
2006092206 1 135 1144 1002      12
2006092212 1 135 1141 1002      12
2006092218 1 136 1134 1000      15
2006092300 1 138 1126 1000      15
2006092306 1 143 1120 1000      15
2006092312 1 148 1120 1000      15
2006092318 1 152 1118 1000      15
2006092400 2 158 1113  995      18
2006092406 2 163 1103  995      18
2006092412 2 170 1097  995      18
2006092418 2 173 1088  995      18
2006092500 1 175 1078  998      15
2006092506 1 180 1059 1000      12
66666 0000   31 0020 0616 0 6 Xangsane                           20110729
2006092500 1 118 1291 1004      12
2006092506 1 118 1288 1002      15
2006092512 1 118 1284 1000      15
2006092518 1 118 1281 1000      15
2006092600 2 118 1276  996      18
2006092606 2 119 1272  990      23
2006092612 3 122 1268  985      28
2006092618 4 123 1261  975      33
2006092700 4 125 1255  965      40
2006092706 5 129 1246  945      50
2006092712 5 132 1236  950      45
2006092718 4 136 1227  960      40
2006092800 4 140 1217  960      40
2006092806 4 146 1204  970      35
2006092812 4 152 1193  970      35
2006092818 4 155 1181  970      35
2006092900 4 154 1169  960      40
2006092906 4 156 1157  960      40
2006092912 5 157 1144  950      45
2006092918 5 156 1133  950      45
2006093000 5 156 1125  950      45
2006093006 5 157 1116  950      45
2006093012 5 160 1107  950      45
2006093018 5 160 1097  955      45
2006100100 4 161 1086  960      40
2006100106 4 158 1074  975      33
2006100112 3 154 1064  990      25
2006100118 2 157 1055  995      18
2006100200 1 157 1044 1000      15
2006100206 1 157 1041 1002      12
2006100212 0 158 1038 1002      10
66666 0000   32 0021 0617 0 6 Bebinca                            20110729
2006092812 1 129 1435 1002      12
2006092818 1 126 1430 1002      12
2006092900 1 123 1426 1002      12
2006092906 1 122 1422 1002      12
2006092912 1 120 1417 1002      12
2006092918 1 118 1412 1000      12
2006093000 1 119 1404 1000      12
2006093006 1 121 1397 1000      12
2006093012 1 125 1388 1000      12
2006093018 1 130 1377  998      15
2006100100 1 133 1365  998      15
2006100106 1 137 1351  998      15
2006100112 1 139 1344  998      15
2006100118 1 141 1335  998      15
2006100200 1 143 1327  998      15
2006100206 1 144 1319  998      15
2006100212 1 146 1316  998      15
2006100218 1 150 1313  998      15
2006100300 2 154 1309  995      18
2006100306 2 159 1307  995      18
2006100312 2 172 1307  995      18
2006100318 2 182 1310  995      20
2006100400 2 190 1313  995      20
2006100406 2 194 1322  995      20
2006100412 2 203 1330  995      20
2006100418 2 217 1331  990      23
2006100500 2 245 1344  990      23
2006100506 2 259 1348  990      23
2006100512 2 268 1366  990      23
2006100518 2 275 1380  995      20
2006100600 2 292 1387  995      18
2006100606 1 297 1404  998      15
66666 0000   16 0022 0618 0 6 Rumbia                             20110729
2006100212 1 177 1510 1000      15
2006100218 1 185 1525 1000      15
2006100300 1 197 1540 1000      15
2006100306 2 201 1541  995      18
2006100312 2 206 1540  995      18
2006100318 2 213 1535  995      20
2006100400 2 217 1529  995      20
2006100406 2 219 1525  995      20
2006100412 2 220 1522  995      20
2006100418 2 224 1521  995      20
2006100500 2 226 1519  990      23
2006100506 2 232 1520  990      23
2006100512 2 236 1520  990      23
2006100518 2 246 1514  995      18
2006100600 1 267 1518 1000      15
2006100606 1 300 1510 1000      15
66666 0000   36 0023 0619 0 6 Soulik                             20110729
2006100812 1 133 1600 1002      15
2006100818 1 143 1584 1002      15
2006100900 1 149 1575 1000      15
2006100906 1 155 1564 1000      15
2006100912 2 161 1553  998      18
2006100918 2 168 1542  996      18
2006101000 2 176 1533  996      18
2006101006 2 185 1523  995      20
2006101012 2 190 1506  990      23
2006101018 3 192 1488  990      25
2006101100 3 201 1466  990      25
2006101106 3 204 1450  985      28
2006101112 3 209 1436  980      30
2006101118 3 213 1427  980      30
2006101200 3 218 1418  980      30
2006101206 3 226 1413  980      30
2006101212 4 232 1411  975      33
2006101218 4 235 1408  975      33
2006101300 4 237 1410  970      35
2006101306 4 238 1410  960      40
2006101312 4 239 1411  960      40
2006101318 4 240 1411  960      40
2006101400 4 244 1411  960      40
2006101406 4 248 1410  960      40
2006101412 4 254 1411  960      40
2006101418 4 263 1411  960      40
2006101500 4 274 1416  970      35
2006101506 4 290 1423  970      35
2006101512 4 304 1439  970      35
2006101518 4 323 1462  975      33
2006101600 3 335 1490  980      30
2006101606 3 360 1526  985      28
2006101612 9 376 1570  982      15
2006101618 9 380 1621  984      15
2006101700 9 382 1665  992      15
2006101706 9 380 1715  996      15
66666 0000   51 0024 0620 0 6 Cimaron                            20110729
2006102506 1 123 1416 1004      12
2006102512 1 121 1403 1004      12
2006102518 1 120 1389 1004      12
2006102600 1 119 1378 1004      12
2006102606 1 119 1365 1004      12
2006102612 1 119 1349 1004      12
2006102618 1 122 1334 1000      15
2006102700 1 125 1322 1000      15
2006102706 2 130 1310  998      18
2006102712 2 133 1301  990      23
2006102718 3 140 1291  990      25
2006102800 3 143 1281  980      30
2006102806 4 149 1272  970      35
2006102812 4 153 1264  960      40
2006102818 5 157 1257  950      45
2006102900 6 160 1247  935      55
2006102906 6 163 1236  920      60
2006102912 6 165 1226  920      60
2006102918 5 167 1213  940      50
2006103000 5 170 1198  950      45
2006103006 4 170 1188  960      40
2006103012 4 167 1184  960      40
2006103018 4 169 1180  960      40
2006103100 4 173 1173  960      40
2006103106 4 178 1168  960      40
2006103112 4 183 1166  960      40
2006103118 4 186 1165  960      40
2006110100 5 188 1162  950      45
2006110106 5 189 1162  950      45
2006110112 5 190 1163  950      45
2006110118 5 191 1164  950      45
2006110200 5 191 1165  950      45
2006110206 4 190 1166  960      40
2006110212 4 188 1166  975      33
2006110218 3 184 1165  980      30
2006110300 3 177 1165  990      25
2006110306 3 173 1164  990      25
2006110312 2 170 1163  990      23
2006110318 2 167 1161  995      20
2006110400 2 165 1159  995      18
2006110406 2 163 1158  995      18
2006110412 1 159 1157 1000      15
2006110418 1 157 1155 1000      15
2006110500 1 155 1152 1000      15
2006110506 1 151 1149 1000      15
2006110512 1 148 1146 1002      12
2006110518 1 146 1143 1002      12
2006110600 1 145 1140 1002      12
2006110606 1 142 1128 1002      12
2006110612 0 135 1121 1004      10
2006110618 0 125 1114 1004      10
66666 0000   27 0025 0621 0 6 Chebi                              20110729
2006110806 1 156 1369 1002      15
2006110812 1 156 1355 1002      15
2006110818 1 156 1343 1002      15
2006110900 1 158 1327 1000      15
2006110906 1 159 1313 1000      15
2006110912 2 159 1301  998      18
2006110918 2 161 1286  990      23
2006111000 3 161 1272  985      28
2006111006 5 162 1256  950      45
2006111012 6 162 1244  935      55
2006111018 5 163 1228  940      50
2006111100 5 160 1216  950      45
2006111106 4 161 1204  960      40
2006111112 4 158 1193  960      40
2006111118 4 156 1184  970      35
2006111200 4 152 1176  975      33
2006111206 3 150 1166  980      30
2006111212 3 151 1153  980      30
2006111218 3 152 1142  980      30
2006111300 3 155 1136  990      25
2006111306 2 159 1131  990      23
2006111312 2 163 1123  995      20
2006111318 2 167 1120  995      18
2006111400 1 173 1115  998      15
2006111406 1 171 1113 1002      12
2006111412 1 171 1111 1002      12
2006111418 1 167 1104 1004      12
66666 0000   41 0026 0622 1 6 Durian                             20110729
2006112506 1  96 1472 1000      15
2006112512 1  95 1461 1000      15
2006112518 1  96 1451 1000      15
2006112600 1  99 1440 1000      15
2006112606 2 101 1428  995      18
2006112612 2 103 1416  995      20
2006112618 2 105 1405  995      20
2006112700 2 106 1397  995      20
2006112706 2 107 1387  990      23
2006112712 2 108 1377  990      23
2006112718 3 110 1365  990      25
2006112800 3 113 1347  990      25
2006112806 3 119 1331  980      30
2006112812 4 122 1316  975      33
2006112818 4 126 1301  970      35
2006112900 4 130 1286  960      40
2006112906 6 132 1273  935      55
2006112912 6 133 1264  920      60
2006112918 6 134 1254  935      55
2006113000 6 134 1246  935      55
2006113006 5 134 1236  940      50
2006113012 5 135 1224  940      50
2006113018 5 135 1212  950      45
2006120100 4 136 1200  960      40
2006120106 4 136 1192  970      35
2006120112 4 136 1186  970      35
2006120118 4 136 1177  970      35
2006120200 4 136 1170  970      35
2006120206 4 137 1164  970      35
2006120212 4 139 1156  970      35
2006120218 4 139 1147  960      40
2006120300 4 138 1140  960      40
2006120306 4 137 1133  960      40
2006120312 4 135 1127  960      40
2006120318 4 131 1120  975      33
2006120400 3 126 1114  980      30
2006120406 3 118 1105  990      25
2006120412 3 110 1096  985      28
2006120418 3 104 1084  985      28
2006120500 2 100 1070  990      23
2006120506 1  91 1056 1000      15
66666 0000   34 0027 0623 0 6 Utor                               20110729
2006120700 1  91 1366 1002      15
2006120706 1  91 1358 1002      15
2006120712 1  94 1347 1000      15
2006120718 2 102 1331  996      18
2006120800 2 104 1317  994      18
2006120806 2 106 1302  990      23
2006120812 3 106 1291  985      28
2006120818 3 109 1276  980      30
2006120900 3 110 1266  980      30
2006120906 3 113 1254  980      30
2006120912 4 116 1241  975      33
2006120918 4 120 1229  970      35
2006121000 4 122 1217  960      40
2006121006 4 126 1204  960      40
2006121012 4 129 1197  970      35
2006121018 4 131 1189  970      35
2006121100 4 132 1184  970      35
2006121106 4 135 1177  970      35
2006121112 4 137 1170  970      35
2006121118 4 139 1165  970      35
2006121200 4 143 1157  960      40
2006121206 4 148 1148  960      40
2006121212 5 154 1140  950      45
2006121218 5 160 1131  950      45
2006121300 4 164 1127  960      40
2006121306 4 167 1124  970      35
2006121312 4 171 1122  975      33
2006121318 3 174 1122  985      28
2006121400 2 176 1124  998      18
2006121406 1 178 1127 1002      15
2006121412 1 178 1130 1004      12
2006121418 0 177 1134 1006      10
2006121500 0 173 1133 1006      10
2006121506 0 170 1130 1006      10
66666 0000   21 0028 0624 0 6 Trami                              20110729
2006121506 1  77 1569 1000      15
2006121512 1  85 1545 1000      15
2006121518 1  91 1521 1000      15
2006121600 1  95 1498 1000      15
2006121606 1  96 1478 1000      15
2006121612 1  97 1460 1000      15
2006121618 1 100 1439 1000      15
2006121700 1 107 1414 1000      15
2006121706 1 120 1399 1000      15
2006121712 2 131 1384  995      18
2006121718 2 148 1373  995      18
2006121800 2 155 1363  995      18
2006121806 2 160 1353  995      18
2006121812 2 151 1340  995      18
2006121818 1 143 1318 1000      15
2006121900 1 136 1303 1004      12
2006121906 1 132 1291 1004      12
2006121912 1 128 1277 1004      12
2006121918 1 125 1263 1004      12
2006122000 1 124 1251 1004      12
2006122006 1 128 1239 1004      12
