66666 0000   23 0001 0501 0 6 Kulap                              20110729
2005011400 1  60 1502 1004      15
2005011406 1  57 1480 1002      15
2005011412 1  60 1474 1000      15
2005011418 1  68 1471 1000      15
2005011500 1  75 1463 1000      15
2005011506 1  81 1474  998      15
2005011512 2  95 1474  995      18
2005011518 2 104 1469  992      20
2005011600 2 115 1466  992      20
2005011606 2 125 1462  990      23
2005011612 2 131 1459  990      23
2005011618 2 135 1465  990      23
2005011700 2 142 1477  990      23
2005011706 2 149 1486  990      23
2005011712 2 157 1496  990      23
2005011718 3 163 1507  985      25
2005011800 3 167 1516  985      25
2005011806 3 173 1526  985      25
2005011812 3 176 1532  985      25
2005011818 2 180 1538  990      23
2005011900 2 184 1544 1000      18
2005011906 1 187 1551 1004      15
2005011912 1 189 1558 1010      12
66666 0000   30 0002 0502 0 6 Roke                               20110729
2005031200 0  60 1514 1008      10
2005031206 0  63 1509 1006      10
2005031212 0  67 1502 1006      10
2005031218 0  70 1495 1006      10
2005031300 0  73 1485 1006      10
2005031306 1  79 1471 1004      12
2005031312 1  84 1455 1002      15
2005031318 1  93 1437 1000      15
2005031400 1  99 1425 1000      15
2005031406 1 104 1412 1000      15
2005031412 1 106 1400 1000      15
2005031418 1 109 1387 1000      15
2005031500 2 115 1375  996      18
2005031506 2 121 1360  992      20
2005031512 2 123 1345  992      20
2005031518 2 122 1329  990      23
2005031600 3 118 1311  990      25
2005031606 3 117 1289  980      30
2005031612 3 115 1266  980      30
2005031618 3 110 1247  990      25
2005031700 2 110 1228  990      23
2005031706 2 115 1211  995      20
2005031712 2 120 1200  996      18
2005031718 1 118 1186 1002      15
2005031800 1 119 1171 1004      12
2005031806 1 119 1159 1004      12
2005031812 0 116 1146 1006      10
2005031818 0 114 1134 1006      10
2005031900 0 109 1120 1006      10
2005031906 0 105 1105 1006      10
66666 0000   33 0003 0503 0 6 Sonca                              20110729
2005042106 1  87 1419 1004      12
2005042112 1  99 1399 1004      12
2005042118 1 106 1386 1004      12
2005042200 1 110 1374 1004      12
2005042206 1 115 1361 1000      15
2005042212 1 115 1344 1000      15
2005042218 1 113 1334 1000      15
2005042300 2 116 1328  996      18
2005042306 2 122 1319  990      23
2005042312 3 126 1315  980      30
2005042318 4 131 1312  975      33
2005042400 4 135 1308  970      35
2005042406 4 140 1308  960      40
2005042412 5 145 1308  950      45
2005042418 5 152 1310  950      45
2005042500 5 160 1312  950      45
2005042506 5 166 1316  950      45
2005042512 5 175 1322  950      45
2005042518 5 187 1328  955      45
2005042600 5 200 1340  955      45
2005042606 4 217 1357  965      40
2005042612 4 235 1381  965      40
2005042618 4 248 1402  975      33
2005042700 3 255 1427  980      28
2005042706 2 267 1456  990      23
2005042712 9 277 1487  996      15
2005042718 9 285 1516 1000      15
2005042800 9 286 1553 1004      15
2005042806 9 284 1583 1006      12
2005042812 9 284 1612 1006      12
2005042818 9 282 1636 1006      12
2005042900 9 276 1658 1008      10
2005042906 9 270 1677 1008      10
66666 0000   50 0004 0504 0 6 Nesat                              20110729
2005053000 1  87 1484 1008      12
2005053006 1  91 1473 1006      12
2005053012 1  93 1466 1006      12
2005053018 1  95 1461 1004      15
2005053100 1  97 1456 1004      15
2005053106 1  99 1450 1002      15
2005053112 2 103 1444 1000      18
2005053118 2 105 1437  995      23
2005060100 3 108 1428  990      25
2005060106 3 107 1416  985      28
2005060112 4 107 1405  975      33
2005060118 4 109 1396  970      35
2005060200 4 112 1385  960      40
2005060206 4 114 1374  960      40
2005060212 5 117 1363  950      45
2005060218 5 121 1354  950      45
2005060300 5 123 1344  950      45
2005060306 5 129 1337  950      45
2005060312 5 137 1326  950      45
2005060318 5 141 1318  950      45
2005060400 5 146 1314  940      50
2005060406 5 151 1310  940      50
2005060412 5 157 1306  940      50
2005060418 5 164 1304  950      45
2005060500 5 173 1304  950      45
2005060506 5 181 1307  950      45
2005060512 4 189 1313  960      40
2005060518 4 197 1320  960      40
2005060600 4 206 1325  960      40
2005060606 5 212 1334  950      45
2005060612 5 219 1338  950      45
2005060618 5 223 1341  950      45
2005060700 4 229 1342  960      40
2005060706 4 235 1341  960      40
2005060712 4 238 1338  960      40
2005060718 4 244 1337  960      40
2005060800 4 250 1339  960      40
2005060806 4 256 1343  970      35
2005060812 4 261 1353  970      35
2005060818 4 269 1359  975      33
2005060900 3 277 1365  980      30
2005060906 3 285 1371  980      30
2005060912 3 291 1377  985      28
2005060918 3 297 1382  990      25
2005061000 2 304 1388  990      23
2005061006 2 310 1394  990      23
2005061012 2 319 1411  995      20
2005061018 2 327 1424  995      20
2005061100 1 346 1451  998      15
2005061106 1 366 1474  998      15
66666 0000   43 0005 0505 0 6 Haitang                            20110729
2005071018 1 221 1541 1010      12
2005071100 1 221 1536 1010      12
2005071106 1 222 1531 1008      12
2005071112 1 224 1527 1006      12
2005071118 1 227 1523 1005      15
2005071200 1 231 1518 1002      15
2005071206 2 234 1512 1000      18
2005071212 2 233 1505 1000      18
2005071218 2 231 1499 1000      18
2005071300 2 229 1492  998      18
2005071306 2 223 1483  995      20
2005071312 3 217 1471  985      28
2005071318 4 213 1460  975      33
2005071400 4 206 1446  970      35
2005071406 4 200 1427  970      35
2005071412 4 196 1411  970      35
2005071418 4 193 1393  960      40
2005071500 4 191 1369  960      40
2005071506 5 191 1349  955      45
2005071512 5 193 1335  955      45
2005071518 5 195 1319  940      50
2005071600 5 199 1304  940      50
2005071606 6 203 1291  935      55
2005071612 6 207 1277  920      60
2005071618 6 209 1266  920      60
2005071700 6 214 1258  920      60
2005071706 6 223 1250  935      55
2005071712 5 230 1240  940      50
2005071718 5 237 1231  940      50
2005071800 5 238 1218  950      45
2005071806 5 242 1219  950      45
2005071812 4 246 1212  970      35
2005071818 4 247 1206  970      35
2005071900 4 250 1202  970      35
2005071906 4 258 1199  975      33
2005071912 3 263 1194  980      30
2005071918 2 265 1188  990      23
2005072000 2 272 1180  990      18
2005072006 1 278 1175  996      15
2005072012 1 280 1168  998      15
2005072018 1 281 1162  998      12
2005072100 1 282 1154  998      12
2005072106 1 283 1145  999      12
66666 0000   40 0006 0506 0 6 Nalgae                             20110729
2005071800 1 213 1680 1008      12
2005071806 1 219 1680 1008      12
2005071812 1 223 1676 1008      12
2005071818 1 227 1671 1008      12
2005071900 1 228 1664 1008      15
2005071906 1 230 1657 1008      15
2005071912 1 232 1650 1008      15
2005071918 1 236 1644 1006      15
2005072000 1 242 1639 1002      15
2005072006 1 250 1632 1002      15
2005072012 2 260 1626  998      18
2005072018 2 265 1619  995      20
2005072100 2 270 1611  990      23
2005072106 2 276 1604  990      23
2005072112 2 284 1594  990      23
2005072118 2 293 1588  990      23
2005072200 2 300 1586  990      23
2005072206 2 306 1587  990      23
2005072212 2 314 1590  990      23
2005072218 2 320 1594  990      23
2005072300 2 324 1597  995      20
2005072306 2 326 1600  995      20
2005072312 2 327 1606  995      20
2005072318 2 332 1617  995      20
2005072400 2 344 1628  998      18
2005072406 2 350 1633  998      18
2005072412 9 357 1639 1000      15
2005072418 9 364 1644 1002      15
2005072500 9 370 1649 1004      15
2005072506 9 377 1654 1004      15
2005072512 9 383 1658 1004      12
2005072518 9 388 1661 1004      12
2005072600 9 393 1660 1004      12
2005072606 9 398 1658 1004      12
2005072612 9 402 1657 1004      12
2005072618 9 406 1656 1004      12
2005072700 9 410 1656 1004      12
2005072706 9 415 1655 1006      10
2005072712 9 420 1655 1006      10
2005072718 9 426 1655 1006      10
66666 0000   34 0007 0507 1 6 Banyan                             20110729
2005072012 1 132 1380 1004      12
2005072018 1 133 1378 1000      15
2005072100 1 134 1377 1000      15
2005072106 1 137 1375 1000      15
2005072112 1 144 1372 1000      15
2005072118 2 150 1372  995      18
2005072200 2 157 1374  995      18
2005072206 2 165 1377  990      20
2005072212 2 174 1381  990      20
2005072218 2 183 1378  990      20
2005072300 2 191 1374  985      23
2005072306 2 198 1369  985      23
2005072312 3 201 1369  985      25
2005072318 3 205 1369  980      28
2005072400 3 217 1372  980      28
2005072406 3 234 1374  980      28
2005072412 3 244 1375  980      28
2005072418 3 256 1373  980      28
2005072500 3 268 1370  980      28
2005072506 3 285 1368  980      28
2005072512 3 301 1367  980      28
2005072518 3 310 1369  985      25
2005072600 3 323 1375  985      25
2005072606 3 334 1389  985      25
2005072612 3 354 1404  985      25
2005072618 3 369 1423  985      25
2005072700 3 390 1449  985      25
2005072706 2 410 1464  985      23
2005072712 2 429 1483  980      20
2005072718 2 447 1492  985      18
2005072800 9 462 1499  986      15
2005072806 9 471 1514  986      15
2005072812 9 478 1525  988      12
2005072818 9 484 1536  990      12
66666 0000   13 0008 0508 1 6 Washi                              20110729
2005072818 1 180 1130  996      15
2005072900 1 184 1125  996      15
2005072906 2 186 1119  992      18
2005072912 2 188 1115  990      20
2005072918 3 190 1109  984      25
2005073000 2 193 1100  985      23
2005073006 2 195 1093  985      23
2005073012 2 196 1085  985      23
2005073018 2 198 1078  985      23
2005073100 2 201 1070  985      23
2005073106 2 203 1059  985      20
2005073112 2 204 1043  990      18
2005073118 1 204 1033 1000      15
66666 0000   40 0009 0509 0 6 Matsa                              20110729
2005073012 1  90 1379 1004      12
2005073018 1  99 1369 1000      15
2005073100 1 105 1360 1000      15
2005073106 1 111 1349 1000      15
2005073112 2 117 1339  998      18
2005073118 2 127 1330  998      18
2005080100 2 137 1327  995      20
2005080106 2 146 1318  990      23
2005080112 2 155 1307  990      23
2005080118 3 161 1301  990      25
2005080200 3 169 1294  985      28
2005080206 3 180 1287  980      30
2005080212 4 190 1280  975      33
2005080218 4 200 1272  970      35
2005080300 4 206 1266  960      40
2005080306 4 211 1260  960      40
2005080312 4 218 1257  960      40
2005080318 4 224 1254  960      40
2005080400 4 231 1249  960      40
2005080406 4 239 1247  960      40
2005080412 5 246 1242  950      45
2005080418 5 252 1236  950      45
2005080500 5 256 1234  950      45
2005080506 5 267 1231  950      45
2005080512 5 274 1222  950      45
2005080518 5 279 1215  950      45
2005080600 4 284 1209  970      35
2005080606 3 289 1204  980      30
2005080612 3 300 1198  985      28
2005080618 2 305 1188  988      23
2005080700 2 312 1184  990      23
2005080706 2 318 1185  994      20
2005080712 2 331 1190  995      18
2005080718 1 343 1190  995      15
2005080800 1 355 1193  995      15
2005080806 9 367 1194  995      15
2005080812 9 375 1196  995      15
2005080818 9 383 1204  995      15
2005080900 9 392 1219 1000      15
2005080906 9 402 1226 1000      12
66666 0000   22 0010 0510 0 6 Sanvu                              20130326
2005080918 1 140 1306 1002      15
2005081000 1 143 1301 1002      15
2005081006 1 146 1295  998      15
2005081012 1 150 1287  998      15
2005081018 1 155 1278  998      15
2005081100 1 162 1263  996      15
2005081106 2 171 1247  995      18
2005081112 2 177 1235  995      18
2005081118 2 182 1223  995      20
2005081200 2 189 1212  992      20
2005081206 2 197 1199  990      23
2005081212 3 205 1191  985      25
2005081218 3 215 1182  985      28
2005081300 3 227 1172  980      30
2005081306 3 238 1166  990      25
2005081312 2 248 1158  992      20
2005081318 2 262 1152  996      18
2005081400 1 269 1150  998      15
2005081406 1 276 1145  999      15
2005081412 1 285 1133  999      12
2005081418 1 290 1126  999      12
2005081500 0 292 1118 1000      10
66666 0000   49 0012 0511 0 6 Mawar                              20110729
2005081906 1 205 1428 1008      12
2005081912 1 205 1426 1002      15
2005081918 2 205 1424 1000      18
2005082000 2 207 1421  998      20
2005082006 2 210 1418  995      20
2005082012 2 213 1415  990      23
2005082018 3 216 1413  985      25
2005082100 4 220 1408  970      33
2005082106 4 224 1405  960      40
2005082112 5 226 1401  950      45
2005082118 5 229 1398  940      50
2005082200 5 233 1394  940      50
2005082206 5 237 1391  950      45
2005082212 5 240 1388  950      45
2005082218 5 246 1382  950      45
2005082300 5 254 1378  950      45
2005082306 5 262 1376  950      45
2005082312 5 270 1373  950      45
2005082318 5 278 1370  950      45
2005082400 5 287 1369  950      45
2005082406 5 297 1369  950      45
2005082412 5 306 1370  950      45
2005082418 4 315 1370  960      40
2005082500 4 326 1371  960      40
2005082506 4 334 1377  960      40
2005082512 4 344 1386  960      40
2005082518 4 353 1398  970      35
2005082600 3 361 1410  980      28
2005082606 2 367 1427  990      23
2005082612 2 372 1446  990      23
2005082618 2 374 1463  995      20
2005082700 2 374 1480  995      20
2005082706 2 373 1493  995      20
2005082712 2 366 1508  995      20
2005082718 2 363 1518  995      20
2005082800 9 358 1530 1000      15
2005082806 9 357 1533 1000      15
2005082812 9 360 1536 1000      15
2005082818 9 363 1533 1000      15
2005082900 9 369 1534 1002      15
2005082906 9 375 1536 1002      15
2005082912 9 391 1545 1002      15
2005082918 9 410 1562 1002      15
2005083000 9 409 1569 1004      12
2005083006 9 407 1576 1004      12
2005083012 9 403 1583 1006      12
2005083018 9 400 1589 1006      12
2005083100 9 397 1597 1008      10
2005083106 9 396 1608 1008      10
66666 0000   28 0011 0512 0 6 Guchol                             20110729
2005081818 0 216 1535 1010      10
2005081900 0 218 1529 1010      10
2005081906 0 220 1524 1008      10
2005081912 1 223 1519 1008      12
2005081918 1 225 1515 1008      12
2005082000 1 227 1510 1006      15
2005082006 1 229 1506 1004      15
2005082012 1 232 1502 1004      15
2005082018 1 236 1496 1002      15
2005082100 1 241 1490 1000      15
2005082106 2 249 1484  998      18
2005082112 2 255 1479  996      20
2005082118 2 262 1474  990      23
2005082200 3 270 1470  985      25
2005082206 3 282 1468  985      28
2005082212 3 291 1464  985      28
2005082218 3 299 1461  985      25
2005082300 3 311 1462  985      25
2005082306 3 324 1471  985      25
2005082312 3 336 1482  985      28
2005082318 3 347 1495  985      28
2005082400 3 357 1512  985      28
2005082406 3 368 1532  985      28
2005082412 3 378 1552  985      28
2005082418 3 393 1578  985      28
2005082500 3 408 1604  990      25
2005082506 2 429 1629  990      23
2005082512 9 456 1647  992      15
66666 0000   35 0013 0513 0 6 Talim                              20110729
2005082518 1 125 1446 1004      15
2005082600 1 126 1440 1004      15
2005082606 1 127 1435 1002      15
2005082612 1 128 1430 1002      15
2005082618 1 132 1426 1000      15
2005082700 2 141 1423  996      18
2005082706 2 156 1417  996      18
2005082712 2 166 1412  992      20
2005082718 2 175 1399  990      23
2005082800 3 183 1388  985      25
2005082806 4 193 1378  975      33
2005082812 4 199 1368  975      33
2005082818 4 206 1356  970      35
2005082900 4 209 1342  970      35
2005082906 4 210 1330  960      40
2005082912 5 210 1318  950      45
2005082918 5 212 1306  940      50
2005083000 6 214 1297  935      55
2005083006 6 217 1285  935      55
2005083012 6 220 1273  935      55
2005083018 6 223 1264  935      55
2005083100 6 227 1251  935      55
2005083106 6 233 1240  935      55
2005083112 6 238 1229  935      55
2005083118 5 237 1216  950      45
2005090100 4 242 1204  960      40
2005090106 4 251 1195  970      35
2005090112 3 256 1179  985      25
2005090118 2 261 1168  990      23
2005090200 2 266 1158  996      20
2005090206 1 273 1150  998      15
2005090212 1 279 1146 1000      15
2005090218 1 282 1144 1000      15
2005090300 1 283 1142 1002      15
2005090306 1 284 1141 1002      15
66666 0000   42 0014 0514 1 6 Nabi                               20110729
2005082900 1 146 1540 1004      15
2005082906 1 149 1534 1000      15
2005082912 2 150 1523  995      20
2005082918 2 151 1512  990      23
2005083000 3 151 1502  990      25
2005083006 3 151 1492  985      28
2005083012 3 149 1479  980      30
2005083018 4 151 1471  970      35
2005083100 4 156 1463  960      40
2005083106 4 164 1450  960      40
2005083112 5 167 1437  950      45
2005083118 5 167 1426  950      45
2005090100 5 173 1415  940      50
2005090106 5 177 1407  940      50
2005090112 6 183 1398  935      55
2005090118 6 188 1385  935      55
2005090200 6 192 1375  920      60
2005090206 6 196 1368  920      60
2005090212 6 201 1361  935      55
2005090218 6 208 1353  935      55
2005090300 6 214 1345  935      55
2005090306 6 223 1339  935      55
2005090312 5 232 1332  940      50
2005090318 5 241 1326  940      50
2005090400 5 248 1321  940      50
2005090406 5 261 1316  950      45
2005090412 5 266 1312  950      45
2005090418 5 271 1310  950      45
2005090500 5 279 1307  950      45
2005090506 5 288 1304  950      45
2005090512 5 294 1302  950      45
2005090518 5 302 1302  950      45
2005090600 4 314 1301  960      40
2005090606 4 330 1302  970      35
2005090612 4 342 1308  970      35
2005090618 4 360 1318  975      33
2005090700 3 375 1330  985      28
2005090706 3 388 1352  985      25
2005090712 3 410 1387  985      25
2005090718 3 440 1411  985      25
2005090800 3 460 1450  985      25
2005090806 9 474 1479  986      15
66666 0000   35 0015 0515 0 6 Khanun                             20110729
2005090500 1  82 1423 1006      12
2005090506 1  87 1410 1004      12
2005090512 1  93 1399 1004      12
2005090518 1 100 1387 1004      15
2005090600 1 105 1378 1004      15
2005090606 1 111 1370 1004      15
2005090612 1 121 1360 1004      15
2005090618 2 130 1352 1000      18
2005090700 2 134 1344 1000      18
2005090706 2 139 1340  998      20
2005090712 3 141 1336  990      25
2005090718 3 148 1330  990      25
2005090800 3 153 1325  985      28
2005090806 3 163 1322  980      30
2005090812 4 174 1315  975      33
2005090818 4 182 1311  975      33
2005090900 4 192 1304  960      40
2005090906 4 204 1296  960      40
2005090912 4 214 1285  960      40
2005090918 4 222 1275  960      40
2005091000 5 232 1263  950      45
2005091006 5 242 1252  950      45
2005091012 5 251 1244  945      50
2005091018 5 261 1235  945      50
2005091100 5 273 1227  945      50
2005091106 5 283 1218  945      50
2005091112 4 294 1208  975      33
2005091118 3 305 1201  985      25
2005091200 2 319 1195  995      20
2005091206 2 329 1194  995      20
2005091212 2 341 1199  995      20
2005091218 2 353 1211  995      18
2005091300 9 359 1227 1000      15
2005091306 9 364 1248 1002      15
2005091312 9 368 1262 1004      12
66666 0000   16 0016 0516 1 6 Vicente                            20110729
2005091506 1 141 1156 1004      15
2005091512 1 136 1145 1004      15
2005091518 1 129 1136 1002      15
2005091600 1 119 1129 1000      15
2005091606 1 110 1135 1000      15
2005091612 2 114 1142  995      18
2005091618 2 123 1144  995      18
2005091700 2 135 1145  990      20
2005091706 2 153 1137  990      20
2005091712 2 166 1118  985      23
2005091718 2 171 1101  985      23
2005091800 2 173 1085  985      23
2005091806 2 175 1069  990      20
2005091812 2 185 1049  995      18
2005091818 1 192 1022 1000      15
2005091900 1 200  998 1004      12
66666 0000   36 0017 0517 0 6 Saola                              20110729
2005091900 0 199 1551 1010      10
2005091906 0 202 1544 1008      10
2005091912 0 205 1537 1004      10
2005091918 0 208 1530 1004      10
2005092000 1 213 1524 1002      12
2005092006 1 216 1520 1000      15
2005092012 1 219 1515 1000      15
2005092018 2 223 1511  998      18
2005092100 2 226 1506  995      20
2005092106 2 231 1499  990      23
2005092112 3 235 1488  990      25
2005092118 3 242 1473  985      28
2005092200 4 246 1460  975      33
2005092206 4 252 1443  970      35
2005092212 4 257 1428  960      40
2005092218 4 264 1413  960      40
2005092300 4 271 1402  960      40
2005092306 4 276 1392  960      40
2005092312 4 283 1387  960      40
2005092318 4 290 1383  960      40
2005092400 5 296 1379  950      45
2005092406 5 304 1380  950      45
2005092412 5 315 1384  950      45
2005092418 4 322 1392  960      40
2005092500 4 332 1409  960      40
2005092506 4 347 1429  960      40
2005092512 4 357 1448  970      35
2005092518 3 363 1460  980      30
2005092600 3 369 1472  980      30
2005092606 3 379 1489  985      28
2005092612 9 389 1512  992      15
2005092618 9 394 1540  992      15
2005092700 9 404 1594  996      15
2005092706 9 408 1651 1000      15
2005092712 9 415 1717 1002      12
2005092718 9 422 1748 1002      12
66666 0000   34 0018 0518 1 6 Damrey                             20110729
2005091906 1 132 1270 1006      12
2005091912 1 138 1261 1006      12
2005091918 1 143 1252 1004      12
2005092000 1 149 1246 1000      15
2005092006 1 158 1241 1000      15
2005092012 1 165 1237 1000      15
2005092018 1 172 1233  998      15
2005092100 2 180 1228  996      18
2005092106 2 187 1222  992      20
2005092112 2 189 1215  990      23
2005092118 2 193 1210  990      23
2005092200 2 198 1206  990      23
2005092206 2 200 1202  990      23
2005092212 2 201 1196  990      23
2005092218 2 201 1189  990      23
2005092300 2 201 1182  990      23
2005092306 2 203 1173  990      23
2005092312 2 203 1167  990      23
2005092318 3 203 1160  985      25
2005092400 3 200 1154  980      28
2005092406 3 197 1148  980      30
2005092412 4 194 1140  970      35
2005092418 4 191 1134  970      35
2005092500 4 190 1130  960      40
2005092506 5 190 1124  940      50
2005092512 5 190 1118  940      50
2005092518 5 191 1107  940      50
2005092600 4 189 1099  970      35
2005092606 4 189 1091  975      33
2005092612 4 191 1082  975      33
2005092618 4 194 1075  975      33
2005092700 3 195 1063  980      30
2005092706 3 197 1050  990      25
2005092712 2 195 1039  995      18
66666 0000   33 0019 0519 0 6 Longwang                           20110729
2005092506 1 189 1453 1002      12
2005092512 1 190 1446 1002      12
2005092518 1 192 1441 1000      15
2005092600 2 196 1435  996      18
2005092606 2 200 1431  992      20
2005092612 2 203 1424  990      23
2005092618 3 209 1417  985      28
2005092700 4 215 1410  970      35
2005092706 4 217 1401  970      35
2005092712 4 220 1392  960      40
2005092718 5 221 1384  950      45
2005092800 5 223 1375  950      45
2005092806 5 224 1367  940      50
2005092812 5 224 1361  940      50
2005092818 5 224 1356  940      50
2005092900 5 224 1352  940      50
2005092906 5 224 1347  940      50
2005092912 5 223 1339  940      50
2005092918 5 222 1330  940      50
2005093000 5 220 1321  950      45
2005093006 5 220 1310  950      45
2005093012 5 222 1300  950      45
2005093018 5 224 1285  940      50
2005100100 6 225 1270  935      55
2005100106 6 228 1254  935      55
2005100112 6 231 1239  935      55
2005100118 5 235 1225  940      50
2005100200 4 238 1206  960      40
2005100206 4 240 1197  960      40
2005100212 4 242 1187  970      35
2005100218 2 247 1176  990      23
2005100300 1 251 1167 1000      15
2005100306 1 260 1156 1006      12
66666 0000   43 0020 0520 0 6 Kirogi                             20110729
2005100900 1 220 1379 1008      12
2005100906 1 224 1372 1008      12
2005100912 1 227 1364 1008      12
2005100918 1 230 1354 1006      12
2005101000 1 229 1345 1004      15
2005101006 2 226 1339  995      18
2005101012 2 222 1336  995      18
2005101018 2 219 1333  995      20
2005101100 3 214 1331  990      25
2005101106 3 210 1330  980      30
2005101112 4 207 1329  965      40
2005101118 5 205 1326  950      45
2005101200 5 205 1325  940      50
2005101206 5 206 1323  940      50
2005101212 5 209 1321  940      50
2005101218 5 211 1319  950      45
2005101300 5 214 1317  950      45
2005101306 5 216 1318  950      45
2005101312 5 218 1318  950      45
2005101318 5 222 1318  950      45
2005101400 5 226 1314  950      45
2005101406 5 229 1313  950      45
2005101412 5 230 1311  950      45
2005101418 5 231 1311  950      45
2005101500 5 233 1312  950      45
2005101506 5 235 1313  950      45
2005101512 5 238 1319  950      45
2005101518 5 240 1324  950      45
2005101600 5 243 1329  950      45
2005101606 5 246 1335  950      45
2005101612 5 252 1339  950      45
2005101618 5 258 1342  950      45
2005101700 5 265 1346  950      45
2005101706 4 276 1349  960      40
2005101712 4 285 1355  960      40
2005101718 4 293 1361  960      40
2005101800 4 300 1367  960      40
2005101806 4 310 1378  960      40
2005101812 3 315 1390  980      30
2005101818 3 314 1400  990      25
2005101900 2 312 1408  995      18
2005101906 1 312 1416 1002      15
2005101912 1 317 1433 1006      12
66666 0000   22 0021 0521 1 6 Kai-tak                            20110729
2005102806 1 127 1151 1002      15
2005102812 1 129 1141 1002      15
2005102818 1 126 1136 1000      15
2005102900 2 125 1132  998      18
2005102906 2 128 1129  995      20
2005102912 3 129 1125  990      25
2005102918 3 133 1129  990      25
2005103000 3 139 1129  980      30
2005103006 4 141 1124  970      35
2005103012 4 142 1122  960      40
2005103018 4 144 1119  960      40
2005103100 4 146 1117  960      40
2005103106 4 148 1115  970      35
2005103112 4 149 1111  970      35
2005103118 4 151 1107  975      33
2005110100 4 154 1099  975      33
2005110106 3 159 1091  980      30
2005110112 3 164 1085  985      25
2005110118 2 170 1078  995      20
2005110200 2 179 1068  995      18
2005110206 1 188 1060 1000      15
2005110212 1 197 1054 1004      15
66666 0000   22 0022 0522 1 6 Tembin                             20110729
2005110706 1 115 1385 1008      12
2005110712 1 122 1375 1008      12
2005110718 1 124 1370 1008      12
2005110800 1 127 1360 1008      12
2005110806 1 135 1346 1008      12
2005110812 1 136 1336 1008      12
2005110818 1 131 1329 1008      12
2005110900 1 131 1316 1004      15
2005110906 1 133 1296 1004      15
2005110912 1 137 1279 1000      15
2005110918 1 145 1261 1000      15
2005111000 2 149 1245  998      20
2005111006 2 154 1236  992      23
2005111012 2 157 1218 1000      18
2005111018 1 162 1212 1000      15
2005111100 1 166 1200 1000      15
2005111106 1 180 1191 1004      12
2005111112 1 191 1180 1004      12
2005111118 1 195 1173 1006      12
2005111200 0 194 1162 1008      10
2005111206 0 187 1153 1008      10
2005111212 0 177 1149 1008      10
66666 0000   26 0023 0523 0 6 Bolaven                            20110729
2005111400 1  88 1296 1002      15
2005111406 1  96 1286 1002      15
2005111412 1 102 1284 1000      15
2005111418 1 106 1288 1000      15
2005111500 1 108 1297 1000      15
2005111506 1 114 1300 1000      15
2005111512 1 123 1300 1000      15
2005111518 1 135 1300 1000      15
2005111600 1 138 1298 1000      15
2005111606 2 139 1296  995      18
2005111612 2 136 1296  990      23
2005111618 3 134 1294  985      25
2005111700 3 132 1292  985      28
2005111706 3 130 1288  985      28
2005111712 4 133 1284  975      33
2005111718 4 136 1281  975      33
2005111800 3 138 1280  980      30
2005111806 3 144 1283  980      30
2005111812 3 148 1273  980      30
2005111818 3 148 1263  980      30
2005111900 3 152 1253  985      28
2005111906 3 155 1246  985      25
2005111912 2 161 1239  990      23
2005111918 2 165 1234  992      18
2005112000 1 171 1223  998      15
2005112006 1 179 1211 1000      15
66666 0000   20 0024 0000 0 6 (nameless)                         20110729
2005121512 0  79 1273 1006      10
2005121518 0  82 1263 1006      10
2005121600 0  90 1254 1006      10
2005121606 0  93 1241 1006      10
2005121612 1 100 1227 1004      12
2005121618 1 108 1217 1004      12
2005121700 1 109 1202 1004      12
2005121706 1 107 1193 1004      12
2005121712 1 105 1181 1004      12
2005121718 1 100 1167 1004      12
2005121800 1  95 1158 1004      12
2005121806 1  90 1148 1002      12
2005121812 1  86 1136 1000      15
2005121818 1  84 1127 1000      15
2005121900 1  86 1120 1000      15
2005121906 1  88 1116 1000      15
2005121912 1  89 1112 1000      15
2005121918 1  89 1107 1000      15
2005122000 1  86 1100 1000      15
2005122006 1  85 1091 1004      12
