66666 0000   16 0001 0201 0 6 Tapah                              20110729
2002011006 1  92 1340 1005      12
2002011012 1  96 1334 1005      12
2002011018 1  99 1325 1004      15
2002011100 1 102 1316 1004      15
2002011106 1 108 1310 1004      15
2002011112 1 114 1301 1002      15
2002011118 1 117 1291 1002      15
2002011200 1 122 1280 1002      15
2002011206 2 129 1267  998      18
2002011212 2 139 1255  995      20
2002011218 2 145 1246  995      20
2002011300 2 151 1239  998      18
2002011306 2 155 1231  998      18
2002011312 1 162 1224 1000      15
2002011318 1 173 1222 1002      15
2002011400 1 190 1221 1004      12
66666 0000   40 0002 0202 0 6 Mitag                              20110729
2002022618 1  60 1555 1004      12
2002022700 1  62 1553 1004      12
2002022706 1  65 1550 1002      12
2002022712 1  67 1546 1000      15
2002022718 1  68 1540 1000      15
2002022800 1  70 1533 1000      15
2002022806 1  71 1522  998      15
2002022812 2  71 1512  995      18
2002022818 2  71 1502  995      20
2002030100 2  67 1489  990      23
2002030106 3  66 1479  985      28
2002030112 3  66 1469  985      28
2002030118 3  67 1455  980      30
2002030200 3  70 1443  980      30
2002030206 4  75 1429  975      33
2002030212 4  80 1410  970      35
2002030218 4  85 1395  965      35
2002030300 4  89 1381  965      35
2002030306 4  95 1368  960      40
2002030312 4 102 1353  960      40
2002030318 4 106 1342  960      40
2002030400 5 108 1332  955      45
2002030406 5 111 1325  955      45
2002030412 5 119 1320  955      45
2002030418 5 125 1312  955      45
2002030500 5 131 1305  955      45
2002030506 5 138 1301  945      50
2002030512 5 143 1299  945      50
2002030518 5 149 1299  945      50
2002030600 5 156 1301  945      50
2002030606 5 161 1304  945      50
2002030612 5 167 1310  955      45
2002030618 4 171 1315  965      40
2002030700 4 176 1324  970      35
2002030706 3 181 1335  980      30
2002030712 3 183 1346  985      25
2002030718 2 183 1352  990      20
2002030800 2 177 1354  995      18
2002030806 1 171 1353 1000      15
2002030812 1 167 1348 1004      12
66666 0000   16 0003 0000 0 6 (nameless)                         20110729
2002031918 0  63 1327 1005      10
2002032000 1  68 1314 1004      12
2002032006 1  72 1303 1004      15
2002032012 1  76 1296 1004      15
2002032018 1  79 1286 1004      15
2002032100 1  81 1276 1004      15
2002032106 1  82 1265 1004      15
2002032112 1  87 1255 1004      15
2002032118 1  93 1250 1004      15
2002032200 1 100 1240 1004      15
2002032206 1 103 1230 1004      15
2002032212 1 107 1222 1004      15
2002032218 1 110 1207 1004      15
2002032300 1 113 1193 1004      12
2002032306 1 113 1180 1004      12
2002032312 1 113 1167 1004      12
66666 0000   29 0004 0203 0 6 Hagibis                            20110729
2002051506 1  73 1494 1004      12
2002051512 1  80 1477 1004      12
2002051518 1  89 1467 1002      15
2002051600 1  99 1458 1002      15
2002051606 1 115 1447 1002      15
2002051612 2 124 1431  998      18
2002051618 2 128 1417  996      18
2002051700 2 130 1408  995      20
2002051706 2 134 1400  990      23
2002051712 3 138 1395  985      25
2002051718 3 145 1393  985      25
2002051800 3 154 1392  980      30
2002051806 3 161 1393  980      30
2002051812 4 168 1397  970      35
2002051818 4 172 1400  970      35
2002051900 4 177 1405  960      40
2002051906 5 184 1412  950      45
2002051912 5 193 1421  950      45
2002051918 5 207 1432  950      45
2002052000 4 225 1446  960      40
2002052006 4 247 1466  970      35
2002052012 4 270 1493  970      35
2002052018 4 298 1526  975      33
2002052100 3 329 1559  980      30
2002052106 3 354 1610  980      30
2002052112 3 376 1644  985      25
2002052118 9 383 1691  990      20
2002052200 9 386 1737  996      20
2002052206 9 398 1794  998      15
66666 0000    8 0005 0000 0 6 (nameless)                         20110729
2002052800 1 190 1160 1004      12
2002052806 1 193 1166 1004      12
2002052812 1 196 1171 1004      12
2002052818 1 199 1173 1004      12
2002052900 1 207 1177 1002      15
2002052906 1 212 1186 1002      15
2002052912 1 216 1194 1004      12
2002052918 1 221 1202 1004      12
66666 0000   23 0006 0204 0 6 Noguri                             20110729
2002060500 1 197 1128 1004      12
2002060506 1 198 1133 1002      12
2002060512 1 199 1138 1002      12
2002060518 1 199 1145 1002      12
2002060600 1 199 1149 1000      15
2002060606 1 200 1155 1000      15
2002060612 1 200 1163  998      15
2002060618 1 200 1170  998      15
2002060700 1 201 1180  998      15
2002060706 1 203 1188  998      15
2002060712 1 204 1199  998      15
2002060718 1 206 1211  998      15
2002060800 1 208 1221  998      15
2002060806 2 211 1231  995      20
2002060812 2 214 1239  995      20
2002060818 2 219 1244  990      23
2002060900 3 227 1247  980      30
2002060906 5 233 1248  955      45
2002060912 4 240 1250  975      33
2002060918 3 252 1255  980      30
2002061000 3 258 1260  985      25
2002061006 2 269 1270  990      18
2002061012 1 284 1284  995      15
66666 0000   35 0007 0205 3 6 Rammasun                           20110729
2002062800 1  98 1380 1004      12
2002062806 1 101 1377 1000      12
2002062812 1 105 1371 1000      12
2002062818 1 108 1368 1000      12
2002062900 1 110 1364  998      15
2002062906 2 111 1360  998      18
2002062912 2 113 1355  995      20
2002062918 2 115 1351  995      20
2002063000 2 123 1349  992      23
2002063006 2 132 1346  990      23
2002063012 2 137 1341  990      23
2002063018 3 141 1338  985      25
2002070100 3 150 1335  985      25
2002070106 3 162 1327  980      28
2002070112 3 176 1319  980      30
2002070118 4 187 1310  975      33
2002070200 4 194 1299  970      35
2002070206 4 202 1289  970      35
2002070212 4 211 1281  960      40
2002070218 5 223 1273  950      45
2002070300 5 232 1263  950      45
2002070306 5 238 1257  950      45
2002070312 5 247 1253  950      45
2002070318 5 255 1249  950      45
2002070400 5 267 1245  950      45
2002070406 5 278 1242  950      45
2002070412 4 290 1242  960      40
2002070418 4 306 1241  970      35
2002070500 4 322 1238  975      33
2002070506 3 328 1237  980      30
2002070512 3 339 1245  985      25
2002070518 2 349 1253  985      23
2002070600 2 365 1270  990      20
2002070606 2 375 1290  990      20
2002070612 1 385 1298  998      15
66666 0000   56 0008 0206 3 6 Chataan                            20110729
2002062818 1  48 1547 1002      12
2002062900 1  50 1555 1000      15
2002062906 2  52 1557  998      18
2002062912 2  52 1557  995      20
2002062918 2  52 1557  995      20
2002063000 2  55 1559  995      20
2002063006 2  55 1559  990      23
2002063012 2  58 1554  990      23
2002063018 2  60 1550  990      23
2002070100 2  65 1548  990      23
2002070106 2  69 1547  990      23
2002070112 2  70 1543  990      23
2002070118 2  72 1540  990      23
2002070200 2  74 1534  990      23
2002070206 2  76 1529  990      23
2002070212 2  77 1522  990      23
2002070218 2  78 1518  990      23
2002070300 2  80 1512  990      23
2002070306 2  85 1503  990      23
2002070312 2  90 1496  990      23
2002070318 3  97 1492  985      25
2002070400 3 106 1487  985      25
2002070406 3 110 1480  985      28
2002070412 3 116 1467  980      30
2002070418 3 128 1456  980      30
2002070500 4 138 1445  975      33
2002070506 4 142 1436  965      40
2002070512 4 148 1428  960      40
2002070518 5 153 1419  950      45
2002070600 5 159 1410  950      45
2002070606 5 166 1401  950      45
2002070612 5 172 1394  950      45
2002070618 5 178 1383  950      45
2002070700 5 188 1373  950      45
2002070706 5 195 1360  945      50
2002070712 5 201 1349  940      50
2002070718 5 208 1341  940      50
2002070800 5 216 1337  940      50
2002070806 5 228 1332  940      50
2002070812 5 240 1329  940      50
2002070818 5 253 1324  940      50
2002070900 5 264 1324  950      45
2002070906 4 276 1325  955      40
2002070912 4 283 1329  960      35
2002070918 4 292 1338  970      33
2002071000 3 306 1349  975      30
2002071006 3 320 1364  975      30
2002071012 3 342 1388  980      28
2002071018 3 361 1411  980      25
2002071100 3 389 1423  980      25
2002071106 3 414 1434  980      25
2002071112 2 430 1440  985      23
2002071118 9 448 1436  990      20
2002071200 9 459 1436  990      20
2002071206 9 466 1436  995      18
2002071212 9 475 1435  995      18
66666 0000   40 0009 0207 1 6 Halong                             20110729
2002070618 1  88 1587 1004      12
2002070700 1  85 1580 1004      12
2002070706 1  87 1572 1004      12
2002070712 1  88 1566 1000      15
2002070718 1  91 1556 1000      15
2002070800 2  94 1546  998      18
2002070806 2  99 1530  995      18
2002070812 2 103 1518  995      18
2002070818 2 106 1506  995      18
2002070900 2 108 1493  990      23
2002070906 3 110 1482  985      25
2002070912 3 111 1475  985      28
2002070918 3 114 1465  980      30
2002071000 3 120 1452  980      30
2002071006 4 121 1442  975      33
2002071012 4 122 1432  975      33
2002071018 4 125 1424  975      33
2002071100 4 127 1416  970      35
2002071106 4 132 1405  965      40
2002071112 4 137 1394  965      40
2002071118 4 141 1384  965      40
2002071200 4 149 1376  965      40
2002071206 4 157 1366  965      40
2002071212 4 166 1357  965      40
2002071218 5 176 1347  955      45
2002071300 5 188 1337  950      45
2002071306 5 201 1322  950      45
2002071312 5 215 1308  950      45
2002071318 5 228 1294  950      45
2002071400 5 240 1283  950      45
2002071406 4 251 1277  960      40
2002071412 4 262 1276  960      40
2002071418 4 274 1276  970      35
2002071500 4 287 1285  975      33
2002071506 4 300 1301  975      33
2002071512 3 313 1323  985      28
2002071518 3 330 1350  985      25
2002071600 3 346 1387  980      30
2002071606 3 369 1422  980      28
2002071612 3 398 1465  985      25
66666 0000   24 0010 0208 0 6 Nakri                              20110729
2002070718 1 213 1164  995      15
2002070800 1 214 1170  992      15
2002070806 1 216 1177  992      15
2002070812 1 220 1185  992      15
2002070818 2 224 1188  995      18
2002070900 2 232 1192  988      18
2002070906 2 240 1197  988      20
2002070912 2 242 1201  988      20
2002070918 2 243 1204  988      20
2002071000 2 248 1212  988      20
2002071006 2 250 1221  988      20
2002071012 2 251 1231  988      20
2002071018 2 252 1241  988      20
2002071100 2 250 1250  988      20
2002071106 2 252 1255  988      20
2002071112 2 253 1260  988      20
2002071118 2 255 1265  988      20
2002071200 2 256 1267  988      20
2002071206 2 261 1268  988      20
2002071212 2 265 1268  988      20
2002071218 2 276 1267  990      20
2002071300 2 288 1266  990      20
2002071306 2 303 1266  990      20
2002071312 2 320 1268  995      18
66666 0000   58 0011 0209 0 6 Fengshen                           20110729
2002071406 1 115 1707  998      15
2002071412 2 119 1704  990      20
2002071418 2 124 1702  990      20
2002071500 3 131 1703  985      25
2002071506 3 136 1704  980      30
2002071512 4 139 1705  970      35
2002071518 4 143 1703  965      35
2002071600 4 145 1699  955      40
2002071606 4 145 1695  950      40
2002071612 5 145 1690  940      45
2002071618 5 145 1685  935      45
2002071700 5 146 1679  930      45
2002071706 5 146 1673  930      45
2002071712 5 147 1664  930      45
2002071718 5 147 1655  930      50
2002071800 5 146 1646  930      50
2002071806 5 146 1638  930      50
2002071812 5 148 1630  930      50
2002071818 6 150 1621  925      55
2002071900 6 151 1613  925      55
2002071906 6 153 1605  925      55
2002071912 6 155 1597  925      55
2002071918 5 158 1591  930      50
2002072000 5 160 1586  930      50
2002072006 5 166 1582  930      50
2002072012 5 172 1576  930      50
2002072018 5 178 1570  930      50
2002072100 5 190 1562  930      50
2002072106 6 198 1553  925      55
2002072112 6 205 1543  925      55
2002072118 6 214 1534  925      55
2002072200 6 222 1523  925      55
2002072206 6 233 1512  925      55
2002072212 6 242 1500  925      55
2002072218 5 250 1488  935      50
2002072300 5 259 1475  940      45
2002072306 4 267 1462  950      40
2002072312 4 275 1447  950      40
2002072318 4 280 1430  950      40
2002072400 4 285 1411  965      35
2002072406 4 287 1391  970      35
2002072412 4 288 1377  975      33
2002072418 3 290 1361  975      30
2002072500 3 295 1342  975      30
2002072506 3 301 1324  975      30
2002072512 3 303 1309  975      28
2002072518 3 310 1297  975      28
2002072600 3 319 1281  975      28
2002072606 3 325 1269  980      25
2002072612 2 330 1257  985      23
2002072618 2 338 1244  990      20
2002072700 2 343 1234  990      20
2002072706 2 348 1222  990      20
2002072712 2 357 1211  995      18
2002072718 1 360 1200 1000      15
2002072800 1 366 1198 1002      15
2002072806 1 380 1193 1004      12
2002072812 0 390 1190 1006      10
66666 0000   15 0012 0000 0 6 (nameless)                         20110729
2002071818 1 106 1263 1006      12
2002071900 1 117 1258 1004      15
2002071906 1 120 1250 1004      15
2002071912 1 123 1240 1004      15
2002071918 1 128 1235 1000      15
2002072000 1 130 1230 1000      15
2002072006 1 135 1227 1002      15
2002072012 1 139 1221 1002      15
2002072018 1 144 1217 1002      15
2002072100 1 150 1213 1002      15
2002072106 1 156 1210 1002      15
2002072112 1 162 1203 1002      15
2002072118 1 165 1198 1002      15
2002072200 1 164 1194 1002      15
2002072206 0 164 1194 1004      10
66666 0000   33 0013 0211 0 6 Fung-wong                          20110729
2002071906 1 237 1491 1006      15
2002071912 1 240 1466 1004      15
2002071918 1 237 1448 1004      15
2002072000 1 235 1434 1004      15
2002072006 1 232 1422 1002      15
2002072012 1 233 1410 1002      15
2002072018 1 237 1401 1000      15
2002072100 2 240 1390  995      18
2002072106 2 238 1380  995      18
2002072112 2 238 1370  995      18
2002072118 2 237 1360  995      18
2002072200 2 235 1348  995      20
2002072206 2 233 1338  995      20
2002072212 2 233 1332  990      23
2002072218 2 231 1324  990      23
2002072300 3 230 1318  985      25
2002072306 3 229 1311  980      28
2002072312 4 226 1304  970      35
2002072318 4 221 1301  970      35
2002072400 4 216 1301  970      35
2002072406 3 212 1305  975      30
2002072412 3 209 1315  975      30
2002072418 3 207 1327  975      30
2002072500 3 208 1337  975      30
2002072506 3 217 1347  975      30
2002072512 3 231 1352  985      28
2002072518 3 246 1350  985      28
2002072600 3 257 1341  985      28
2002072606 2 270 1339  990      23
2002072612 2 282 1333  990      23
2002072618 2 300 1319  995      20
2002072700 2 306 1303  998      18
2002072706 1 313 1298 1000      15
66666 0000    5 0014 0210 0 6 Kalmaegi                           20110729
2002072006 1 161 1804 1004      15
2002072012 2 158 1795 1000      18
2002072018 2 165 1786 1000      18
2002072100 2 177 1780 1000      18
2002072106 1 190 1770 1005      15
66666 0000   19 0015 0212 3 6 Kammuri                            20110729
2002080118 1 190 1200 1000      12
2002080200 1 195 1195 1000      12
2002080206 1 195 1195 1000      12
2002080212 1 198 1185 1000      12
2002080218 1 202 1178  998      15
2002080300 1 208 1173  996      15
2002080306 1 209 1165  992      15
2002080312 1 208 1156  992      15
2002080318 2 207 1148  990      18
2002080400 2 205 1145  990      20
2002080406 2 210 1151  985      23
2002080412 2 215 1152  985      23
2002080418 3 220 1155  980      28
2002080500 3 230 1157  985      25
2002080506 2 241 1157  985      23
2002080512 2 251 1155  990      18
2002080518 1 261 1156  994      15
2002080600 1 274 1157  995      15
2002080606 1 276 1160  995      12   20
66666 0000   41 0016 0213 3 6 Phanfone                           20110729
2002081100 1  89 1605 1004      12
2002081106 1  97 1593 1002      15
2002081112 1 101 1585 1002      15
2002081118 1 101 1585 1000      15
2002081200 2 107 1581  998      18
2002081206 2 112 1578  995      20
2002081212 2 119 1575  995      20
2002081218 2 126 1573  990      23
2002081300 3 140 1570  985      28
2002081306 3 154 1561  985      28
2002081312 3 165 1548  980      30
2002081318 3 173 1537  980      30
2002081400 4 183 1523  975      33
2002081406 4 190 1507  970      35
2002081412 4 194 1494  965      40
2002081418 4 201 1482  965      40
2002081500 4 211 1469  960      40
2002081506 4 220 1457  960      40
2002081512 5 229 1446  950      45
2002081518 5 239 1433  950      45
2002081600 5 247 1421  950      45
2002081606 5 254 1410  950      45
2002081612 5 260 1401  950      45
2002081618 5 268 1394  950      45
2002081700 5 276 1388  950      45
2002081706 5 285 1382  950      45
2002081712 5 296 1377  950      45
2002081718 5 302 1371  950      45
2002081800 5 307 1367  950      45
2002081806 5 311 1365  950      45
2002081812 4 314 1370  960      40
2002081818 4 318 1376  960      40
2002081900 4 323 1390  965      35
2002081906 4 327 1398  970      33
2002081912 4 333 1410  970      33
2002081918 3 336 1430  980      28
2002082000 3 343 1462  980      28
2002082006 3 360 1490  980      28
2002082012 3 384 1524  980      28
2002082018 3 420 1533  975      28
2002082100 3 440 1518  975      28
66666 0000   20 0017 0214 0 6 Vongfong                           20110729
2002081506 1 135 1136  994      15
2002081512 1 140 1138  994      15
2002081518 1 144 1134  994      15
2002081600 1 147 1137  995      15
2002081606 1 150 1143  990      15
2002081612 1 150 1143  990      15
2002081618 1 152 1144  990      15
2002081700 1 159 1146  990      15
2002081706 1 163 1136  990      15
2002081712 1 164 1133  990      15
2002081718 2 164 1133  988      18
2002081800 2 165 1130  988      18
2002081806 2 167 1123  985      20
2002081812 2 170 1120  985      20
2002081818 2 174 1119  985      20
2002081900 2 185 1116  980      23
2002081906 3 200 1111  980      25
2002081912 3 213 1106  980      30
2002081918 2 228 1100  990      23
2002082000 1 248 1081  998      15
66666 0000   41 0018 0215 1 6 Rusa                               20110729
2002082212 1 154 1634 1004      12
2002082218 1 158 1623 1000      15
2002082300 2 163 1613  998      18
2002082306 2 167 1602  995      20
2002082312 2 174 1600  990      23
2002082318 3 185 1585  985      25
2002082400 3 188 1570  985      25
2002082406 3 192 1561  985      25
2002082412 3 195 1552  985      28
2002082418 3 200 1539  980      30
2002082500 3 206 1526  980      30
2002082506 3 210 1510  980      30
2002082512 4 214 1495  975      33
2002082518 4 219 1480  970      35
2002082600 4 221 1467  960      40
2002082606 4 225 1456  960      40
2002082612 5 227 1445  950      45
2002082618 5 232 1433  950      45
2002082700 5 235 1420  950      45
2002082706 4 238 1405  960      40
2002082712 4 242 1393  960      40
2002082718 4 247 1379  960      40
2002082800 4 252 1365  960      40
2002082806 4 257 1352  960      40
2002082812 4 264 1339  960      40
2002082818 4 270 1327  960      40
2002082900 4 276 1313  960      40
2002082906 4 279 1304  960      40
2002082912 4 284 1295  960      40
2002082918 4 289 1290  960      40
2002083000 4 294 1283  960      40
2002083006 4 303 1278  960      40
2002083012 4 309 1276  960      40
2002083018 4 316 1276  965      35
2002083100 4 327 1276  965      35
2002083106 4 341 1275  965      35
2002083112 3 353 1275  980      28
2002083118 3 365 1279  990      25
2002090100 2 377 1287  992      18
2002090106 1 390 1298  996      15
2002090112 1 406 1308 1000      12
66666 0000   45 0019 0216 3 6 Sinlaku                            20110729
2002082806 1 160 1550 1004      12
2002082812 1 165 1554 1004      12
2002082818 1 170 1554 1000      15
2002082900 1 178 1554 1000      15
2002082906 2 183 1551  995      18
2002082912 2 189 1550  994      20
2002082918 2 196 1545  994      20
2002083000 3 205 1540  988      25
2002083006 3 215 1535  985      28
2002083012 3 223 1525  985      28
2002083018 3 230 1516  980      30
2002083100 4 234 1508  970      35
2002083106 4 237 1497  960      40
2002083112 4 238 1487  960      40
2002083118 4 239 1479  960      40
2002090100 4 240 1468  960      40
2002090106 5 241 1457  955      45
2002090112 5 242 1445  950      45
2002090118 5 243 1431  950      45
2002090200 5 242 1418  950      45
2002090206 5 244 1404  950      45
2002090212 4 245 1390  960      40
2002090218 4 245 1377  960      40
2002090300 4 248 1364  960      40
2002090306 4 252 1349  960      40
2002090312 4 255 1333  960      40
2002090318 4 257 1321  960      40
2002090400 4 259 1307  960      40
2002090406 4 261 1295  960      40
2002090412 4 262 1285  960      40
2002090418 4 264 1275  960      40
2002090500 4 264 1268  960      40
2002090506 4 266 1262  960      40
2002090512 4 266 1257  960      40
2002090518 4 263 1253  960      40
2002090600 4 261 1251  960      40
2002090606 4 261 1248  960      40
2002090612 4 262 1245  960      40
2002090618 4 265 1238  960      40
2002090700 4 270 1231  960      40
2002090706 4 272 1215  960      40
2002090712 4 272 1204  970      35
2002090718 3 271 1188  985      25
2002090800 2 276 1170  995      18
2002090806 1 282 1154 1002      15
66666 0000   46 0020 0217 1 6 Ele                                20110729
2002083006 4 125 1797  960      40
2002083012 4 131 1793  960      40
2002083018 4 138 1786  960      40
2002083100 5 143 1780  950      45
2002083106 5 150 1776  950      45
2002083112 5 159 1772  950      45
2002083118 5 168 1772  950      45
2002090100 5 180 1767  950      45
2002090106 4 189 1765  960      40
2002090112 4 199 1760  960      40
2002090118 4 208 1756  960      40
2002090200 4 217 1751  960      40
2002090206 5 227 1750  950      45
2002090212 5 234 1750  950      45
2002090218 5 241 1753  950      45
2002090300 5 249 1756  950      45
2002090306 5 253 1760  950      45
2002090312 5 256 1764  950      45
2002090318 5 259 1767  950      45
2002090400 4 261 1769  960      40
2002090406 4 264 1770  960      40
2002090412 4 268 1770  960      40
2002090418 4 274 1767  960      40
2002090500 4 278 1757  970      35
2002090506 4 282 1751  970      33
2002090512 4 287 1748  970      33
2002090518 4 293 1743  970      33
2002090600 4 301 1738  970      33
2002090606 4 306 1731  970      33
2002090612 4 311 1726  970      33
2002090618 3 318 1723  975      30
2002090700 3 327 1708  975      30
2002090706 3 335 1699  980      28
2002090712 3 340 1688  985      25
2002090718 3 342 1674  985      25
2002090800 3 345 1666  990      25
2002090806 2 350 1660  990      23
2002090812 2 356 1656  992      20
2002090818 2 362 1653  992      20
2002090900 2 369 1653  992      20
2002090906 2 377 1656  992      20
2002090912 1 387 1662  996      15
2002090918 1 399 1672 1000      15
2002091000 1 414 1673 1000      15
2002091006 1 428 1684 1000      15
2002091012 1 442 1707 1000      15
66666 0000   25 0021 0218 0 6 Hagupit                            20110729
2002090918 1 194 1187 1000      12
2002091000 1 195 1180 1000      12
2002091006 1 199 1170  996      15
2002091012 2 201 1162  992      18
2002091018 2 205 1155  992      18
2002091100 2 206 1145  990      23
2002091106 2 209 1136  990      23
2002091112 3 213 1130  985      25
2002091118 3 216 1122  985      25
2002091200 2 218 1110  990      20
2002091206 2 219 1102  992      18
2002091212 1 220 1097  995      15
2002091218 1 221 1091 1000      12
2002091300 1 222 1086 1000      12
2002091306 1 222 1086 1002      12
2002091312 0 220 1090 1003      10
2002091318 0 219 1095 1004      10
2002091400 0 219 1095 1004      10
2002091406 0 216 1100 1002      10
2002091412 0 215 1110 1001      10
2002091418 0 215 1115 1003      10
2002091500 0 213 1120 1003      10
2002091506 0 213 1120 1002      10
2002091512 0 208 1122 1002      10
2002091518 0 205 1128 1003      10
66666 0000   12 0022 0219 1 6 Changmi                            20110729
2002092006 1 221 1394 1002      12
2002092012 1 225 1386 1002      12
2002092018 1 235 1378 1002      12
2002092100 1 253 1365 1000      15
2002092106 1 265 1365 1000      15
2002092112 1 276 1376  998      15
2002092118 1 285 1374  998      15
2002092200 2 297 1382  987      20
2002092206 2 309 1389  990      20
2002092212 9 323 1410  990      20
2002092218 9 332 1428  990      20
2002092300 9 348 1451  990      20
66666 0000   22 0023 0220 0 6 Mekkhala                           20110729
2002092300 1 145 1137 1004      12
2002092306 1 147 1130 1002      12
2002092312 1 150 1123 1002      12
2002092318 1 153 1117 1002      12
2002092400 1 156 1111 1002      12
2002092406 1 161 1103 1002      12
2002092412 1 167 1100 1002      15
2002092418 1 172 1097 1000      15
2002092500 2 177 1096  998      18
2002092506 2 179 1093  992      23
2002092512 2 183 1091  992      23
2002092518 2 186 1090  992      20
2002092600 2 191 1087  992      20
2002092606 2 196 1086  992      20
2002092612 2 200 1084  995      18
2002092618 2 206 1085  995      18
2002092700 2 210 1085  995      18
2002092706 2 217 1085  998      18
2002092712 1 214 1088 1000      15
2002092718 1 214 1092 1000      15
2002092800 1 214 1098 1002      12
2002092806 0 215 1102 1005      10
66666 0000   26 0024 0221 1 6 Higos                              20110729
2002092600 1 156 1574 1004      12
2002092606 1 156 1560 1004      12
2002092612 1 157 1550 1004      12
2002092618 1 158 1538 1000      15
2002092700 1 160 1523  998      15
2002092706 2 164 1509  995      20
2002092712 2 169 1491  995      20
2002092718 3 175 1475  990      25
2002092800 3 180 1459  980      30
2002092806 3 187 1442  980      30
2002092812 4 191 1421  975      33
2002092818 4 195 1404  960      40
2002092900 5 198 1388  950      45
2002092906 5 204 1375  950      45
2002092912 5 209 1367  945      50
2002092918 5 215 1360  945      50
2002093000 5 225 1358  945      50
2002093006 5 237 1358  945      50
2002093012 5 252 1361  950      45
2002093018 5 272 1366  950      45
2002100100 4 296 1374  960      40
2002100106 4 328 1383  960      40
2002100112 4 359 1398  970      33
2002100118 3 405 1413  985      28
2002100200 3 439 1411  985      25
2002100206 9 462 1411  980      25
66666 0000   22 0025 0222 0 6 Bavi                               20110729
2002100812 1 101 1560 1000      15
2002100818 1 112 1553 1000      15
2002100900 1 119 1546 1000      15
2002100906 1 127 1534 1000      15
2002100912 2 131 1523  998      18
2002100918 2 134 1513  995      20
2002101000 2 139 1504  995      20
2002101006 2 149 1502  995      20
2002101012 2 160 1502  990      23
2002101018 3 175 1502  988      25
2002101100 3 190 1494  988      25
2002101106 3 201 1489  988      25
2002101112 3 215 1487  985      25
2002101118 3 225 1482  985      28
2002101200 3 232 1474  985      28
2002101206 3 242 1471  985      28
2002101212 3 259 1468  980      30
2002101218 3 271 1467  980      30
2002101300 3 281 1471  988      25
2002101306 2 289 1475  990      23
2002101312 9 308 1480  990      20
2002101318 9 340 1490  995      15
66666 0000   15 0026 0223 1 6 Maysak                             20110729
2002102612 1 180 1626 1006      12
2002102618 1 190 1624 1006      12
2002102700 1 200 1616 1006      12
2002102706 1 207 1607 1002      15
2002102712 1 218 1599 1002      15
2002102718 1 233 1596 1002      15
2002102800 2 243 1587  996      18
2002102806 2 251 1590  994      20
2002102812 2 263 1602  994      20
2002102818 2 278 1618  990      23
2002102900 3 292 1633  985      28
2002102906 4 304 1664  980      33
2002102912 4 314 1698  980      33
2002102918 3 319 1736  988      25
2002103000 2 330 1780  995      20
66666 0000   16 0027 0224 0 6 Huko                               20110729
2002110312 4 155 1799  975      33
2002110318 4 160 1778  970      35
2002110400 4 166 1749  970      35
2002110406 4 173 1723  970      35
2002110412 4 184 1704  970      35
2002110418 4 195 1680  975      33
2002110500 4 204 1654  975      33
2002110506 4 217 1638  975      33
2002110512 3 233 1630  980      30
2002110518 3 243 1627  980      30
2002110600 3 253 1631  985      28
2002110606 3 259 1642  985      25
2002110612 2 268 1662  990      23
2002110618 2 273 1690  990      23
2002110700 2 280 1723  995      18
2002110706 1 284 1750 1000      15
66666 0000   21 0028 0225 1 6 Haishen                            20110729
2002112000 1  90 1470 1002      12
2002112006 1 105 1466 1000      15
2002112012 1 112 1448 1000      15
2002112018 1 116 1428  998      15
2002112100 2 118 1415  994      18
2002112106 2 124 1403  992      20
2002112112 2 128 1390  990      23
2002112118 3 133 1375  988      25
2002112200 3 137 1364  985      25
2002112206 3 155 1358  985      25
2002112212 3 157 1354  980      28
2002112218 3 164 1353  980      28
2002112300 3 177 1353  980      28
2002112306 4 187 1352  970      33
2002112312 4 197 1355  965      35
2002112318 4 211 1363  965      35
2002112400 4 228 1375  965      35
2002112406 4 253 1393  970      33
2002112412 3 271 1411  980      30
2002112418 3 282 1433  980      30
2002112500 3 300 1460  980      28
66666 0000   35 0029 0226 1 6 Pongsona                           20110729
2002120218 1  83 1635 1004      12
2002120300 1  86 1628 1000      15
2002120306 1  87 1620 1000      15
2002120312 2  88 1612  995      18
2002120318 2  88 1606  995      18
2002120400 2  86 1599  995      20
2002120406 2  84 1594  995      20
2002120412 2  82 1589  990      23
2002120418 3  81 1584  990      25
2002120500 3  81 1573  985      28
2002120506 3  81 1563  985      28
2002120512 3  84 1552  980      30
2002120518 3  86 1540  980      30
2002120600 4  89 1530  975      33
2002120606 4  91 1518  975      33
2002120612 4  93 1510  975      33
2002120618 4  96 1501  970      35
2002120700 4 101 1492  965      40
2002120706 4 105 1481  965      40
2002120712 4 112 1472  965      40
2002120718 5 119 1462  955      45
2002120800 5 126 1457  955      45
2002120806 5 135 1452  945      50
2002120812 5 143 1446  945      50
2002120818 5 152 1442  945      50
2002120900 5 162 1438  955      45
2002120906 5 169 1437  955      45
2002120912 5 181 1437  955      45
2002120918 5 191 1442  955      45
2002121000 5 205 1458  955      45
2002121006 4 225 1474  965      40
2002121012 4 241 1502  965      40
2002121018 4 254 1533  970      35
2002121100 3 277 1571  980      30
2002121106 3 290 1600  990      25
