66666 0000   27 0001 0000 0 6 (nameless)                         20130407
2012021418 1  79 1302 1004      16
2012021500 1  89 1284 1004      16
2012021506 1  96 1272 1004      16
2012021512 1 102 1258 1006      16
2012021518 1 110 1245 1006      16
2012021600 1 105 1230 1006      13
2012021606 1  98 1217 1006      13
2012021612 1  95 1204 1006      13
2012021618 1  95 1188 1006      13
2012021700 1  95 1170 1006      16
2012021706 1  98 1155 1004      16
2012021712 1  98 1141 1004      16
2012021718 1 100 1133 1004      16
2012021800 1 102 1130 1004      16
2012021806 1 103 1128 1004      16
2012021812 1 105 1126 1004      16
2012021818 1 106 1124 1004      16
2012021900 1 105 1122 1004      16
2012021906 1 103 1121 1004      16
2012021912 1 101 1121 1004      16
2012021918 1  98 1120 1004      16
2012022000 1  94 1119 1004      16
2012022006 1  93 1116 1004      16
2012022012 1  93 1114 1004      16
2012022018 1  93 1112 1004      16
2012022100 1  93 1109 1004      16
2012022106 1  94 1103 1006      13
66666 0000   30 0002 1201 0 6 Pakhar                             20130407
2012032600 0  99 1155 1010      10
2012032606 0  97 1152 1008      10
2012032612 0  96 1149 1008      10
2012032618 1  95 1147 1008      13
2012032700 1  94 1145 1008      13
2012032706 1  94 1142 1006      15
2012032712 1  94 1139 1006      15
2012032718 1  94 1136 1006      15
2012032800 1  94 1134 1006      15
2012032806 1  93 1131 1006      15
2012032812 1  93 1128 1006      15
2012032818 1  94 1125 1006      15
2012032900 1  96 1123 1004      15
2012032906 2  97 1121 1004      18
2012032912 2  97 1118 1002      18
2012032918 2  97 1116  998      23
2012033000 3  97 1113  990      25
2012033006 3  97 1110  985      28
2012033012 3  97 1107  985      28
2012033018 3  97 1104  990      25
2012033100 3  97 1100  990      25
2012033106 3  97 1096  990      25
2012033112 2  98 1092  990      23
2012033118 2  98 1088  992      23
2012040100 2  99 1084  992      20
2012040106 2 101 1078  995      20
2012040112 2 106 1074 1000      18
2012040118 2 110 1070 1000      18
2012040200 1 115 1066 1004      12
2012040206 0 122 1063 1006       8
66666 0000   32 0003 1202 0 6 Sanvu                              20130407
2012052018 0 107 1480 1004      10
2012052100 1 110 1473 1002      13
2012052106 1 113 1464 1002      13
2012052112 1 120 1455 1000      15
2012052118 1 127 1446 1000      15
2012052200 2 134 1440  998      18
2012052206 2 139 1433  998      18
2012052212 2 145 1425  995      20
2012052218 2 155 1416  995      20
2012052300 2 161 1409  995      20
2012052306 2 168 1404  992      23
2012052312 3 173 1399  990      25
2012052318 3 180 1397  990      25
2012052400 3 189 1394  990      25
2012052406 3 197 1391  980      30
2012052412 4 207 1389  975      33
2012052418 4 215 1390  975      33
2012052500 4 222 1392  975      33
2012052506 4 230 1395  975      33
2012052512 4 236 1400  970      35
2012052518 4 241 1405  970      35
2012052600 4 246 1413  975      33
2012052606 4 249 1421  975      33
2012052612 3 253 1433  980      30
2012052618 3 259 1444  985      28
2012052700 2 266 1457  990      23
2012052706 2 275 1470  992      23
2012052712 2 285 1488  994      20
2012052718 2 297 1502  994      20
2012052800 9 307 1519 1000      20
2012052806 9 314 1533 1000      18
2012052812 9 320 1550 1002      15
66666 0000   29 0004 1203 0 6 Mawar                              20130407
2012053118 1 138 1270 1000      15
2012060100 1 144 1260 1000      15
2012060106 2 149 1255  998      18
2012060112 2 156 1251  998      18
2012060118 2 161 1246  995      20
2012060200 2 166 1243  990      23
2012060206 3 172 1242  985      28
2012060212 4 176 1244  975      33
2012060218 4 181 1247  975      33
2012060300 4 187 1250  970      35
2012060306 4 193 1254  965      40
2012060312 4 200 1256  960      40
2012060318 4 209 1258  960      40
2012060400 5 216 1262  955      45
2012060406 5 226 1267  955      45
2012060412 4 234 1276  960      38
2012060418 4 244 1288  970      35
2012060500 4 259 1303  975      33
2012060506 3 275 1323  975      30
2012060512 3 284 1346  975      30
2012060518 3 298 1376  980      28
2012060600 3 313 1412  980      28
2012060606 9 332 1450  976      25
2012060612 9 355 1475  968      23
2012060618 9 376 1498  964      23
2012060700 9 388 1512  968      23
2012060706 9 400 1523  972      20
2012060712 9 408 1535  972      20
2012060718 9 415 1553  972      18
66666 0000   48 0005 1204 0 6 Guchol                             20130407
2012061012 1  75 1486 1006      13
2012061018 1  85 1482 1006      13
2012061100 1  89 1473 1006      13
2012061106 1  92 1464 1006      13
2012061112 1  94 1455 1006      13
2012061118 1  95 1446 1004      15
2012061200 1  96 1436 1004      15
2012061206 1  96 1428 1002      15
2012061212 1  96 1420 1000      15
2012061218 1  96 1412 1000      15
2012061300 2  97 1406  998      18
2012061306 2 100 1393  998      18
2012061312 2 107 1379  995      20
2012061318 2 109 1366  990      23
2012061400 3 109 1351  985      25
2012061406 3 108 1339  985      28
2012061412 3 107 1327  980      30
2012061418 3 104 1321  980      30
2012061500 3 103 1315  975      30
2012061506 4 106 1311  975      33
2012061512 4 112 1309  975      33
2012061518 4 119 1305  970      35
2012061600 4 129 1301  965      40
2012061606 5 140 1296  950      48
2012061612 6 149 1289  935      55
2012061618 6 162 1284  920      60
2012061700 6 173 1276  915      60
2012061706 6 183 1273  920      60
2012061712 6 197 1270  935      55
2012061718 5 208 1270  940      50
2012061800 5 222 1274  945      48
2012061806 5 238 1279  950      45
2012061812 5 253 1287  950      45
2012061818 4 273 1302  960      40
2012061900 4 298 1319  965      35
2012061906 4 324 1347  965      35
2012061912 3 349 1376  970      30
2012061918 9 373 1408  985      25
2012062000 9 383 1428  995      23
2012062006 9 395 1442  998      20
2012062012 9 402 1450 1000      15
2012062018 9 409 1454 1000      15
2012062100 9 415 1457 1004      13
2012062106 9 420 1460 1004      13
2012062112 9 422 1463 1004      13
2012062118 9 423 1465 1006      10
2012062200 9 425 1467 1008       8
2012062206 9 427 1469 1008       8
66666 0000   18 0006 1205 0 6 Talim                              20130407
2012061606 1 192 1121  998      15
2012061612 1 193 1119  998      15
2012061618 1 194 1117  996      15
2012061700 1 194 1114  996      15
2012061706 2 192 1113  994      18
2012061712 2 190 1116  994      18
2012061718 2 189 1120  992      20
2012061800 2 190 1124  990      20
2012061806 2 191 1128  990      20
2012061812 2 191 1132  990      20
2012061818 2 193 1138  990      23
2012061900 2 197 1146  990      23
2012061906 3 204 1155  985      25
2012061912 3 210 1161  985      25
2012061918 3 216 1169  985      25
2012062000 2 227 1178  990      23
2012062006 2 240 1190  992      20
2012062012 1 247 1201  995      16
66666 0000   22 0007 1206 0 6 Doksuri                            20130407
2012062500 1 110 1352 1006      12
2012062506 1 114 1345 1006      12
2012062512 1 120 1340 1004      12
2012062518 1 132 1335 1004      15
2012062600 1 137 1325 1004      15
2012062606 1 141 1313 1004      15
2012062612 1 145 1304 1004      15
2012062618 2 151 1291 1000      18
2012062700 2 153 1277  998      18
2012062706 2 159 1272  998      18
2012062712 2 171 1258  998      18
2012062718 2 176 1246  998      18
2012062800 2 190 1235  998      18
2012062806 2 191 1224  995      20
2012062812 2 193 1211  990      23
2012062818 2 198 1202  990      23
2012062900 2 203 1177  990      23
2012062906 2 206 1164  990      23
2012062912 2 215 1152  985      23
2012062918 2 218 1135  985      23
2012063000 1 224 1120 1000      12
2012063006 0 228 1106 1000      10
66666 0000   22 0008 1207 0 6 Khanun                             20130407
2012071418 1 192 1437 1006      15
2012071500 1 195 1430 1006      15
2012071506 1 200 1425 1006      15
2012071512 1 206 1411 1006      15
2012071518 1 218 1399 1004      15
2012071600 1 230 1380 1002      15
2012071606 2 242 1361 1002      18
2012071612 2 248 1345 1002      18
2012071618 2 256 1329  998      18
2012071700 2 262 1311  995      20
2012071706 2 268 1296  992      23
2012071712 2 278 1283  990      23
2012071718 3 288 1274  985      25
2012071800 3 300 1267  985      25
2012071806 2 319 1262  990      23
2012071812 2 338 1263  992      23
2012071818 2 356 1265  994      18
2012071900 1 379 1278  998      16
2012071906 1 394 1279 1000      15
2012071912 1 399 1283 1000      13
2012071918 9 406 1291 1002      13
2012072000 9 408 1298 1006      10
66666 0000   28 0009 1208 0 6 Vicente                            20130407
2012071812 1 148 1285 1006      13
2012071818 1 149 1276 1004      13
2012071900 1 151 1269 1004      13
2012071906 1 153 1263 1004      13
2012071912 1 156 1258 1004      13
2012071918 1 163 1255 1002      13
2012072000 1 171 1249 1002      13
2012072006 1 176 1239 1002      13
2012072012 1 183 1227 1002      13
2012072018 1 189 1203 1000      15
2012072100 1 190 1190 1000      15
2012072106 1 192 1180  998      15
2012072112 2 193 1169  995      18
2012072118 2 193 1159  992      20
2012072200 2 193 1153  990      23
2012072206 2 191 1151  990      23
2012072212 3 189 1150  985      25
2012072218 3 193 1151  985      25
2012072300 3 197 1151  980      28
2012072306 4 205 1148  975      33
2012072312 4 210 1142  965      38
2012072318 5 217 1133  960      45
2012072400 4 224 1122  970      38
2012072406 2 228 1107  985      23
2012072412 2 228 1091  988      18
2012072418 1 227 1073  994      13
2012072500 0 224 1063  996      10
2012072506 0 222 1051  996       8
66666 0000   38 0010 1209 0 6 Saola                              20130407
2012072618 1 106 1315 1004      15
2012072700 1 109 1298 1002      15
2012072706 1 120 1289 1002      15
2012072712 1 127 1279 1000      15
2012072718 1 134 1272 1000      15
2012072800 2 144 1268  998      18
2012072806 2 152 1264  995      20
2012072812 2 158 1260  995      20
2012072818 2 162 1258  995      20
2012072900 2 170 1255  990      23
2012072906 3 181 1254  990      25
2012072912 3 187 1252  985      28
2012072918 3 191 1250  985      28
2012073000 3 196 1250  985      28
2012073006 3 201 1249  980      30
2012073012 4 206 1245  975      33
2012073018 4 208 1242  975      33
2012073100 4 210 1240  975      33
2012073106 4 213 1242  975      33
2012073112 4 217 1241  975      33
2012073118 4 223 1238  975      33
2012080100 4 227 1237  965      35
2012080106 4 234 1234  960      40
2012080112 4 240 1230  960      40
2012080118 4 241 1222  960      40
2012080200 4 240 1219  970      35
2012080206 4 249 1220  975      33
2012080212 4 257 1214  975      33
2012080218 3 262 1206  980      30
2012080300 3 270 1202  985      25
2012080306 2 275 1185  992      20
2012080312 2 277 1172  992      18
2012080318 1 277 1166  992      15
2012080400 1 276 1158  992      15
2012080406 1 274 1150  992      12
2012080412 1 269 1138  996      12
2012080418 0 263 1126  996      10
2012080500 0 255 1116  998       8
66666 0000   32 0011 1210 0 6 Damrey                             20130407
2012072706 1 248 1486 1006      15
2012072712 1 252 1482 1006      15
2012072718 1 256 1479 1006      15
2012072800 1 258 1475 1006      15
2012072806 1 259 1472 1004      15
2012072812 2 259 1470 1002      18
2012072818 2 260 1467  998      18
2012072900 2 261 1464  995      18
2012072906 2 260 1460  995      18
2012072912 2 258 1456  995      18
2012072918 2 254 1455  995      20
2012073000 2 255 1450  995      20
2012073006 2 258 1446  995      20
2012073012 2 265 1442  995      20
2012073018 2 277 1429  990      23
2012073100 3 282 1407  985      25
2012073106 3 286 1388  985      28
2012073112 3 290 1371  985      28
2012073118 3 295 1351  985      28
2012080100 3 301 1327  980      30
2012080106 3 304 1305  980      30
2012080112 3 309 1288  980      30
2012080118 4 318 1267  975      33
2012080200 4 327 1244  970      35
2012080206 4 338 1222  960      40
2012080212 4 344 1204  970      35
2012080218 3 348 1190  985      30
2012080300 3 360 1182  988      25
2012080306 2 369 1177  992      20
2012080312 1 376 1179  994      16
2012080318 1 383 1181  998      13
2012080400 1 394 1194 1000      13
66666 0000   40 0012 1211 0 6 Haikui                             20130407
2012080112 1 224 1465 1004      15
2012080118 1 224 1459 1002      15
2012080200 1 224 1449 1002      15
2012080206 1 224 1441 1000      15
2012080212 1 226 1430 1000      15
2012080218 1 232 1417  998      15
2012080300 2 235 1407  995      18
2012080306 2 240 1399  995      18
2012080312 2 246 1384  995      18
2012080318 2 251 1368  995      18
2012080400 2 252 1343  995      18
2012080406 2 255 1330  992      20
2012080412 2 262 1312  992      20
2012080418 2 264 1302  990      23
2012080500 2 267 1292  990      23
2012080506 2 272 1285  985      23
2012080512 3 275 1272  985      25
2012080518 3 273 1266  980      28
2012080600 3 272 1261  980      28
2012080606 3 273 1256  980      30
2012080612 4 273 1249  975      33
2012080618 4 272 1245  975      33
2012080700 4 274 1241  970      35
2012080706 4 276 1235  965      40
2012080712 5 281 1230  960      45
2012080718 5 288 1222  965      42
2012080800 4 293 1214  975      35
2012080806 4 301 1203  980      33
2012080812 3 305 1192  985      25
2012080818 2 306 1186  988      23
2012080900 2 307 1180  990      20
2012080906 2 307 1177  992      18
2012080912 1 307 1175  992      16
2012080918 1 307 1173  994      16
2012081000 1 307 1170  994      16
2012081006 1 303 1168  994      13
2012081012 1 300 1169  996      13
2012081018 0 299 1170  996      10
2012081100 0 299 1171  998      10
2012081106 0 299 1172 1000       8
66666 0000   30 0013 1212 0 6 Kirogi                             20130407
2012080306 1 240 1620 1006      13
2012080312 1 237 1621 1006      13
2012080318 1 235 1624 1006      13
2012080400 1 237 1627 1006      15
2012080406 1 237 1624 1004      15
2012080412 1 236 1618 1004      15
2012080418 1 232 1616 1004      15
2012080500 1 229 1617 1004      15
2012080506 1 234 1622 1002      15
2012080512 1 244 1626 1002      15
2012080518 1 250 1625 1002      15
2012080600 1 259 1625 1002      15
2012080606 1 267 1628 1000      15
2012080612 2 278 1627  998      18
2012080618 2 284 1623  998      18
2012080700 2 290 1619  998      18
2012080706 2 297 1614  995      20
2012080712 2 302 1608  996      20
2012080718 2 308 1604  996      20
2012080800 2 314 1595  996      20
2012080806 2 318 1583  996      20
2012080812 2 328 1572  996      20
2012080818 2 335 1564  996      20
2012080900 2 343 1553  996      20
2012080906 2 360 1542  990      23
2012080912 2 376 1529  990      23
2012080918 2 392 1514  995      20
2012081000 2 415 1498  995      20
2012081006 9 437 1483  995      20
2012081012 9 459 1475 1000      16
66666 0000   27 0014 1213 0 6 Kai-tak                            20130407
2012081200 1 166 1318 1004      13
2012081206 1 166 1302 1002      13
2012081212 1 166 1293 1000      15
2012081218 1 166 1287 1000      15
2012081300 2 167 1279  998      18
2012081306 2 167 1274  998      18
2012081312 2 167 1268  998      18
2012081318 2 168 1262  995      20
2012081400 2 175 1256  995      20
2012081406 2 178 1245  995      20
2012081412 2 171 1231  995      20
2012081418 2 172 1228  990      23
2012081500 3 180 1219  990      25
2012081506 3 186 1208  990      25
2012081512 3 186 1192  985      28
2012081518 3 187 1182  980      30
2012081600 4 191 1171  975      33
2012081606 4 193 1157  975      33
2012081612 4 198 1144  975      33
2012081618 4 202 1129  970      35
2012081700 4 207 1115  968      38
2012081706 4 210 1099  970      35
2012081712 3 214 1082  980      30
2012081718 3 216 1068  985      25
2012081800 2 220 1054  990      20
2012081806 1 223 1041  998      15
2012081812 0 231 1026 1000      10
66666 0000   60 0015 1214 0 6 Tembin                             20130407
2012081706 1 214 1259 1006      13
2012081712 1 207 1259 1004      15
2012081718 1 197 1259 1004      15
2012081800 1 190 1259 1004      15
2012081806 1 187 1258 1002      15
2012081812 1 184 1255 1002      15
2012081818 1 181 1251 1002      15
2012081900 2 178 1249  998      18
2012081906 2 177 1248  998      18
2012081912 2 176 1247  995      20
2012081918 3 176 1246  990      25
2012082000 4 180 1248  975      33
2012082006 5 184 1250  950      45
2012082012 5 189 1251  950      45
2012082018 5 195 1253  945      48
2012082100 5 202 1254  945      48
2012082106 5 211 1254  950      45
2012082112 5 218 1253  950      45
2012082118 5 222 1250  950      45
2012082200 4 223 1246  960      40
2012082206 4 225 1244  960      40
2012082212 4 225 1242  960      40
2012082218 4 225 1239  960      40
2012082300 5 225 1236  955      42
2012082306 5 226 1233  950      45
2012082312 5 227 1226  950      45
2012082318 5 224 1214  945      48
2012082400 5 222 1206  955      42
2012082406 4 222 1200  970      35
2012082412 4 223 1196  970      35
2012082418 4 224 1190  975      33
2012082500 4 224 1183  975      33
2012082506 4 223 1178  975      33
2012082512 4 219 1172  970      35
2012082518 4 214 1168  965      38
2012082600 4 210 1168  965      38
2012082606 4 208 1169  965      38
2012082612 4 207 1172  970      35
2012082618 4 205 1177  970      35
2012082700 4 205 1182  975      33
2012082706 4 209 1190  975      33
2012082712 4 213 1198  975      33
2012082718 4 217 1210  975      33
2012082800 4 228 1219  975      33
2012082806 4 240 1229  975      33
2012082812 3 253 1236  980      30
2012082818 3 265 1236  985      28
2012082900 3 274 1237  985      28
2012082906 3 286 1240  980      30
2012082912 3 304 1248  980      30
2012082918 3 320 1252  980      30
2012083000 3 339 1262  985      25
2012083006 2 357 1278  994      23
2012083012 2 370 1295 1000      20
2012083018 2 380 1303 1002      18
2012083100 2 383 1312 1004      18
2012083106 1 385 1318 1006      15
2012083112 1 388 1322 1008      12
2012083118 0 392 1323 1010      10
2012090100 0 396 1325 1012      10
66666 0000   46 0016 1215 0 6 Bolaven                            20130407
2012081906 1 142 1422 1004      15
2012081912 1 154 1420 1004      15
2012081918 1 164 1419 1002      15
2012082000 1 172 1416 1000      15
2012082006 2 176 1414  998      18
2012082012 2 179 1412  995      20
2012082018 2 181 1411  990      23
2012082100 3 182 1408  990      25
2012082106 3 184 1405  985      28
2012082112 3 189 1400  980      30
2012082118 4 191 1393  975      33
2012082200 4 193 1387  970      35
2012082206 4 194 1381  970      35
2012082212 4 195 1375  965      38
2012082218 4 196 1364  965      38
2012082300 4 198 1359  965      38
2012082306 4 200 1354  965      38
2012082312 4 202 1344  960      40
2012082318 5 203 1339  955      42
2012082400 5 211 1337  955      42
2012082406 5 217 1332  950      45
2012082412 5 222 1330  950      45
2012082418 5 228 1326  940      48
2012082500 5 235 1321  940      48
2012082506 5 242 1313  930      50
2012082512 6 244 1307  920      55
2012082518 6 247 1301  920      52
2012082600 5 252 1296  925      50
2012082606 5 259 1289  925      50
2012082612 5 267 1280  930      48
2012082618 5 274 1273  930      48
2012082700 5 285 1269  940      45
2012082706 4 298 1259  960      40
2012082712 4 313 1254  960      35
2012082718 4 330 1250  960      35
2012082800 4 347 1246  960      33
2012082806 3 369 1245  965      30
2012082812 3 388 1246  975      28
2012082818 2 418 1259  980      23
2012082900 2 446 1272  984      20
2012082906 9 463 1294  984      16
2012082912 9 478 1318  984      16
2012082918 9 501 1347  984      13
2012083000 9 517 1393  986      13
2012083006 9 527 1420  986      13
2012083012 9 537 1454  988      13
66666 0000   36 0017 1216 0 6 Sanba                              20131118
2012091000 1  85 1349 1006      13
2012091006 1  88 1348 1004      13
2012091012 1  92 1346 1002      15
2012091018 1  96 1344 1000      15
2012091100 2 100 1343  998      18
2012091106 2 108 1339  998      18
2012091112 2 113 1333  995      18
2012091118 2 119 1326  995      20
2012091200 2 127 1317  990      23
2012091206 3 131 1310  985      28
2012091212 4 137 1306  975      33
2012091218 4 142 1301  970      35
2012091300 5 148 1299  955      45
2012091306 5 156 1296  945      50
2012091312 6 163 1296  920      60
2012091318 6 171 1297  910      65
2012091400 6 180 1297  910      65
2012091406 6 191 1298  920      60
2012091412 6 202 1298  930      55
2012091418 6 214 1295  935      55
2012091500 6 223 1291  935      55
2012091506 6 234 1288  935      55
2012091512 6 245 1285  935      55
2012091518 5 255 1283  940      50
2012091600 5 270 1281  945      50
2012091606 5 288 1281  945      50
2012091612 5 306 1280  950      48
2012091618 5 322 1279  955      45
2012091700 4 341 1281  965      40
2012091706 3 363 1283  980      30
2012091712 2 386 1294  990      23
2012091718 2 407 1305  992      23
2012091800 9 438 1322  994      20
2012091806 9 459 1336  994      18
2012091812 9 474 1340 1000      15
2012091818 9 480 1348 1002      15
66666 0000   47 0018 1217 0 6 Jelawat                            20130407
2012091918 1 141 1359 1008      15
2012092000 1 138 1346 1008      15
2012092006 1 137 1331 1006      15
2012092012 1 135 1321 1004      15
2012092018 2 134 1315 1000      18
2012092100 2 131 1308  995      20
2012092106 2 127 1304  990      23
2012092112 2 124 1301  990      23
2012092118 2 121 1300  990      23
2012092200 3 117 1299  990      25
2012092206 3 117 1297  990      25
2012092212 3 117 1295  985      28
2012092218 3 117 1293  980      30
2012092300 4 118 1290  970      35
2012092306 5 121 1289  955      45
2012092312 6 126 1288  945      52
2012092318 6 130 1287  935      55
2012092400 6 135 1286  920      58
2012092406 6 142 1283  920      58
2012092412 6 146 1281  920      60
2012092418 6 152 1279  915      62
2012092500 6 157 1278  915      62
2012092506 6 164 1275  910      65
2012092512 6 168 1272  910      65
2012092518 6 171 1268  910      65
2012092600 6 174 1265  915      62
2012092606 6 180 1261  920      60
2012092612 6 184 1259  920      58
2012092618 6 191 1254  920      58
2012092700 6 196 1248  920      58
2012092706 6 202 1243  920      58
2012092712 6 209 1241  920      58
2012092718 6 217 1238  935      55
2012092800 6 225 1241  940      52
2012092806 5 234 1245  945      50
2012092812 5 242 1251  945      50
2012092818 5 250 1261  942      48
2012092900 5 261 1274  950      45
2012092906 5 270 1285  950      45
2012092912 5 279 1304  955      42
2012092918 4 293 1323  960      40
2012093000 4 319 1341  960      38
2012093006 4 334 1357  970      38
2012093012 4 357 1382  975      33
2012093018 9 391 1410  985      28
2012100100 9 419 1445  990      25
2012100106 9 438 1492  995      23
66666 0000   28 0019 1218 0 6 Ewiniar                            20130407
2012092306 1 155 1403 1004      15
2012092312 1 163 1402 1004      15
2012092318 1 174 1399 1002      15
2012092400 1 185 1392 1002      15
2012092406 1 194 1389 1000      15
2012092412 2 203 1387  998      18
2012092418 2 210 1386  998      18
2012092500 2 220 1385  998      18
2012092506 2 227 1386  998      18
2012092512 2 235 1390  995      20
2012092518 2 246 1402  995      23
2012092600 2 254 1412  995      23
2012092606 2 264 1422  990      23
2012092612 3 276 1428  990      25
2012092618 3 289 1425  988      25
2012092700 3 304 1421  988      25
2012092706 3 313 1421  988      25
2012092712 3 317 1419  988      25
2012092718 3 315 1417  988      25
2012092800 3 315 1423  988      25
2012092806 3 319 1432  988      25
2012092812 2 326 1441  990      23
2012092818 2 333 1451  990      23
2012092900 2 347 1460  990      23
2012092906 2 363 1471  990      23
2012092912 2 379 1492  995      20
2012092918 2 393 1513  995      20
2012093000 9 408 1542 1000      16
66666 0000   23 0020 1219 0 6 Maliksi                            20130407
2012092912 1 127 1510 1004      13
2012092918 1 134 1506 1002      15
2012093000 1 141 1500 1002      15
2012093006 1 150 1496 1000      15
2012093012 1 161 1489 1000      15
2012093018 1 164 1477 1000      15
2012100100 1 171 1469 1000      15
2012100106 2 182 1461  998      18
2012100112 2 189 1453  995      20
2012100118 2 195 1441  995      20
2012100200 2 203 1432  995      20
2012100206 2 209 1426  995      20
2012100212 2 220 1420  995      20
2012100218 2 228 1415  990      23
2012100300 3 245 1409  988      25
2012100306 3 260 1416  988      25
2012100312 3 284 1426  988      25
2012100318 3 306 1434  988      25
2012100400 3 341 1443  988      25
2012100406 9 371 1465  982      23
2012100412 9 400 1495  978      20
2012100418 9 423 1526  974      18
2012100500 9 438 1552  970      18
66666 0000   34 0021 1220 0 6 Gaemi                              20131118
2012092900 1 131 1121 1006      13
2012092906 1 133 1127 1006      13
2012092912 1 135 1131 1006      13
2012092918 1 138 1133 1006      13
2012093000 1 143 1135 1006      13
2012093006 1 148 1135 1004      16
2012093012 1 153 1136 1004      16
2012093018 1 157 1140 1004      16
2012100100 1 163 1146 1002      16
2012100106 1 169 1149 1002      16
2012100112 2 172 1150  998      18
2012100118 2 170 1151  998      18
2012100200 2 165 1153  998      18
2012100206 2 160 1157  995      20
2012100212 2 155 1164  995      20
2012100218 2 154 1170  990      23
2012100300 2 154 1174  990      23
2012100306 3 153 1177  990      25
2012100312 3 153 1179  990      25
2012100318 3 152 1181  990      25
2012100400 2 150 1183  992      23
2012100406 2 148 1182  992      23
2012100412 2 147 1179  992      20
2012100418 2 146 1174  992      20
2012100500 2 145 1166  992      20
2012100506 2 146 1157  992      20
2012100512 2 144 1146  992      20
2012100518 2 138 1132  992      20
2012100600 2 135 1118  992      20
2012100606 2 131 1104  998      18
2012100612 1 131 1089 1002      15
2012100618 1 129 1076 1006      12
2012100700 0 125 1063 1008      10
2012100706 0 127 1052 1006       8
66666 0000   59 0022 1221 0 6 Prapiroon                          20130407
2012100500 1 147 1446 1004      13
2012100506 1 148 1434 1004      13
2012100512 1 152 1424 1004      13
2012100518 1 158 1416 1002      15
2012100600 1 164 1410 1002      15
2012100606 1 170 1405 1000      15
2012100612 1 174 1399 1000      15
2012100618 1 176 1392 1000      15
2012100700 1 177 1383 1000      15
2012100706 1 178 1373 1000      15
2012100712 2 179 1366  998      18
2012100718 2 179 1362  995      20
2012100800 3 179 1357  990      25
2012100806 3 180 1350  985      28
2012100812 3 183 1341  985      28
2012100818 3 180 1332  980      30
2012100900 4 178 1326  975      33
2012100906 4 176 1321  975      33
2012100912 4 180 1319  975      33
2012100918 4 183 1316  970      35
2012101000 4 184 1309  965      38
2012101006 4 186 1304  960      40
2012101012 5 187 1299  955      42
2012101018 5 189 1295  955      42
2012101100 5 191 1289  955      42
2012101106 5 195 1286  950      45
2012101112 5 195 1284  950      45
2012101118 5 196 1285  950      45
2012101200 5 197 1286  945      48
2012101206 5 199 1289  945      48
2012101212 5 202 1293  950      45
2012101218 5 205 1296  955      42
2012101300 4 208 1298  960      40
2012101306 4 211 1299  960      40
2012101312 4 214 1300  960      40
2012101318 4 216 1304  960      40
2012101400 4 220 1308  960      40
2012101406 4 224 1309  960      40
2012101412 4 225 1313  960      40
2012101418 4 228 1313  965      38
2012101500 4 228 1312  965      38
2012101506 4 227 1311  965      38
2012101512 4 224 1311  970      35
2012101518 4 221 1305  970      35
2012101600 3 218 1300  975      30
2012101606 3 219 1295  975      30
2012101612 3 221 1290  975      30
2012101618 3 226 1287  980      28
2012101700 3 234 1285  980      28
2012101706 3 242 1287  980      28
2012101712 3 251 1296  980      28
2012101718 3 261 1305  980      28
2012101800 3 272 1321  985      25
2012101806 3 287 1339  985      25
2012101812 3 302 1364  985      25
2012101818 3 313 1398  985      25
2012101900 2 322 1426  990      23
2012101906 2 327 1459  994      20
2012101912 9 336 1490  998      18
66666 0000   30 0023 1222 0 6 Maria                              20130407
2012101218 1 162 1471 1008      15
2012101300 1 162 1467 1006      15
2012101306 1 163 1461 1004      15
2012101312 1 165 1456 1004      15
2012101318 1 169 1452 1002      15
2012101400 1 173 1446 1000      15
2012101406 2 175 1437  998      18
2012101412 2 179 1431  998      18
2012101418 2 185 1424  995      20
2012101500 2 193 1419  995      23
2012101506 2 208 1412  995      23
2012101512 2 227 1411  995      23
2012101518 3 242 1408  990      25
2012101600 3 255 1407  990      25
2012101606 3 269 1410  985      28
2012101612 3 275 1416  985      28
2012101618 3 282 1423  985      28
2012101700 3 288 1435  990      25
2012101706 3 295 1447  990      25
2012101712 2 303 1466  995      23
2012101718 2 310 1481  995      23
2012101800 2 316 1507  995      23
2012101806 2 321 1528  995      20
2012101812 2 321 1549  998      18
2012101818 2 315 1561  998      18
2012101900 1 314 1574 1002      15
2012101906 1 312 1587 1004      15
2012101912 1 312 1596 1006      13
2012101918 1 317 1606 1008      13
2012102000 1 323 1611 1008      13
66666 0000   33 0024 1223 0 6 Son-tinh                           20130407
2012102112 1  64 1350 1006      15
2012102118 1  69 1339 1006      15
2012102200 1  75 1333 1006      15
2012102206 1  81 1326 1004      15
2012102212 1  88 1318 1004      15
2012102218 1  87 1308 1004      15
2012102300 1  84 1299 1004      15
2012102306 1  81 1290 1002      15
2012102312 2  85 1281  998      18
2012102318 2  88 1274  998      18
2012102400 2  96 1264  998      18
2012102406 2 108 1252  995      20
2012102412 2 114 1241  995      20
2012102418 2 120 1226  995      20
2012102500 2 127 1210  992      23
2012102506 2 140 1194  992      23
2012102512 2 143 1179  992      23
2012102518 2 144 1170  992      23
2012102600 3 146 1157  990      25
2012102606 3 149 1146  985      28
2012102612 3 155 1136  980      30
2012102618 4 160 1124  975      33
2012102700 4 166 1109  975      33
2012102706 4 170 1096  970      35
2012102712 5 175 1089  950      45
2012102718 5 181 1080  955      42
2012102800 4 184 1074  960      40
2012102806 4 193 1071  965      40
2012102812 4 200 1068  975      35
2012102818 3 207 1066  990      30
2012102900 2 213 1072 1004      20
2012102906 1 215 1077 1006      16
2012102912 1 215 1081 1008      12
66666 0000   16 0025 0000 0 6 (nameless)                         20130407
2012111200 0  65 1181 1008      10
2012111206 1  69 1170 1006      13
2012111212 1  71 1158 1004      15
2012111218 1  75 1148 1004      15
2012111300 1  80 1140 1004      15
2012111306 1  87 1130 1004      15
2012111312 1  92 1121 1002      15
2012111318 1  95 1111 1002      15
2012111400 1  94 1101 1002      15
2012111406 1  90 1093 1002      15
2012111412 1  88 1085 1002      15
2012111418 1  91 1080 1002      15
2012111500 1  95 1074 1004      13
2012111506 1 102 1071 1006      13
2012111512 0 110 1068 1006      10
2012111518 0 118 1066 1008       8
66666 0000   56 0026 1224 0 6 Bopha                              20130407
2012112512 1  34 1574 1002      15
2012112518 1  36 1571 1000      15
2012112600 1  38 1569 1000      15
2012112606 1  40 1568 1000      15
2012112612 1  41 1566  998      15
2012112618 2  41 1563  995      18
2012112700 2  42 1559  995      18
2012112706 2  44 1556  995      18
2012112712 2  45 1553  995      18
2012112718 2  46 1550  995      20
2012112800 2  48 1542  990      20
2012112806 2  49 1531  990      23
2012112812 2  49 1519  990      23
2012112818 2  47 1509  990      23
2012112900 2  43 1500  990      23
2012112906 3  40 1493  990      25
2012112912 3  37 1483  990      25
2012112918 3  36 1472  985      28
2012113000 3  36 1463  985      28
2012113006 3  38 1453  980      30
2012113012 4  41 1442  975      33
2012113018 5  44 1430  955      42
2012120100 6  47 1420  940      52
2012120106 6  50 1411  940      52
2012120112 6  54 1401  940      52
2012120118 6  58 1388  930      55
2012120200 6  61 1376  930      55
2012120206 6  63 1360  930      55
2012120212 6  65 1346  930      55
2012120218 5  66 1332  945      48
2012120300 5  68 1318  945      48
2012120306 6  70 1304  935      52
2012120312 6  74 1288  920      60
2012120318 6  75 1272  920      60
2012120400 5  78 1259  945      48
2012120406 4  87 1241  965      38
2012120412 4  95 1223  975      33
2012120418 4  98 1208  975      33
2012120500 4 100 1197  975      33
2012120506 4 108 1186  975      33
2012120512 4 113 1180  975      33
2012120518 4 116 1175  975      33
2012120600 3 120 1170  980      30
2012120606 3 123 1165  980      30
2012120612 3 128 1162  980      30
2012120618 3 133 1159  980      30
2012120700 4 139 1156  970      33
2012120706 5 146 1159  960      42
2012120712 5 154 1160  940      50
2012120718 5 162 1163  940      45
2012120800 5 169 1170  950      45
2012120806 5 175 1179  955      42
2012120812 4 178 1186  970      33
2012120818 2 180 1190  992      20
2012120900 1 183 1192 1004      15
2012120906 0 181 1194 1006      10
66666 0000   23 0027 1225 0 6 Wukong                             20130407
2012122318 1  83 1338 1004      13
2012122400 1  86 1327 1004      16
2012122406 1  93 1317 1002      16
2012122412 1  96 1306 1002      16
2012122418 1 100 1297 1002      16
2012122500 2 102 1286 1000      18
2012122506 2 103 1272  998      20
2012122512 2 106 1259  998      20
2012122518 2 108 1247  998      20
2012122600 2 112 1231  998      20
2012122606 2 111 1219 1000      18
2012122612 2 108 1208 1000      18
2012122618 1 108 1196 1004      16
2012122700 1 106 1178 1004      13
2012122706 1 102 1161 1002      13
2012122712 1 100 1148 1002      13
2012122718 1  99 1136 1002      15
2012122800 1  97 1122 1002      15
2012122806 1  90 1111 1002      15
2012122812 1  82 1094 1002      15
2012122818 1  77 1080 1004      13
2012122900 1  70 1072 1004      13
2012122906 1  63 1069 1004      13
