66666 0000   27 0001 0901 0 6 Kujira                             20100317
2009050112 1 128 1240 1006      13
2009050118 1 129 1242 1004      13
2009050200 1 130 1243 1004      13
2009050206 1 132 1244 1002      15
2009050212 1 134 1245 1002      15
2009050218 2 136 1245 1000      18
2009050300 2 139 1246  996      20
2009050306 2 141 1250  990      23
2009050312 3 145 1257  990      25
2009050318 3 150 1265  985      28
2009050400 3 157 1274  980      30
2009050406 4 164 1284  975      33
2009050412 4 168 1296  960      40
2009050418 5 171 1311  950      45
2009050500 4 176 1327  960      40
2009050506 4 183 1340  960      40
2009050512 4 188 1354  960      40
2009050518 4 195 1369  960      40
2009050600 4 204 1382  960      40
2009050606 4 216 1399  960      40
2009050612 4 227 1413  965      38
2009050618 4 242 1429  975      33
2009050700 3 260 1438  985      28
2009050706 2 282 1451  990      23
2009050712 9 302 1473  995      18
2009050718 9 323 1493  998      18
2009050800 9 344 1509 1000      18
66666 0000   42 0002 0902 0 6 Chan-hom                           20100317
2009050218 0  96 1110 1006      10
2009050300 1  97 1113 1004      13
2009050306 1  97 1115 1002      15
2009050312 2  99 1117  998      18
2009050318 2 102 1119  996      18
2009050400 2 105 1122  996      18
2009050406 2 109 1121  995      20
2009050412 2 112 1120  990      23
2009050418 3 114 1120  990      25
2009050500 3 116 1120  985      28
2009050506 3 121 1118  985      28
2009050512 3 127 1120  985      28
2009050518 3 133 1125  985      28
2009050600 3 136 1130  985      28
2009050606 3 141 1139  985      28
2009050612 3 144 1147  980      30
2009050618 4 148 1160  975      33
2009050700 4 153 1173  975      33
2009050706 4 158 1187  970      35
2009050712 3 165 1202  975      30
2009050718 3 171 1216  990      25
2009050800 3 172 1233  990      25
2009050806 2 173 1245  990      23
2009050812 2 172 1259  995      20
2009050818 2 171 1269  995      18
2009050900 1 172 1275 1000      15
2009050906 1 174 1280 1000      15
2009050912 1 178 1286 1000      15
2009050918 1 185 1284 1002      13
2009051000 1 190 1279 1004      13
2009051006 1 197 1280 1004      13
2009051012 1 203 1278 1004      13
2009051018 1 209 1276 1004      13
2009051100 1 216 1271 1004      13
2009051106 1 217 1267 1004      13
2009051112 0 223 1271 1006      10
2009051118 0 231 1271 1006      10
2009051200 0 238 1269 1006      10
2009051206 0 243 1272 1008      10
2009051212 0 248 1279 1008      10
2009051218 0 253 1283 1008      10
2009051300 0 257 1287 1008      10
66666 0000   32 0003 0903 1 6 Linfa                              20100317
2009061706 1 174 1167 1002      13
2009061712 1 177 1166 1002      13
2009061718 1 178 1164 1002      15
2009061800 2 179 1161 1000      18
2009061806 2 175 1163  995      18
2009061812 2 173 1166  995      18
2009061818 2 174 1169  995      18
2009061900 2 178 1172  995      20
2009061906 2 184 1173  990      23
2009061912 3 191 1173  990      25
2009061918 3 196 1172  990      25
2009062000 3 201 1172  985      28
2009062006 3 206 1174  980      30
2009062012 3 212 1178  980      30
2009062018 3 219 1181  980      30
2009062100 3 229 1183  980      30
2009062106 3 238 1184  980      28
2009062112 3 244 1185  980      28
2009062118 2 251 1188  990      23
2009062200 2 259 1194  995      20
2009062206 2 274 1203  995      18
2009062212 1 283 1214  998      13
2009062218 1 291 1224 1000      13
2009062300 1 297 1234 1000      13
2009062306 9 301 1254 1000      15
2009062312 9 317 1291  998      15
2009062318 9 332 1334  998      13
2009062400 9 340 1374  998      13
2009062406 9 356 1420 1000      13
2009062412 9 373 1458 1000      13
2009062418 9 390 1490 1002      13
2009062500 9 401 1523 1002      13
66666 0000   19 0004 0904 0 6 Nangka                             20100317
2009062212 1 109 1292 1002      13
2009062218 1 110 1280 1002      15
2009062300 1 115 1264 1000      15
2009062306 2 120 1256  995      18
2009062312 2 122 1244  995      18
2009062318 2 124 1231  995      20
2009062400 2 127 1223  995      20
2009062406 2 133 1213  995      20
2009062412 2 136 1205  995      20
2009062418 2 142 1197  995      20
2009062500 2 149 1189  995      20
2009062506 2 161 1183  995      20
2009062512 2 174 1177  996      20
2009062518 2 184 1169  996      20
2009062600 2 192 1163  996      20
2009062606 2 207 1157  990      23
2009062612 2 221 1150  988      23
2009062618 1 228 1145  995      16
2009062700 0 233 1144 1000      10
66666 0000   13 0005 0905 0 6 Soudelor                           20100317
2009070918 1 186 1220 1002      13
2009071000 1 188 1206 1000      15
2009071006 1 191 1199 1000      15
2009071012 1 193 1182  998      15
2009071018 1 195 1168  996      15
2009071100 2 197 1155  995      18
2009071106 2 200 1140  995      18
2009071112 2 200 1127  995      18
2009071118 2 200 1117  995      18
2009071200 2 203 1101  994      18
2009071206 2 207 1087  994      18
2009071212 1 212 1065  998      15
2009071218 1 208 1050 1000      13
66666 0000   10 0006 0000 0 6 (nameless)                         20100317
2009071118 0 184 1275 1002      10
2009071200 0 192 1266 1002      10
2009071206 0 200 1257 1002      10
2009071212 1 208 1245 1002      12
2009071218 1 215 1234 1000      15
2009071300 2 222 1224  998      18
2009071306 2 228 1214  995      20
2009071312 2 235 1198  995      20
2009071318 2 242 1194  995      20
2009071400 1 259 1187 1000      15
66666 0000   19 0007 0906 0 6 Molave                             20100317
2009071500 1 141 1286 1004      15
2009071506 1 144 1278 1002      15
2009071512 1 149 1271 1000      15
2009071518 1 154 1264  998      15
2009071600 1 160 1256  998      15
2009071606 2 166 1251  998      18
2009071612 2 174 1246  995      18
2009071618 2 179 1241  995      20
2009071700 2 186 1234  992      23
2009071706 3 195 1226  990      25
2009071712 3 206 1213  980      30
2009071718 4 210 1196  975      33
2009071800 4 214 1183  975      33
2009071806 4 217 1172  970      35
2009071812 4 223 1160  965      38
2009071818 4 226 1144  975      33
2009071900 2 229 1129  987      20
2009071906 2 233 1112  990      18
2009071912 1 238 1096  996      13
66666 0000   37 0008 0907 0 6 Goni                               20100317
2009073112 1 157 1298  994      15
2009073118 1 161 1280  992      15
2009080100 1 165 1261  992      15
2009080106 1 169 1241  992      15
2009080112 1 173 1225  992      15
2009080118 1 173 1206  992      15
2009080200 1 176 1187  992      15
2009080206 2 180 1169  992      18
2009080212 2 181 1165  992      18
2009080218 2 183 1161  992      18
2009080300 2 185 1159  992      18
2009080306 2 192 1156  992      18
2009080312 2 198 1152  990      18
2009080318 2 201 1147  990      20
2009080400 2 205 1142  985      23
2009080406 3 210 1139  980      25
2009080412 3 215 1135  975      28
2009080418 3 218 1130  980      25
2009080500 3 218 1128  980      25
2009080506 2 220 1125  985      23
2009080512 2 221 1123  985      20
2009080518 2 221 1121  985      18
2009080600 2 220 1114  985      18
2009080606 2 219 1110  985      18
2009080612 2 213 1105  983      20
2009080618 2 209 1102  983      20
2009080700 3 206 1099  972      25
2009080706 3 202 1093  972      28
2009080712 2 199 1089  985      23
2009080718 2 195 1085  985      20
2009080800 2 191 1083  985      20
2009080806 2 189 1082  985      18
2009080812 2 181 1086  985      18
2009080818 1 177 1101  990      15
2009080900 1 179 1112  990      15
2009080906 1 188 1125  992      13
2009080912 0 193 1132  994      10
66666 0000   41 0009 0908 1 6 Morakot                            20100317
2009080306 1 202 1337 1000      15
2009080312 1 203 1348 1000      15
2009080318 2 210 1355  994      18
2009080400 2 217 1358  994      18
2009080406 2 222 1354  994      20
2009080412 2 224 1345  990      23
2009080418 3 225 1338  990      25
2009080500 3 227 1332  985      28
2009080506 4 228 1322  975      33
2009080512 4 230 1310  970      35
2009080518 4 231 1295  965      38
2009080600 4 233 1283  960      40
2009080606 4 233 1270  960      40
2009080612 4 234 1254  955      40
2009080618 4 234 1240  955      40
2009080700 4 236 1232  950      40
2009080706 4 236 1224  950      40
2009080712 4 237 1220  950      40
2009080718 4 240 1215  960      38
2009080800 4 246 1215  970      35
2009080806 4 251 1210  970      35
2009080812 4 253 1206  970      35
2009080818 4 256 1205  970      35
2009080900 4 259 1204  975      33
2009080906 4 263 1201  975      33
2009080912 3 267 1198  975      30
2009080918 3 272 1197  985      25
2009081000 2 277 1198  987      23
2009081006 2 287 1200  990      20
2009081012 2 301 1200  994      20
2009081018 2 312 1199  995      20
2009081100 2 324 1206  995      18
2009081106 2 328 1208  995      18
2009081112 1 336 1216  998      15
2009081118 1 344 1234  998      12
2009081200 9 354 1254  998      12
2009081206 9 362 1276  998      12
2009081212 9 368 1308  998      12
2009081218 9 382 1354  998      12
2009081300 9 398 1388  998      12
2009081306 9 412 1419  998      12
66666 0000   27 0010 0909 1 6 Etau                               20100317
2009080800 1 230 1399 1000      15
2009080806 1 238 1390  998      15
2009080812 1 247 1379  998      15
2009080818 1 253 1371  998      15
2009080900 1 260 1363  998      15
2009080906 2 270 1352  995      18
2009080912 2 280 1348  995      18
2009080918 2 291 1347  995      18
2009081000 2 300 1347  994      20
2009081006 2 311 1352  992      20
2009081012 2 320 1359  992      20
2009081018 2 327 1369  992      20
2009081100 2 332 1386  992      20
2009081106 2 334 1408  992      20
2009081112 2 332 1430  992      20
2009081118 2 327 1453  992      20
2009081200 2 325 1480  992      20
2009081206 2 325 1506  992      20
2009081212 2 332 1517  995      18
2009081218 2 335 1517  995      18
2009081300 2 338 1517  995      18
2009081306 1 344 1518  995      15
2009081312 1 349 1520  998      15
2009081318 1 356 1521  998      15
2009081400 1 364 1529 1000      12
2009081406 1 374 1541 1002      12
2009081412 9 391 1559 1002      12
66666 0000   38 0011 0910 1 6 Vamco                              20100317
2009081612 1 116 1607 1005      13
2009081618 1 115 1600 1005      13
2009081700 1 124 1590 1005      13
2009081706 1 132 1587 1004      15
2009081712 1 139 1585 1002      15
2009081718 2 147 1582  998      18
2009081800 2 155 1577  995      18
2009081806 2 162 1574  995      20
2009081812 3 167 1573  990      25
2009081818 3 171 1573  985      28
2009081900 4 173 1575  975      33
2009081906 4 177 1577  970      35
2009081912 4 180 1576  970      38
2009081918 5 182 1575  960      43
2009082000 5 186 1573  945      48
2009082006 5 188 1572  945      48
2009082012 5 190 1571  945      48
2009082018 5 193 1570  945      48
2009082100 5 198 1567  945      48
2009082106 6 205 1567  940      53
2009082112 6 211 1567  940      53
2009082118 5 222 1568  945      50
2009082200 5 235 1567  950      45
2009082206 5 247 1563  950      45
2009082212 5 256 1559  950      45
2009082218 4 265 1554  960      40
2009082300 4 275 1550  960      40
2009082306 4 285 1548  960      40
2009082312 4 293 1546  960      40
2009082318 4 300 1544  960      40
2009082400 4 311 1548  960      40
2009082406 4 322 1549  960      40
2009082412 4 336 1553  960      40
2009082418 4 355 1559  960      38
2009082500 4 381 1568  970      35
2009082506 4 414 1586  975      33
2009082512 3 452 1616  980      30
2009082518 3 485 1647  985      28
66666 0000   22 0012 0911 0 6 Krovanh                            20100317
2009082800 1 216 1490 1002      15
2009082806 1 226 1490 1000      15
2009082812 2 237 1488  996      18
2009082818 2 244 1485  996      18
2009082900 2 258 1479  995      20
2009082906 2 274 1468  990      23
2009082912 2 286 1460  990      23
2009082918 3 299 1445  990      25
2009083000 3 306 1425  985      28
2009083006 3 310 1410  985      28
2009083012 3 318 1405  985      28
2009083018 3 326 1400  980      30
2009083100 3 335 1399  980      30
2009083106 3 346 1405  985      28
2009083112 3 364 1415  990      25
2009083118 3 383 1429  990      25
2009090100 2 403 1446  990      23
2009090106 2 422 1463  995      20
2009090112 9 429 1483  995      18
2009090118 9 433 1503 1000      18
2009090200 9 435 1528 1000      18
2009090206 9 435 1555 1004      18
66666 0000   31 0013 0912 1 6 Dujuan                             20100317
2009090218 1 176 1300  996      15
2009090300 1 178 1289  996      15
2009090306 1 174 1277  996      15
2009090312 1 170 1276  994      15
2009090318 2 170 1282  992      18
2009090400 2 175 1289  990      20
2009090406 2 185 1298  990      20
2009090412 2 188 1308  990      20
2009090418 2 192 1320  990      23
2009090500 3 200 1326  985      25
2009090506 3 212 1336  985      25
2009090512 3 225 1348  985      25
2009090518 3 237 1352  985      25
2009090600 3 246 1354  985      25
2009090606 3 254 1358  985      25
2009090612 3 262 1360  985      25
2009090618 3 268 1360  985      25
2009090700 3 272 1358  985      25
2009090706 3 279 1362  985      25
2009090712 3 286 1365  985      25
2009090718 3 294 1373  985      25
2009090800 3 304 1387  985      25
2009090806 3 311 1404  985      25
2009090812 3 316 1424  985      25
2009090818 3 323 1451  985      25
2009090900 3 336 1486  985      25
2009090906 3 351 1522  985      25
2009090912 3 370 1557  985      25
2009090918 3 396 1598  985      25
2009091000 3 429 1638  985      25
2009091006 9 455 1674  985      25
66666 0000   15 0014 0913 0 6 Mujigae                            20100317
2009090900 1 170 1189 1002      13
2009090906 1 177 1184 1000      15
2009090912 1 182 1174  998      15
2009090918 1 185 1165  998      15
2009091000 2 189 1150  995      18
2009091006 2 192 1137  995      20
2009091012 2 194 1126  995      20
2009091018 2 197 1112  995      20
2009091100 2 198 1094  992      20
2009091106 2 198 1081  992      20
2009091112 2 198 1073  995      18
2009091118 2 198 1067  995      18
2009091200 1 199 1061 1000      15
2009091206 1 201 1045 1002      12
2009091212 0 204 1030 1004      10
66666 0000   36 0015 0914 1 6 Choi-wan                           20100317
2009091200 1 143 1534 1006      13
2009091206 1 146 1528 1004      13
2009091212 1 150 1520 1000      15
2009091218 2 155 1509  998      18
2009091300 2 159 1500  990      23
2009091306 3 158 1493  990      25
2009091312 3 157 1489  985      28
2009091318 3 156 1486  980      30
2009091400 4 156 1482  970      35
2009091406 4 157 1478  960      40
2009091412 5 163 1475  950      45
2009091418 5 166 1470  940      50
2009091500 6 171 1466  935      55
2009091506 6 176 1457  920      60
2009091512 6 179 1450  915      65
2009091518 6 182 1442  915      65
2009091600 6 186 1434  910      65
2009091606 6 190 1426  910      65
2009091612 6 192 1419  910      65
2009091618 6 196 1414  915      65
2009091700 6 202 1409  915      65
2009091706 6 210 1403  920      60
2009091712 6 216 1398  935      55
2009091718 6 225 1393  935      55
2009091800 5 232 1389  940      50
2009091806 5 241 1388  940      50
2009091812 5 252 1391  950      45
2009091818 5 264 1396  950      45
2009091900 4 276 1404  960      40
2009091906 4 291 1415  965      38
2009091912 4 306 1433  970      35
2009091918 4 327 1451  975      35
2009092000 4 341 1468  975      33
2009092006 9 352 1492  970      30
2009092012 9 368 1523  985      25
2009092018 9 388 1560  995      20
66666 0000   13 0016 0915 0 6 Koppu                              20100317
2009091218 1 188 1210 1000      15
2009091300 2 195 1200 1000      18
2009091306 2 193 1191  998      20
2009091312 2 194 1179  998      20
2009091318 2 199 1166  995      23
2009091400 2 200 1158  990      23
2009091406 3 203 1151  980      30
2009091412 4 210 1143  975      33
2009091418 4 214 1133  960      40
2009091500 4 220 1121  970      35
2009091506 2 224 1107  990      23
2009091512 2 229 1097  995      18
2009091518 1 232 1088 1000      15
66666 0000   24 0017 0916 0 6 Ketsana                            20100317
2009092500 1 141 1285 1000      13
2009092506 1 142 1272 1000      13
2009092512 1 147 1255  998      15
2009092518 1 150 1239  998      15
2009092600 2 152 1227  995      18
2009092606 2 154 1211  995      20
2009092612 2 154 1197  995      20
2009092618 2 154 1182  990      23
2009092700 3 154 1166  990      25
2009092706 3 154 1156  990      25
2009092712 3 158 1146  985      28
2009092718 3 158 1136  980      30
2009092800 4 159 1128  975      33
2009092806 4 159 1120  965      35
2009092812 4 161 1112  960      38
2009092818 4 160 1103  960      40
2009092900 4 155 1095  970      35
2009092906 4 154 1089  970      35
2009092912 3 154 1079  980      30
2009092918 2 153 1068  990      23
2009093000 1 153 1062  996      16
2009093006 1 153 1059  998      13
2009093012 1 152 1055 1000      13
2009093018 0 151 1050 1000      10
66666 0000   14 0018 0000 0 6 (nameless)                         20100317
2009092700 1 103 1578 1004      13
2009092706 1 103 1573 1002      13
2009092712 1 102 1568 1002      13
2009092718 1  99 1562 1002      13
2009092800 1  94 1554 1002      13
2009092806 1  91 1547 1002      13
2009092812 1  93 1539 1000      15
2009092818 1  97 1530 1000      15
2009092900 1 105 1519 1000      15
2009092906 1 112 1506 1000      15
2009092912 1 119 1487 1000      15
2009092918 1 127 1467 1002      15
2009093000 1 133 1448 1002      15
2009093006 1 140 1435 1004      15
66666 0000   69 0019 0917 0 6 Parma                              20100317
2009092718 1  95 1455 1002      15
2009092800 1  94 1445 1002      15
2009092806 1  93 1436 1000      15
2009092812 1  92 1421 1000      15
2009092818 1  89 1408 1000      15
2009092900 2  81 1397  995      18
2009092906 2  78 1390  995      18
2009092912 2  80 1382  995      20
2009092918 3  83 1375  990      25
2009093000 3  90 1368  980      30
2009093006 4  98 1354  970      35
2009093012 4 105 1340  965      38
2009093018 5 113 1325  950      45
2009100100 6 118 1311  935      55
2009100106 5 125 1297  940      50
2009100112 5 131 1287  940      50
2009100118 5 139 1274  940      50
2009100200 5 145 1263  940      50
2009100206 5 150 1255  950      45
2009100212 5 159 1247  950      45
2009100218 5 165 1238  950      45
2009100300 5 172 1229  950      45
2009100306 5 178 1221  950      45
2009100312 4 182 1216  960      40
2009100318 4 186 1207  965      38
2009100400 4 188 1202  970      35
2009100406 4 193 1198  970      35
2009100412 4 197 1196  975      33
2009100418 3 199 1195  980      30
2009100500 3 200 1196  985      28
2009100506 3 201 1197  985      28
2009100512 3 200 1198  985      28
2009100518 3 198 1199  985      28
2009100600 3 193 1202  985      28
2009100606 3 190 1205  985      28
2009100612 3 186 1208  985      28
2009100618 2 181 1212  990      23
2009100700 2 176 1219  995      18
2009100706 2 174 1223  995      18
2009100712 2 176 1224  995      20
2009100718 2 179 1224  995      20
2009100800 2 174 1222  995      20
2009100806 2 172 1220  995      20
2009100812 2 171 1212  995      20
2009100818 2 171 1206  995      18
2009100900 2 171 1199  995      18
2009100906 2 173 1195  995      18
2009100912 2 174 1192  995      18
2009100918 2 174 1188  995      18
2009101000 2 172 1183  995      18
2009101006 1 180 1181 1000      16
2009101012 1 183 1170 1000      16
2009101018 1 181 1157 1000      16
2009101100 2 179 1147  995      18
2009101106 2 177 1134  995      18
2009101112 2 180 1126  995      20
2009101118 2 185 1116  995      20
2009101200 2 190 1108  992      23
2009101206 2 193 1101  992      23
2009101212 3 196 1095  990      25
2009101218 3 198 1088  990      25
2009101300 3 200 1085  988      28
2009101306 4 202 1081  965      38
2009101312 4 203 1077  965      38
2009101318 4 203 1074  975      33
2009101400 3 203 1072  990      25
2009101406 2 204 1070  992      23
2009101412 2 204 1064  998      18
2009101418 1 204 1061 1000      13
66666 0000   40 0020 0918 1 6 Melor                              20100317
2009092906 1 100 1600 1002      15
2009092912 1 106 1574 1002      15
2009092918 2 109 1568  998      18
2009093000 2 115 1560  995      20
2009093006 2 126 1548  995      23
2009093012 3 129 1540  990      25
2009093018 3 131 1535  990      28
2009100100 4 135 1532  985      33
2009100106 4 139 1525  975      38
2009100112 4 141 1520  965      40
2009100118 5 141 1514  960      45
2009100200 5 142 1511  950      50
2009100206 5 145 1506  940      50
2009100212 5 150 1499  940      50
2009100218 5 154 1488  940      50
2009100300 5 156 1479  940      50
2009100306 5 162 1468  940      50
2009100312 5 165 1453  940      50
2009100318 6 165 1437  935      55
2009100400 6 166 1423  920      60
2009100406 6 170 1409  910      65
2009100412 6 175 1394  910      65
2009100418 6 179 1376  910      65
2009100500 6 184 1363  910      65
2009100506 6 192 1348  910      65
2009100512 6 200 1336  920      60
2009100518 6 212 1325  920      60
2009100600 6 225 1317  935      55
2009100606 5 239 1309  940      50
2009100612 5 251 1307  940      50
2009100618 5 265 1308  950      45
2009100700 5 282 1315  950      43
2009100706 5 299 1325  950      43
2009100712 4 316 1343  960      40
2009100718 4 340 1366  965      38
2009100800 4 361 1388  975      33
2009100806 3 384 1411  985      28
2009100812 9 400 1436  980      25
2009100818 9 413 1456  980      25
2009100900 9 422 1478  984      25
66666 0000   25 0021 0919 1 6 Nepartak                           20100317
2009100800 1 152 1440 1004      13
2009100806 1 160 1436 1004      15
2009100812 1 168 1434 1004      15
2009100818 1 176 1433 1002      15
2009100900 1 185 1430 1002      15
2009100906 2 193 1427  998      18
2009100912 2 200 1425  998      18
2009100918 2 203 1425  998      18
2009101000 2 207 1425  998      18
2009101006 2 213 1423  998      18
2009101012 2 217 1421  998      18
2009101018 2 221 1420  998      18
2009101100 2 224 1423  995      20
2009101106 2 227 1427  995      20
2009101112 2 229 1433  995      20
2009101118 2 232 1438  990      23
2009101200 3 235 1443  990      25
2009101206 3 243 1451  990      25
2009101212 3 255 1462  990      25
2009101218 2 268 1478  990      23
2009101300 2 286 1501  990      23
2009101306 2 304 1528  992      23
2009101312 2 315 1551  992      23
2009101318 2 327 1576  995      20
2009101400 9 340 1600  998      18
66666 0000   57 0022 0920 1 6 Lupit                              20100317
2009101412 1 105 1490 1002      15
2009101418 1 110 1465 1002      15
2009101500 1 114 1444 1000      15
2009101506 1 118 1422 1000      15
2009101512 2 122 1402  995      18
2009101518 2 125 1391  995      20
2009101600 2 132 1376  990      23
2009101606 3 139 1361  985      28
2009101612 3 142 1344  980      30
2009101618 4 144 1333  975      33
2009101700 4 151 1328  970      35
2009101706 4 156 1323  960      40
2009101712 5 161 1323  950      45
2009101718 5 167 1325  945      48
2009101800 5 171 1329  940      50
2009101806 6 173 1336  935      55
2009101812 6 176 1340  935      55
2009101818 6 180 1342  920      60
2009101900 6 185 1341  920      60
2009101906 6 190 1332  920      60
2009101912 6 193 1324  935      55
2009101918 5 198 1315  940      50
2009102000 5 201 1306  950      45
2009102006 5 205 1297  950      45
2009102012 4 206 1289  960      40
2009102018 4 205 1279  960      40
2009102100 4 202 1271  960      40
2009102106 4 198 1264  965      38
2009102112 4 194 1257  965      38
2009102118 4 191 1253  965      38
2009102200 4 189 1248  965      38
2009102206 4 188 1243  970      35
2009102212 4 188 1239  975      33
2009102218 4 188 1237  975      33
2009102300 4 189 1234  975      33
2009102306 3 192 1234  980      30
2009102312 3 196 1237  980      30
2009102318 3 201 1244  980      28
2009102400 3 214 1249  980      28
2009102406 3 223 1254  980      28
2009102412 3 231 1258  980      28
2009102418 3 235 1267  980      28
2009102500 3 243 1274  980      28
2009102506 3 250 1287  980      28
2009102512 3 257 1302  980      28
2009102518 3 265 1317  980      28
2009102600 3 275 1334  980      28
2009102606 3 291 1358  980      28
2009102612 3 313 1391  980      28
2009102618 3 340 1428  980      28
2009102700 9 383 1461  970      28
2009102706 9 418 1490  960      28
2009102712 9 443 1516  955      30
2009102718 9 462 1555  955      30
2009102800 9 479 1593  955      30
2009102806 9 495 1627  955      30
2009102812 9 505 1648  955      30
66666 0000   11 0023 0000 0 6 (nameless)                         20100317
2009101800 1 155 1112 1000      13
2009101806 1 158 1109 1000      13
2009101812 1 159 1106 1000      15
2009101818 1 162 1107 1000      15
2009101900 1 166 1109 1000      15
2009101906 1 171 1105 1000      15
2009101912 1 174 1103 1000      15
2009101918 1 178 1102 1000      15
2009102000 1 182 1102 1000      15
2009102006 1 184 1099 1000      13
2009102012 0 180 1094 1004      10
66666 0000   33 0024 0921 0 6 Mirinae                            20100317
2009102518 1 118 1525 1002      13
2009102600 1 122 1514 1002      13
2009102606 1 127 1499 1002      13
2009102612 1 132 1486 1000      15
2009102618 1 136 1469 1000      15
2009102700 1 142 1453 1000      15
2009102706 2 149 1437  998      18
2009102712 2 156 1422  990      23
2009102718 3 159 1402  985      28
2009102800 4 162 1385  970      35
2009102806 4 162 1370  965      38
2009102812 4 162 1354  960      40
2009102818 4 163 1339  960      40
2009102900 4 161 1322  960      40
2009102906 4 160 1306  960      40
2009102912 4 160 1289  960      40
2009102918 4 157 1275  960      40
2009103000 4 153 1257  960      40
2009103006 4 149 1246  960      40
2009103012 4 146 1233  970      35
2009103018 3 143 1218  980      30
2009103100 3 141 1202  990      25
2009103106 3 141 1190  990      25
2009103112 2 141 1178  990      23
2009103118 2 140 1164  990      23
2009110100 2 139 1154  990      23
2009110106 3 138 1145  990      25
2009110112 3 138 1136  990      25
2009110118 3 138 1122  990      25
2009110200 3 134 1110  990      25
2009110206 3 129 1097  985      28
2009110212 2 128 1085  995      20
2009110218 1 127 1070 1004      15
66666 0000    9 0025 0000 0 6 (nameless)                         20100317
2009110100 1 159 1296 1005      12
2009110106 1 164 1284 1005      12
2009110112 1 170 1278 1005      12
2009110118 1 177 1268 1005      12
2009110200 1 178 1258 1005      15
2009110206 1 177 1248 1005      15
2009110212 1 171 1243 1005      15
2009110218 1 165 1237 1005      15
2009110300 1 160 1232 1005      15
66666 0000   10 0026 0000 0 6 (nameless)                         20100317
2009110712 1 206 1558 1004      12
2009110718 1 210 1555 1002      15
2009110800 1 206 1566 1002      15
2009110806 1 215 1583 1000      17
2009110812 1 219 1588 1000      17
2009110818 1 222 1595 1000      15
2009110900 1 209 1596 1002      15
2009110906 1 206 1605 1002      15
2009110912 1 209 1611 1002      15
2009110918 1 211 1616 1002      12
66666 0000   45 0027 0922 0 6 Nida                               20100317
2009112200 1  65 1486 1002      13
2009112206 1  70 1482 1002      15
2009112212 1  73 1480 1000      15
2009112218 1  75 1479 1000      15
2009112300 1  79 1480 1000      15
2009112306 1  83 1478 1000      15
2009112312 2  88 1470  995      18
2009112318 2  89 1463  990      23
2009112400 3  89 1458  985      25
2009112406 4  89 1455  975      33
2009112412 4  92 1450  970      35
2009112418 4  97 1443  960      40
2009112500 5 107 1438  950      45
2009112506 6 116 1430  935      55
2009112512 6 126 1422  910      65
2009112518 6 136 1414  903      70
2009112600 6 145 1407  910      65
2009112606 6 152 1400  920      60
2009112612 6 158 1397  920      60
2009112618 6 163 1393  930      55
2009112700 6 169 1392  930      55
2009112706 6 178 1392  930      55
2009112712 6 183 1390  930      55
2009112718 6 187 1390  920      60
2009112800 6 190 1390  920      60
2009112806 6 191 1392  930      55
2009112812 6 191 1393  930      55
2009112818 6 192 1394  930      55
2009112900 6 193 1394  930      55
2009112906 5 194 1394  940      50
2009112912 5 195 1393  940      50
2009112918 5 195 1393  940      50
2009113000 5 196 1393  950      45
2009113006 5 197 1391  950      45
2009113012 4 199 1388  960      40
2009113018 4 200 1384  965      38
2009120100 4 203 1381  970      35
2009120106 4 205 1378  975      33
2009120112 3 207 1376  980      30
2009120118 3 210 1373  985      28
2009120200 3 212 1368  985      28
2009120206 3 210 1358  990      25
2009120212 2 211 1349  995      20
2009120218 2 215 1343  995      18
2009120300 1 217 1340 1000      15
