66666 0000   25 0001 0101 0 6 Cimaron                            20110729
2001050912 1 118 1200 1004      12
2001050918 1 123 1196 1004      12
2001051000 1 131 1195 1004      12
2001051006 1 141 1193 1002      15
2001051012 1 153 1191 1002      15
2001051018 1 162 1191 1002      15
2001051100 1 171 1191 1000      15
2001051106 2 176 1191  998      18
2001051112 2 181 1192  998      18
2001051118 2 185 1195  995      20
2001051200 2 189 1199  990      23
2001051206 2 195 1204  990      23
2001051212 2 200 1210  990      23
2001051218 2 205 1212  990      23
2001051300 2 211 1217  990      23
2001051306 3 221 1227  985      25
2001051312 3 231 1236  985      25
2001051318 3 243 1251  985      25
2001051400 3 256 1265  985      25
2001051406 2 267 1280  990      20
2001051412 2 272 1291  998      18
2001051418 1 274 1306 1000      15
2001051500 1 275 1320 1002      15
2001051506 1 277 1335 1002      15
2001051512 1 277 1346 1004      12
66666 0000   23 0002 0102 0 6 Chebi                              20110729
2001061918 1 119 1364 1004      12
2001062000 1 121 1349 1002      15
2001062006 2 131 1331  998      18
2001062012 2 137 1314  995      20
2001062018 2 141 1292  995      20
2001062100 2 143 1278  990      23
2001062106 2 151 1271  990      23
2001062112 3 160 1259  985      25
2001062118 3 172 1248  985      25
2001062200 3 184 1235  980      30
2001062206 4 195 1223  970      35
2001062212 4 205 1212  970      35
2001062218 4 210 1199  970      35
2001062300 4 222 1194  960      40
2001062306 4 234 1192  970      35
2001062312 4 248 1194  970      35
2001062318 3 265 1197  980      30
2001062400 2 283 1204  990      23
2001062406 2 301 1221  995      20
2001062412 9 326 1244  998      18
2001062418 9 356 1287 1000      15
2001062500 9 371 1319 1000      15
2001062506 9 380 1355 1000      12
66666 0000   18 0003 0103 0 6 Durian                             20110729
2001062906 1 160 1170 1002      15
2001062912 1 160 1160 1000      15
2001062918 1 163 1154 1000      15
2001063000 1 166 1149 1000      15
2001063006 2 173 1146  998      18
2001063012 2 181 1144  990      23
2001063018 2 188 1138  990      23
2001070100 3 194 1130  985      25
2001070106 3 198 1123  980      28
2001070112 4 202 1116  975      33
2001070118 4 208 1108  970      35
2001070200 4 214 1098  975      33
2001070206 3 216 1088  980      28
2001070212 2 220 1080  990      23
2001070218 2 223 1071  992      18
2001070300 1 227 1065  995      15
2001070306 1 227 1051  995      15
2001070312 1 228 1045  998      15
66666 0000   27 0004 0104 0 6 Utor                               20110729
2001070106 1  72 1385 1000      15
2001070112 1  78 1381  995      15
2001070118 1  88 1378  995      15
2001070200 2 105 1370  990      18
2001070206 2 116 1361  990      20
2001070212 2 125 1351  985      23
2001070218 3 133 1336  980      25
2001070300 3 140 1317  980      28
2001070306 3 153 1297  975      30
2001070312 4 163 1278  970      33
2001070318 4 174 1261  965      35
2001070400 4 184 1241  965      35
2001070406 4 189 1221  965      35
2001070412 4 192 1205  965      35
2001070418 4 195 1199  965      35
2001070500 4 205 1185  965      35
2001070506 4 209 1175  965      35
2001070512 4 212 1166  965      35
2001070518 4 218 1160  965      35
2001070600 3 228 1149  970      30
2001070606 3 230 1135  980      25
2001070612 2 233 1125  985      20
2001070618 2 235 1114  988      18
2001070700 1 238 1098  990      15
2001070706 1 235 1084  992      15
2001070712 1 236 1075  995      12
2001070718 0 236 1065  997      10
66666 0000   18 0005 0105 0 6 Trami                              20110729
2001070800 1 128 1288 1004      12
2001070806 1 145 1280 1004      12
2001070812 1 158 1274 1004      12
2001070818 1 168 1267 1004      15
2001070900 1 175 1262 1004      15
2001070906 1 182 1255 1002      15
2001070912 1 189 1250 1000      15
2001070918 1 196 1244  998      15
2001071000 1 200 1240  998      15
2001071006 2 204 1234  995      18
2001071012 2 208 1228  995      18
2001071018 2 213 1223  995      20
2001071100 2 217 1220  995      20
2001071106 2 222 1212  995      20
2001071112 2 226 1206  996      18
2001071118 2 230 1200  996      18
2001071200 1 236 1194  998      15
2001071206 1 246 1193 1000      12
66666 0000   34 0006 0106 0 6 Kong-rey                           20110729
2001072106 1 240 1517 1008      12
2001072112 1 245 1515 1006      15
2001072118 1 248 1511 1004      15
2001072200 1 250 1503 1000      15
2001072206 2 252 1497  996      18
2001072212 2 254 1490  996      20
2001072218 2 253 1486  996      20
2001072300 2 252 1480  996      20
2001072306 2 253 1472  996      20
2001072312 2 253 1463  992      23
2001072318 3 253 1453  990      25
2001072400 3 255 1442  990      25
2001072406 3 258 1430  985      25
2001072412 3 262 1422  985      25
2001072418 3 268 1414  985      25
2001072500 3 272 1406  980      30
2001072506 4 275 1404  975      33
2001072512 4 281 1404  975      33
2001072518 4 286 1405  970      35
2001072600 4 292 1408  970      35
2001072606 4 297 1412  970      35
2001072612 4 302 1418  970      35
2001072618 4 307 1426  970      35
2001072700 4 312 1436  970      35
2001072706 4 316 1447  970      35
2001072712 4 321 1459  970      35
2001072718 4 326 1470  975      33
2001072800 4 331 1482  975      33
2001072806 3 338 1498  980      30
2001072812 3 345 1519  980      30
2001072818 3 360 1534  985      25
2001072900 9 372 1550  990      23
2001072906 9 388 1571  990      23
2001072912 9 400 1594  990      20
66666 0000   16 0007 0107 0 6 Yutu                               20110729
2001072218 1 190 1257 1004      15
2001072300 1 194 1241 1002      15
2001072306 1 198 1227 1000      15
2001072312 2 199 1212  995      18
2001072318 2 201 1200  995      20
2001072400 2 204 1185  990      23
2001072406 3 206 1170  980      30
2001072412 4 206 1159  975      33
2001072418 4 207 1147  975      33
2001072500 4 206 1139  975      33
2001072506 4 208 1132  975      33
2001072512 4 211 1124  975      33
2001072518 4 215 1113  975      33
2001072600 3 217 1102  985      25
2001072606 2 219 1093  990      20
2001072612 1 222 1085  995      15
66666 0000   33 0008 0108 0 6 Toraji                             20110729
2001072506 1 136 1334 1004      12
2001072512 1 143 1330 1004      12
2001072518 1 151 1324 1004      12
2001072600 1 159 1316 1002      15
2001072606 1 165 1310 1002      15
2001072612 1 169 1298 1002      15
2001072618 1 169 1285 1000      15
2001072700 2 169 1274  990      20
2001072706 3 171 1267  990      25
2001072712 3 175 1261  985      28
2001072718 4 179 1255  975      33
2001072800 4 183 1247  975      33
2001072806 4 191 1242  965      40
2001072812 4 199 1237  965      40
2001072818 4 205 1231  965      40
2001072900 4 213 1228  965      40
2001072906 4 222 1224  965      40
2001072912 4 232 1220  965      40
2001072918 4 237 1213  970      35
2001073000 4 243 1210  975      33
2001073006 3 253 1206  980      30
2001073012 3 257 1202  980      30
2001073018 3 263 1198  985      30
2001073100 2 268 1195  995      20
2001073106 1 277 1196  998      15
2001073112 1 291 1198  998      15
2001073118 1 307 1200  998      15
2001080100 1 328 1201  995      15
2001080106 1 345 1203  995      15
2001080112 9 367 1205  993      15
2001080118 9 383 1202  995      15
2001080200 9 393 1201 1000      15
2001080206 9 402 1202 1004      12
66666 0000   29 0009 0000 0 6 (nameless)                         20110729
2001080100 1 180 1390 1004      12
2001080106 1 188 1375 1002      12
2001080112 1 196 1360 1002      12
2001080118 1 207 1348 1002      12
2001080200 1 216 1335 1002      12
2001080206 1 224 1315 1002      12
2001080212 1 232 1295 1000      15
2001080218 1 233 1272 1000      15
2001080300 1 234 1247 1000      15
2001080306 1 239 1227 1002      15
2001080312 1 246 1208 1002      15
2001080318 1 255 1201 1004      12
2001080400 1 265 1196 1004      12
2001080406 1 275 1187 1004      12
2001080412 0 290 1178 1004      10
2001080418 0 301 1182 1004      10
2001080500 1 307 1193 1004      12
2001080506 1 310 1198 1004      12
2001080512 1 312 1203 1004      12
2001080518 1 316 1214 1000      15
2001080600 1 319 1222 1000      15
2001080606 1 321 1228 1000      12
2001080612 1 324 1235 1000      12
2001080618 1 332 1244 1000      12
2001080700 1 343 1253 1000      12
2001080706 1 353 1261 1000      12
2001080712 1 361 1269 1000      12
2001080718 1 370 1285 1002      12
2001080800 1 376 1304 1002      12
66666 0000   34 0010 0109 0 6 Man-yi                             20110729
2001080118 1 104 1528 1004      12
2001080200 1 112 1520 1000      15
2001080206 2 118 1511  995      18
2001080212 2 123 1504  995      20
2001080218 2 135 1495  990      23
2001080300 2 149 1487  990      23
2001080306 3 161 1477  990      25
2001080312 3 174 1467  980      30
2001080318 4 184 1458  975      33
2001080400 4 197 1452  970      35
2001080406 4 212 1445  960      40
2001080412 5 224 1441  950      45
2001080418 5 236 1437  950      45
2001080500 5 247 1436  950      45
2001080506 5 253 1436  950      45
2001080512 5 256 1439  950      45
2001080518 5 259 1442  950      45
2001080600 5 261 1446  950      45
2001080606 5 265 1450  950      45
2001080612 5 268 1454  950      45
2001080618 5 273 1459  950      45
2001080700 5 279 1466  950      45
2001080706 5 290 1474  950      45
2001080712 4 300 1482  960      40
2001080718 4 312 1493  970      35
2001080800 4 326 1501  975      33
2001080806 3 342 1507  980      30
2001080812 3 361 1512  985      28
2001080818 3 376 1512  990      25
2001080900 2 388 1514  990      23
2001080906 2 404 1516  990      23
2001080912 2 420 1530  995      20
2001080918 1 437 1543 1000      15
2001081000 1 452 1558 1004      12
66666 0000    9 0011 0110 0 6 Usagi                              20110729
2001080900 1 170 1130 1002      12
2001080906 1 167 1120 1002      12
2001080912 1 166 1126  998      15
2001080918 1 174 1116  998      15
2001081000 1 178 1104  997      15
2001081006 2 179 1088  994      18
2001081012 2 180 1074  994      20
2001081018 2 183 1058  994      18
2001081100 1 180 1040 1000      15
66666 0000   36 0012 0111 0 6 Pabuk                              20110729
2001081400 1 183 1463 1000      15
2001081406 1 189 1461 1000      15
2001081412 1 192 1457  998      15
2001081418 2 192 1445  995      20
2001081500 2 196 1432  995      20
2001081506 3 200 1423  990      25
2001081512 3 202 1414  985      25
2001081518 3 204 1406  980      30
2001081600 3 208 1402  980      30
2001081606 3 211 1395  980      30
2001081612 4 213 1391  970      35
2001081618 4 213 1386  970      35
2001081700 4 215 1381  965      35
2001081706 4 218 1376  965      35
2001081712 4 220 1372  965      35
2001081718 4 223 1370  965      35
2001081800 4 228 1368  965      35
2001081806 4 234 1364  965      35
2001081812 4 241 1358  965      35
2001081818 4 247 1351  965      35
2001081900 4 254 1345  960      40
2001081906 4 263 1337  960      40
2001081912 4 270 1333  960      40
2001081918 4 277 1330  960      40
2001082000 4 285 1329  960      40
2001082006 4 294 1330  965      35
2001082012 4 301 1335  970      35
2001082018 4 308 1343  975      33
2001082100 4 320 1346  975      33
2001082106 3 330 1349  980      30
2001082112 3 337 1357  980      28
2001082118 3 342 1366  985      25
2001082200 3 345 1379  985      25
2001082206 2 355 1398  990      20
2001082212 2 374 1411  995      20
2001082218 1 399 1422  998      15
66666 0000   17 0013 0000 0 6 (nameless)                         20110729
2001081600 1 155 1180 1000      12
2001081606 1 160 1190  998      15
2001081612 1 164 1187  998      15
2001081618 1 168 1182  998      15
2001081700 1 170 1175  998      15
2001081706 1 167 1172  998      15
2001081712 1 163 1171  998      15
2001081718 1 163 1171  998      15
2001081800 1 160 1170  998      15
2001081806 1 157 1169  998      15
2001081812 1 153 1169  998      15
2001081818 1 153 1169  998      15
2001081900 1 150 1170  998      15
2001081906 1 147 1167  998      15
2001081912 1 144 1165  998      15
2001081918 1 142 1162 1000      12
2001082000 1 140 1160 1002      12
66666 0000   33 0014 0112 0 6 Wutip                              20110729
2001082618 1 163 1401 1000      15
2001082700 1 166 1407 1000      15
2001082706 1 175 1410 1000      15
2001082712 2 180 1414  995      18
2001082718 2 188 1421  990      20
2001082800 3 196 1430  985      25
2001082806 3 204 1435  980      30
2001082812 4 213 1444  970      35
2001082818 4 221 1449  965      35
2001082900 4 228 1454  960      40
2001082906 5 234 1459  950      45
2001082912 5 240 1464  950      45
2001082918 5 247 1468  950      45
2001083000 5 251 1471  950      45
2001083006 5 256 1474  950      45
2001083012 4 260 1478  960      40
2001083018 4 269 1478  970      35
2001083100 4 277 1479  970      35
2001083106 4 285 1480  970      35
2001083112 4 294 1485  970      35
2001083118 4 301 1492  975      33
2001090100 4 312 1500  975      33
2001090106 3 321 1510  980      30
2001090112 3 327 1523  980      30
2001090118 3 333 1535  985      25
2001090200 3 340 1544  985      25
2001090206 3 346 1556  985      25
2001090212 2 354 1569  990      20
2001090218 2 360 1580  994      18
2001090300 9 374 1600  996      15
2001090306 9 389 1627  998      15
2001090312 9 410 1665  998      12
2001090318 9 426 1709  998      12
66666 0000   20 0015 0113 0 6 Sepat                              20110729
2001082618 1 205 1633 1000      12
2001082700 1 216 1627 1000      12
2001082706 1 225 1621  998      15
2001082712 1 233 1618  998      15
2001082718 1 240 1614  998      15
2001082800 1 245 1611  998      15
2001082806 2 254 1611  995      20
2001082812 2 264 1612  995      20
2001082818 2 277 1610  995      20
2001082900 2 290 1605  995      18
2001082906 2 306 1606  995      18
2001082912 2 320 1604  995      18
2001082918 2 340 1600  995      18
2001083000 2 362 1597  995      18
2001083006 2 385 1602  995      18
2001083012 2 405 1616  995      18
2001083018 9 416 1635  998      15
2001083100 9 423 1656  998      15
2001083106 9 423 1668  998      15
2001083112 9 426 1680 1000      12
66666 0000   64 0016 0114 0 6 Fitow                              20110729
2001082706 0 200 1150 1002      10
2001082712 0 198 1145 1002      10
2001082718 0 197 1140 1002      10
2001082800 1 195 1135 1000      12
2001082806 1 193 1131  997      15
2001082812 1 193 1127  997      15
2001082818 1 193 1124  997      15
2001082900 1 193 1118  996      15
2001082906 1 196 1112  995      15
2001082912 1 198 1107  992      15
2001082918 1 200 1104  992      15
2001083000 1 197 1097  992      15
2001083006 2 199 1091  990      18
2001083012 2 201 1089  990      18
2001083018 2 206 1091  990      18
2001083100 2 212 1092  985      20
2001083106 2 218 1086  990      18
2001083112 1 218 1087  994      15
2001083118 1 217 1092  996      15
2001090100 1 217 1093  998      12
2001090106 0 216 1094 1001      10
2001090112 0 216 1095 1001      10
2001090118 0 215 1095 1001      10
2001090200 0 215 1096 1002      10
2001090206 1 211 1095 1000      12
2001090212 0 208 1095 1001      10
2001090218 0 203 1097 1002      10
2001090300 0 201 1099 1002      10
2001090306 1 199 1100 1001      12
2001090312 1 199 1098 1001      12
2001090318 1 199 1095 1001      12
2001090400 1 204 1094 1000      12
2001090406 1 206 1093 1001      12
2001090412 1 208 1088 1001      12
2001090418 1 208 1087 1001      12
2001090500 1 208 1085 1000      15
2001090506 1 207 1086 1000      15
2001090512 1 208 1087 1000      15
2001090518 1 209 1086 1000      15
2001090600 1 211 1088 1000      15
2001090606 1 215 1089 1000      15
2001090612 1 215 1090 1000      15
2001090618 1 213 1090 1002      12
2001090700 0 213 1093 1003      10
2001090706 0 213 1097 1004      10
2001090712 0 210 1107 1005      10
2001090718 0 208 1118 1005      10
2001090800 0 205 1125 1005      10
2001090806 0 202 1120 1004      10
2001090812 0 195 1120 1004      10
2001090818 0 192 1118 1003      10
2001090900 0 188 1112 1003      10
2001090906 0 187 1108 1002      10
2001090912 0 185 1105 1002      10
2001090918 0 184 1102 1000      10
2001091000 0 182 1094 1000      10
2001091006 0 183 1092 1000      10
2001091012 0 183 1092 1000      10
2001091018 0 185 1090 1000      10
2001091100 1 188 1089 1000      12
2001091106 1 188 1083 1001      12
2001091112 1 188 1072 1001      12
2001091118 0 188 1059 1003      10
2001091200 0 184 1048 1005      10
66666 0000   40 0017 0115 0 6 Danas                              20110729
2001090300 1 187 1563 1004      12
2001090306 1 189 1558 1002      12
2001090312 1 189 1550 1000      15
2001090318 1 188 1540 1000      15
2001090400 1 185 1529  998      15
2001090406 2 186 1521  995      20
2001090412 3 188 1517  985      25
2001090418 3 192 1513  980      30
2001090500 4 199 1511  975      35
2001090506 4 207 1510  970      35
2001090512 4 215 1509  970      35
2001090518 4 223 1506  965      40
2001090600 4 230 1505  965      40
2001090606 4 237 1505  960      40
2001090612 4 247 1502  960      40
2001090618 4 255 1495  960      40
2001090700 4 263 1487  960      40
2001090706 4 273 1476  960      40
2001090712 4 279 1462  960      40
2001090718 4 284 1449  960      40
2001090800 4 284 1436  960      40
2001090806 5 284 1427  955      45
2001090812 5 284 1419  950      45
2001090818 5 287 1416  950      45
2001090900 5 298 1406  950      45
2001090906 5 305 1392  950      45
2001090912 5 311 1384  950      45
2001090918 5 317 1376  950      45
2001091000 4 324 1373  960      40
2001091006 4 330 1374  960      40
2001091012 4 336 1378  960      40
2001091018 4 342 1385  970      35
2001091100 3 352 1395  980      30
2001091106 3 364 1403  985      25
2001091112 3 378 1419  985      25
2001091118 2 395 1435  990      23
2001091200 2 420 1457  995      20
2001091206 1 444 1482  998      15
2001091212 1 453 1497 1000      15
2001091218 1 459 1524 1000      15
66666 0000   63 0018 0116 0 6 Nari                               20110729
2001090512 1 245 1230 1002      12
2001090518 1 249 1239 1000      15
2001090600 1 252 1245 1000      15
2001090606 2 258 1254  998      18
2001090612 2 260 1260  998      18
2001090618 2 262 1271  998      18
2001090700 2 263 1279  990      20
2001090706 3 265 1283  985      25
2001090712 3 264 1283  985      25
2001090718 3 264 1278  985      28
2001090800 3 268 1274  980      28
2001090806 3 271 1268  980      28
2001090812 3 272 1261  980      28
2001090818 3 273 1254  980      30
2001090900 3 272 1250  980      30
2001090906 3 272 1250  980      30
2001090912 3 272 1250  975      30
2001090918 3 271 1250  975      30
2001091000 3 268 1251  975      30
2001091006 3 263 1254  975      30
2001091012 4 261 1260  975      33
2001091018 4 260 1264  975      33
2001091100 4 261 1267  970      35
2001091106 4 263 1270  970      35
2001091112 4 264 1271  960      40
2001091118 4 264 1270  960      40
2001091200 4 264 1270  960      40
2001091206 4 263 1270  965      35
2001091212 4 262 1271  975      33
2001091218 4 263 1270  975      33
2001091300 4 266 1265  975      33
2001091306 4 269 1261  975      35
2001091312 4 272 1258  975      35
2001091318 4 274 1257  975      35
2001091400 4 276 1253  975      35
2001091406 4 276 1250  975      35
2001091412 4 274 1248  975      33
2001091418 4 269 1246  975      33
2001091500 4 264 1243  970      35
2001091506 4 260 1240  970      35
2001091512 4 258 1239  970      35
2001091518 4 256 1235  965      40
2001091600 4 255 1231  960      40
2001091606 4 254 1226  960      40
2001091612 4 251 1222  965      40
2001091618 3 246 1216  980      30
2001091700 2 241 1211  990      20
2001091706 2 236 1210  995      20
2001091712 2 236 1210  995      20
2001091718 2 232 1208  995      20
2001091800 2 232 1204  995      20
2001091806 2 230 1200  995      18
2001091812 2 230 1200  995      18
2001091818 2 225 1197  998      18
2001091900 2 225 1197  998      18
2001091906 2 225 1190  998      18
2001091912 2 225 1190  998      18
2001091918 2 226 1179  995      20
2001092000 3 229 1169  985      28
2001092006 2 230 1154  995      20
2001092012 1 230 1143 1002      15
2001092018 1 230 1132 1005      12
2001092100 0 229 1123 1006      10
66666 0000   20 0019 0117 1 6 Vipa                               20110729
2001091700 1 221 1400 1004      12
2001091706 1 227 1402 1004      12
2001091712 1 234 1402 1002      15
2001091718 1 242 1400 1000      15
2001091800 2 253 1397  998      18
2001091806 2 265 1388  998      18
2001091812 2 277 1386  995      20
2001091818 2 289 1382  990      23
2001091900 3 299 1381  985      28
2001091906 3 309 1383  980      30
2001091912 4 318 1388  975      33
2001091918 4 326 1396  975      33
2001092000 4 334 1406  975      33
2001092006 4 341 1421  975      33
2001092012 4 349 1437  970      35
2001092018 4 361 1458  970      35
2001092100 4 377 1485  970      35
2001092106 3 401 1524  980      30
2001092112 9 431 1574  990      23
2001092118 9 467 1606  996      15
66666 0000   34 0020 0118 1 6 Francisco                          20110729
2001091800 1 150 1669 1008      12
2001091806 1 150 1661 1006      12
2001091812 1 149 1653 1006      12
2001091818 1 147 1645 1006      12
2001091900 1 146 1636 1002      15
2001091906 1 148 1628 1002      15
2001091912 1 149 1619 1002      15
2001091918 1 151 1610 1002      15
2001092000 2 155 1599  995      18
2001092006 2 160 1587  995      18
2001092012 2 167 1577  995      20
2001092018 2 177 1560  990      23
2001092100 3 182 1543  990      25
2001092106 3 188 1528  990      25
2001092112 3 194 1516  990      25
2001092118 3 200 1509  985      28
2001092200 3 209 1499  980      30
2001092206 3 214 1492  980      30
2001092212 4 225 1489  970      35
2001092218 4 234 1484  970      35
2001092300 4 245 1481  960      40
2001092306 4 255 1476  960      40
2001092312 4 263 1475  960      40
2001092318 4 272 1476  960      40
2001092400 4 284 1479  960      40
2001092406 4 298 1482  970      35
2001092412 3 314 1486  975      30
2001092418 3 333 1483  980      28
2001092500 3 352 1483  985      25
2001092506 3 372 1494  985      25
2001092512 3 392 1523  985      25
2001092518 9 419 1565  990      20
2001092600 9 432 1600  992      15
2001092606 9 456 1641  995      15
66666 0000   38 0021 0119 0 6 Lekima                             20110729
2001092100 1 210 1258 1002      12
2001092106 1 205 1253 1000      15
2001092112 1 202 1250 1000      15
2001092118 1 198 1249 1000      15
2001092200 1 195 1247 1000      15
2001092206 2 194 1245  998      18
2001092212 2 195 1242  998      18
2001092218 2 196 1239  995      20
2001092300 2 197 1234  995      20
2001092306 2 194 1226  990      23
2001092312 3 194 1221  985      25
2001092318 3 194 1217  985      28
2001092400 4 196 1216  975      33
2001092406 4 198 1215  970      35
2001092412 4 199 1216  970      35
2001092418 4 201 1217  970      35
2001092500 4 205 1219  970      35
2001092506 4 209 1220  970      35
2001092512 4 212 1217  970      35
2001092518 4 215 1214  970      35
2001092600 4 217 1213  970      35
2001092606 4 222 1211  970      35
2001092612 4 227 1209  970      33
2001092618 3 232 1205  980      28
2001092700 3 236 1203  985      25
2001092706 2 238 1205  990      23
2001092712 2 241 1203  990      23
2001092718 2 238 1202  990      23
2001092800 2 241 1210  990      23
2001092806 2 241 1210  990      23
2001092812 2 245 1206  990      23
2001092818 2 249 1205  995      20
2001092900 2 254 1205  998      18
2001092906 2 260 1206  998      18
2001092912 2 268 1210  998      18
2001092918 1 274 1219 1000      15
2001093000 1 286 1234 1002      15
2001093006 1 300 1255 1002      15
66666 0000   24 0022 0120 1 6 Krosa                              20110729
2001100312 1 143 1466 1004      12
2001100318 1 148 1449 1004      12
2001100400 1 151 1438 1000      15
2001100406 2 157 1425  995      18
2001100412 2 165 1416  990      23
2001100418 3 173 1405  985      28
2001100500 3 179 1394  980      30
2001100506 4 188 1383  975      33
2001100512 4 197 1372  965      40
2001100518 4 208 1364  960      40
2001100600 4 214 1358  960      40
2001100606 4 224 1352  960      40
2001100612 5 234 1353  950      45
2001100618 5 240 1355  950      45
2001100700 5 249 1358  950      45
2001100706 4 256 1367  960      40
2001100712 4 263 1377  960      40
2001100718 4 270 1386  960      40
2001100800 4 280 1397  970      35
2001100806 4 289 1407  970      35
2001100812 4 298 1425  970      35
2001100818 4 311 1451  975      33
2001100900 3 324 1476  985      25
2001100906 9 343 1515  990      20
66666 0000   28 0023 0121 0 6 Haiyan                             20110729
2001101200 1 170 1302 1002      12
2001101206 1 172 1300 1000      15
2001101212 1 174 1298 1000      15
2001101218 2 177 1298  998      18
2001101300 2 180 1298  995      20
2001101306 2 185 1298  995      20
2001101312 2 185 1298  990      23
2001101318 2 189 1299  990      23
2001101400 3 193 1298  985      25
2001101406 3 203 1297  985      28
2001101412 3 210 1293  980      30
2001101418 4 218 1286  975      33
2001101500 4 223 1276  975      33
2001101506 4 227 1265  970      35
2001101512 4 231 1258  970      35
2001101518 4 239 1251  965      40
2001101600 4 245 1244  965      40
2001101606 4 253 1245  965      40
2001101612 4 263 1249  970      35
2001101618 4 270 1258  975      33
2001101700 3 277 1270  980      30
2001101706 3 282 1285  985      28
2001101712 3 290 1307  985      25
2001101718 3 295 1330  985      25
2001101800 2 308 1363  990      23
2001101806 2 325 1396  995      20
2001101812 1 335 1434 1000      15
2001101818 1 336 1458 1004      12
66666 0000   41 0024 0122 1 6 Podul                              20110729
2001101800 1  53 1568 1004      12
2001101806 1  54 1565 1004      12
2001101812 1  55 1561 1004      12
2001101818 1  55 1561 1004      12
2001101900 1  55 1561 1004      12
2001101906 1  55 1561 1004      12
2001101912 1  57 1562 1002      15
2001101918 1  61 1562 1002      15
2001102000 2  70 1563  998      18
2001102006 2  78 1563  998      18
2001102012 2  88 1567  995      20
2001102018 3  98 1567  990      25
2001102100 3 109 1565  985      28
2001102106 3 118 1563  985      28
2001102112 3 123 1565  980      30
2001102118 3 129 1567  980      30
2001102200 4 135 1566  975      33
2001102206 4 139 1567  970      35
2001102212 4 146 1569  970      35
2001102218 4 149 1572  965      40
2001102300 4 151 1576  965      40
2001102306 5 155 1580  955      45
2001102312 5 161 1578  955      45
2001102318 5 163 1575  945      50
2001102400 5 167 1572  945      50
2001102406 6 171 1569  935      55
2001102412 6 175 1564  935      55
2001102418 6 179 1558  935      55
2001102500 6 185 1551  935      55
2001102506 6 193 1545  935      55
2001102512 6 200 1541  935      55
2001102518 6 209 1540  925      60
2001102600 6 219 1540  925      60
2001102606 6 232 1543  935      55
2001102612 5 247 1549  945      50
2001102618 5 266 1558  955      45
2001102700 4 288 1570  960      40
2001102706 4 314 1585  965      40
2001102712 4 340 1603  975      33
2001102718 3 365 1618  980      30
2001102800 3 381 1628  985      25
66666 0000   27 0025 0123 1 6 Lingling                           20110729
2001110600 1 102 1280 1004      15
2001110606 1 104 1269 1002      15
2001110612 1 104 1260 1002      15
2001110618 1 104 1251 1000      15
2001110700 2 108 1240  995      18
2001110706 2 108 1236  995      20
2001110712 2 110 1232  995      20
2001110718 2 113 1228  995      20
2001110800 2 115 1224  995      20
2001110806 3 117 1217  990      25
2001110812 3 121 1208  990      25
2001110818 3 125 1199  985      28
2001110900 3 126 1190  980      30
2001110906 3 130 1177  980      30
2001110912 4 131 1169  975      33
2001110918 4 134 1160  970      35
2001111000 4 134 1153  960      40
2001111006 5 135 1148  955      45
2001111012 5 136 1141  945      50
2001111018 5 136 1133  940      50
2001111100 5 136 1125  940      50
2001111106 5 136 1117  945      50
2001111112 5 136 1106  955      45
2001111118 4 136 1094  970      35
2001111200 3 135 1080  985      25
2001111206 2 134 1071  990      20
2001111212 2 134 1062  995      18
66666 0000   30 0026 0000 0 6 (nameless)                         20110729
2001111806 1 110 1432 1004      12
2001111812 1 116 1426 1004      12
2001111818 1 130 1422 1004      12
2001111900 1 138 1418 1002      12
2001111906 1 140 1408 1002      12
2001111912 1 141 1397 1002      12
2001111918 1 142 1386 1002      12
2001112000 1 145 1370 1000      15
2001112006 1 144 1353 1000      15
2001112012 1 143 1346 1000      15
2001112018 1 142 1342 1000      15
2001112100 1 141 1335 1000      15
2001112106 1 136 1326 1000      15
2001112112 1 131 1316 1000      15
2001112118 1 127 1306 1000      15
2001112200 1 119 1299 1000      15
2001112206 1 111 1293 1000      15
2001112212 1 112 1287 1000      15
2001112218 1 120 1290 1000      15
2001112300 1 118 1294  998      15
2001112306 1 125 1285  998      15
2001112312 1 133 1286  998      15
2001112318 1 142 1293  998      15
2001112400 1 152 1303  998      15
2001112406 1 175 1314  998      15
2001112412 1 190 1320  998      15
2001112418 1 204 1324  998      15
2001112500 1 220 1330 1000      15
2001112506 1 232 1346 1002      12
2001112512 1 240 1360 1002      12
66666 0000   14 0027 0000 0 6 (nameless)                         20110729
2001112000 1  60 1090 1004      12
2001112006 1  60 1104 1004      12
2001112012 1  63 1115 1004      15
2001112018 1  64 1124 1004      15
2001112100 1  67 1130 1004      15
2001112106 1  79 1134 1004      15
2001112112 1  84 1139 1004      15
2001112118 1  84 1139 1004      15
2001112200 1  85 1145 1004      15
2001112206 1  85 1153 1004      15
2001112212 1  84 1160 1004      15
2001112218 1  84 1160 1004      15
2001112300 1  84 1165 1006      12
2001112306 1  81 1173 1006      12
66666 0000   21 0028 0124 0 6 Kajiki                             20110729
2001120400 1  97 1302 1004      15
2001120406 1 101 1292 1002      15
2001120412 1 103 1279 1002      15
2001120418 1 103 1269 1002      15
2001120500 2 104 1261 1000      18
2001120506 2 108 1250  998      18
2001120512 2 109 1238  998      18
2001120518 2 110 1228  998      18
2001120600 2 111 1221  998      18
2001120606 2 113 1214  998      18
2001120612 2 117 1206  998      18
2001120618 2 120 1196  998      18
2001120700 2 122 1182  998      18
2001120706 2 124 1166  996      20
2001120712 2 127 1156  996      20
2001120718 2 130 1148  996      20
2001120800 2 131 1139  996      20
2001120806 2 133 1130  998      18
2001120812 2 131 1122  998      18
2001120818 2 130 1117 1000      18
2001120900 1 128 1113 1004      15
66666 0000   47 0029 0125 0 6 Faxai                              20110729
2001121500 1  48 1623 1002      12
2001121506 1  48 1623 1002      12
2001121512 1  48 1623 1002      12
2001121518 1  48 1623 1002      12
2001121600 1  55 1616 1000      15
2001121606 1  55 1616 1000      15
2001121612 1  55 1616 1000      15
2001121618 2  55 1616  998      18
2001121700 2  55 1616  998      18
2001121706 2  59 1610  995      20
2001121712 2  59 1610  995      20
2001121718 2  59 1610  995      20
2001121800 2  59 1610  995      20
2001121806 2  59 1610  995      20
2001121812 2  61 1615  995      20
2001121818 2  62 1620  995      20
2001121900 2  62 1620  995      20
2001121906 2  66 1623  995      20
2001121912 2  66 1623  995      20
2001121918 2  66 1623  995      20
2001122000 2  72 1615  990      23
2001122006 3  77 1607  990      25
2001122012 3  81 1598  990      25
2001122018 3  86 1591  985      28
2001122100 4  91 1584  980      33
2001122106 4  97 1577  970      35
2001122112 4 105 1568  965      40
2001122118 5 110 1559  955      45
2001122200 5 116 1551  940      50
2001122206 5 124 1539  940      50
2001122212 6 132 1528  930      55
2001122218 6 139 1515  925      60
2001122300 6 148 1502  920      60
2001122306 6 156 1491  930      55
2001122312 5 164 1483  940      50
2001122318 5 173 1473  955      45
2001122400 5 182 1466  955      45
2001122406 5 193 1463  955      45
2001122412 4 202 1466  960      40
2001122418 4 218 1473  960      40
2001122500 4 233 1490  970      35
2001122506 3 254 1515  980      30
2001122512 3 272 1544  980      28
2001122518 3 296 1585  985      25
2001122600 9 318 1623  995      20
2001122606 9 321 1662  998      15
2001122612 9 321 1685 1000      12
