66666 0000   14 0001 0000 0 6 (nameless)                         20110729
2008011306 1 130 1181 1002      13
2008011312 1 133 1172 1000      15
2008011318 1 133 1160 1000      15
2008011400 1 128 1149 1000      15
2008011406 1 124 1137 1000      15
2008011412 1 118 1128 1000      15
2008011418 1 110 1121 1000      15
2008011500 1  97 1117 1002      13
2008011506 1  90 1113 1002      13
2008011512 1  81 1109 1002      13
2008011518 1  77 1103 1002      13
2008011600 1  74 1097 1002      13
2008011606 0  71 1090 1004      10
2008011612 0  64 1083 1004      10
66666 0000   24 0002 0801 0 6 Neoguri                            20110729
2008041400 1  88 1216 1004      12
2008041406 1  90 1203 1004      12
2008041412 1  92 1192 1002      15
2008041418 1  97 1182 1002      15
2008041500 1 102 1171 1000      15
2008041506 2 106 1163  998      18
2008041512 2 118 1153  995      20
2008041518 2 126 1143  990      23
2008041600 3 131 1131  985      28
2008041606 4 134 1125  975      33
2008041612 4 138 1124  970      35
2008041618 4 146 1123  970      35
2008041700 4 152 1121  965      40
2008041706 4 159 1120  960      40
2008041712 4 164 1119  960      40
2008041718 4 171 1116  960      40
2008041800 4 179 1114  960      40
2008041806 4 185 1113  970      35
2008041812 4 191 1112  975      33
2008041818 3 201 1110  990      25
2008041900 2 207 1114  990      23
2008041906 2 217 1121  998      18
2008041912 1 229 1129  998      15
2008041918 1 245 1136 1000      12
66666 0000   29 0003 0802 0 6 Rammasun                           20110729
2008050700 1  77 1333 1004      15
2008050706 1  77 1325 1000      15
2008050712 1  79 1318 1000      15
2008050718 2  82 1315  996      18
2008050800 2  86 1313  996      18
2008050806 2  90 1313  995      20
2008050812 2  96 1314  990      23
2008050818 3 102 1316  990      25
2008050900 3 111 1321  985      28
2008050906 4 120 1321  975      33
2008050912 4 127 1321  960      40
2008050918 5 136 1321  950      45
2008051000 5 145 1320  940      50
2008051006 5 155 1321  940      50
2008051012 6 168 1320  935      55
2008051018 6 181 1319  935      55
2008051100 6 194 1318  935      55
2008051106 5 207 1321  940      50
2008051112 5 220 1327  950      45
2008051118 4 236 1335  960      40
2008051200 4 252 1345  960      40
2008051206 4 273 1359  970      35
2008051212 3 292 1384  980      30
2008051218 3 303 1402  985      25
2008051300 9 318 1419  990      20
2008051306 9 329 1438  992      18
2008051312 9 336 1454 1000      15
2008051318 9 343 1474 1004      15
2008051400 9 349 1499 1008      15
66666 0000   12 0004 0803 0 6 Matmo                              20110729
2008051406 1 164 1238 1000      15
2008051412 1 165 1237 1000      15
2008051418 1 169 1237 1000      15
2008051500 1 177 1239  998      15
2008051506 1 191 1250  998      15
2008051512 2 208 1268  995      18
2008051518 2 222 1283  995      20
2008051600 2 239 1299  990      23
2008051606 2 252 1320  990      23
2008051612 2 263 1358  990      23
2008051618 2 269 1384  995      20
2008051700 1 272 1410 1000      15
66666 0000   27 0005 0804 1 6 Halong                             20110729
2008051412 1 118 1169 1002      15
2008051418 1 120 1168 1000      15
2008051500 1 122 1168 1000      15
2008051506 1 125 1168 1000      15
2008051512 1 129 1169 1000      15
2008051518 1 133 1170 1000      15
2008051600 1 139 1172 1000      15
2008051606 2 143 1175  996      18
2008051612 2 147 1177  990      23
2008051618 2 152 1182  990      23
2008051700 3 156 1186  990      25
2008051706 3 159 1193  980      30
2008051712 3 164 1201  980      30
2008051718 3 170 1209  990      25
2008051800 2 176 1217  990      23
2008051806 2 186 1234  990      23
2008051812 2 192 1244  990      23
2008051818 3 198 1258  990      25
2008051900 3 211 1272  990      25
2008051906 3 220 1286  985      28
2008051912 3 234 1305  990      25
2008051918 2 248 1331  990      23
2008052000 2 265 1352  992      20
2008052006 2 292 1390  995      18
2008052012 9 319 1425 1000      18
2008052018 9 337 1448 1000      18
2008052100 9 362 1483 1002      15
66666 0000   39 0006 0805 1 6 Nakri                              20110729
2008052606 1 107 1401 1006      13
2008052612 1 117 1392 1006      13
2008052618 1 126 1387 1006      13
2008052700 1 137 1380 1004      15
2008052706 2 141 1376  998      18
2008052712 2 143 1375  995      20
2008052718 2 145 1373  990      23
2008052800 3 149 1371  990      25
2008052806 3 155 1369  985      28
2008052812 3 158 1368  980      30
2008052818 4 160 1365  970      35
2008052900 4 161 1363  960      40
2008052906 5 162 1358  950      45
2008052912 5 162 1355  940      50
2008052918 5 164 1351  940      50
2008053000 5 166 1347  940      50
2008053006 5 170 1341  940      50
2008053012 5 173 1335  950      45
2008053018 5 179 1330  950      45
2008053100 4 183 1329  960      40
2008053106 4 192 1329  970      35
2008053112 4 197 1328  970      35
2008053118 4 202 1328  975      33
2008060100 4 206 1329  970      35
2008060106 4 215 1331  975      33
2008060112 4 224 1333  970      35
2008060118 4 235 1336  970      35
2008060200 4 251 1344  970      35
2008060206 4 268 1355  970      35
2008060212 4 283 1370  975      33
2008060218 3 300 1388  980      30
2008060300 3 315 1403  990      25
2008060306 9 328 1425  990      20
2008060312 9 330 1445  994      15
2008060318 9 334 1468  996      15
2008060400 9 334 1494 1000      15
2008060406 9 332 1516 1004      12
2008060412 9 326 1544 1004      12
2008060418 9 317 1582 1006      12
66666 0000   38 0007 0806 0 6 Fengshen                           20110729
2008061718 1  84 1342 1006      12
2008061800 1  87 1334 1006      12
2008061806 1  90 1329 1006      12
2008061812 1  93 1322 1004      15
2008061818 1  96 1314 1002      15
2008061900 2  98 1310 1000      18
2008061906 2 102 1300  990      23
2008061912 3 104 1289  990      25
2008061918 4 107 1276  975      33
2008062000 4 110 1265  970      35
2008062006 4 115 1254  970      35
2008062012 4 117 1242  965      38
2008062018 4 118 1235  960      40
2008062100 5 119 1228  950      45
2008062106 5 122 1223  950      45
2008062112 4 128 1219  960      40
2008062118 4 138 1215  960      38
2008062200 4 147 1209  970      35
2008062206 4 154 1204  975      33
2008062212 4 159 1196  975      33
2008062218 4 163 1184  975      33
2008062300 3 171 1177  980      30
2008062306 3 175 1170  985      28
2008062312 3 180 1164  985      28
2008062318 3 186 1160  985      28
2008062400 3 197 1158  985      28
2008062406 3 205 1154  985      28
2008062412 3 211 1150  985      28
2008062418 3 220 1145  990      25
2008062500 2 228 1142  990      23
2008062506 2 231 1138  995      18
2008062512 1 236 1140  998      15
2008062518 1 243 1139  998      15
2008062600 1 250 1137 1000      12
2008062606 1 254 1142 1000      12
2008062612 1 259 1145 1000      12
2008062618 0 263 1151 1002      10
2008062700 0 276 1158 1002      10
66666 0000   40 0008 0807 1 6 Kalmaegi                           20110729
2008071306 1 201 1264 1004      12
2008071312 1 202 1261 1004      12
2008071318 1 201 1259 1004      12
2008071400 1 198 1256 1004      12
2008071406 1 193 1252 1004      12
2008071412 1 187 1248 1004      12
2008071418 1 185 1245 1000      15
2008071500 1 183 1241 1000      15
2008071506 2 181 1237  996      18
2008071512 2 180 1234  995      18
2008071518 2 181 1233  995      20
2008071600 2 186 1235  990      23
2008071606 3 193 1235  990      25
2008071612 3 203 1235  990      25
2008071618 3 212 1234  980      30
2008071700 4 224 1230  975      33
2008071706 4 232 1226  975      33
2008071712 4 241 1221  975      33
2008071718 3 247 1215  980      28
2008071800 3 252 1212  985      25
2008071806 3 261 1206  985      25
2008071812 2 268 1198  990      23
2008071818 2 273 1198  995      20
2008071900 2 281 1201  995      20
2008071906 2 294 1205  995      20
2008071912 2 314 1208  996      18
2008071918 1 330 1213  998      17
2008072000 1 338 1226  998      17
2008072006 1 352 1237  998      17
2008072012 9 376 1255  998      17
2008072018 9 384 1263  998      17
2008072100 9 391 1276  998      15
2008072106 9 401 1301  998      15
2008072112 9 410 1313 1000      15
2008072118 9 420 1323 1000      12
2008072200 9 427 1333 1002      12
2008072206 9 433 1346 1002      12
2008072212 9 441 1362 1002      12
2008072218 9 446 1376 1002      12
2008072300 9 450 1394 1004      12
66666 0000   32 0009 0808 0 6 Fung-wong                          20110729
2008072400 1 218 1332 1002      12
2008072406 1 219 1327 1000      15
2008072412 1 219 1323  998      15
2008072418 1 217 1317  998      15
2008072500 1 216 1314  998      15
2008072506 2 216 1307  995      18
2008072512 2 219 1298  995      20
2008072518 2 217 1287  990      23
2008072600 3 216 1279  990      25
2008072606 3 214 1271  985      28
2008072612 4 213 1261  975      33
2008072618 4 212 1256  975      33
2008072700 4 215 1249  970      35
2008072706 4 221 1240  960      40
2008072712 4 227 1231  960      40
2008072718 5 230 1224  955      45
2008072800 4 236 1213  960      40
2008072806 4 242 1205  970      35
2008072812 4 249 1197  975      33
2008072818 3 260 1190  985      28
2008072900 2 266 1183  990      23
2008072906 2 271 1179  990      23
2008072912 2 278 1176  990      23
2008072918 2 285 1171  990      23
2008073000 2 290 1165  995      20
2008073006 1 293 1161  996      17
2008073012 1 305 1161  998      17
2008073018 1 315 1161  998      15
2008073100 1 326 1162 1000      15
2008073106 1 333 1163 1002      12
2008073112 1 335 1165 1002      12
2008073118 0 337 1166 1002      10
66666 0000   20 0010 0809 0 6 Kammuri                            20110729
2008080312 1 191 1202 1002      15
2008080318 1 191 1195 1002      15
2008080400 1 192 1188 1000      15
2008080406 1 193 1181 1000      15
2008080412 1 194 1176  996      15
2008080418 1 196 1170  994      15
2008080500 2 199 1162  990      18
2008080506 2 203 1155  990      20
2008080512 2 206 1149  985      23
2008080518 2 208 1143  985      23
2008080600 3 209 1139  980      25
2008080606 3 214 1131  980      25
2008080612 2 216 1116  985      23
2008080618 2 213 1102  990      20
2008080700 2 210 1093  990      20
2008080706 2 215 1083  990      18
2008080712 2 217 1069  990      18
2008080718 1 215 1056  994      15
2008080800 1 213 1046  995      12
2008080806 0 213 1034  998      10
66666 0000   10 0011 0810 0 6 Phanfone                           20110729
2008080912 1 274 1514 1002      12
2008080918 1 280 1524 1002      15
2008081000 1 290 1533 1000      15
2008081006 2 305 1559  995      18
2008081012 2 320 1582  995      20
2008081018 2 350 1603  990      23
2008081100 2 389 1628  995      18
2008081106 9 413 1645 1000      15
2008081112 9 426 1655 1006      15
2008081118 9 441 1670 1010      15
66666 0000   18 0012 0811 1 6 Vongfong                           20110729
2008081318 1 237 1325 1002      13
2008081400 1 251 1328 1002      13
2008081406 1 261 1331 1002      13
2008081412 1 272 1335 1000      13
2008081418 1 282 1340 1000      15
2008081500 1 292 1345 1000      15
2008081506 2 302 1355  995      18
2008081512 2 309 1368  995      18
2008081518 2 317 1383  995      20
2008081600 2 327 1406  995      20
2008081606 2 338 1430  990      23
2008081612 2 347 1454  990      23
2008081618 2 360 1481  990      23
2008081700 2 377 1514  990      23
2008081706 2 392 1547  990      23
2008081712 2 408 1592  995      20
2008081718 2 423 1644  995      20
2008081800 9 441 1685  995      18
66666 0000   25 0013 0812 0 6 Nuri                               20110729
2008081706 1 157 1388 1006      15
2008081712 1 158 1367 1004      15
2008081718 2 159 1351  998      18
2008081800 2 159 1334  998      18
2008081806 2 160 1316  990      23
2008081812 3 162 1302  985      28
2008081818 4 168 1285  975      33
2008081900 4 172 1269  970      35
2008081906 4 176 1255  965      38
2008081912 4 181 1244  965      38
2008081918 4 185 1230  960      40
2008082000 4 187 1220  960      40
2008082006 4 189 1211  960      40
2008082012 4 196 1205  960      40
2008082018 4 199 1192  965      38
2008082100 4 201 1182  965      38
2008082106 4 203 1172  970      35
2008082112 4 206 1165  970      35
2008082118 4 210 1159  975      33
2008082200 4 214 1153  975      33
2008082206 4 220 1145  975      33
2008082212 3 225 1141  980      28
2008082218 2 228 1131  992      20
2008082300 1 232 1128  996      13
2008082306 1 233 1123 1002      12
66666 0000   11 0014 0000 0 6 (nameless)                         20110729
2008082606 0 159 1259 1006      10
2008082612 1 162 1252 1004      13
2008082618 1 167 1246 1004      13
2008082700 1 174 1239 1002      15
2008082706 1 179 1229 1002      15
2008082712 1 185 1225 1002      15
2008082718 1 193 1224 1002      15
2008082800 1 200 1218 1004      13
2008082806 1 204 1213 1004      13
2008082812 1 207 1209 1004      13
2008082818 1 211 1206 1004      13
66666 0000   56 0015 0813 1 6 Sinlaku                            20110729
2008090800 1 154 1267 1002      15
2008090806 1 159 1263 1000      15
2008090812 1 163 1260 1000      15
2008090818 2 167 1257  996      18
2008090900 2 172 1255  990      23
2008090906 3 178 1252  985      28
2008090912 4 186 1251  975      33
2008090918 4 193 1249  965      40
2008091000 4 198 1244  960      40
2008091006 5 202 1243  950      45
2008091012 5 207 1243  940      50
2008091018 6 207 1243  935      55
2008091100 6 209 1245  935      55
2008091106 6 215 1247  935      55
2008091112 6 219 1248  935      55
2008091118 5 223 1247  940      50
2008091200 5 228 1245  940      50
2008091206 5 234 1240  940      50
2008091212 5 237 1235  945      50
2008091218 5 239 1232  945      50
2008091300 5 241 1228  945      50
2008091306 5 243 1225  945      48
2008091312 5 244 1224  945      48
2008091318 5 247 1218  950      45
2008091400 4 246 1217  960      40
2008091406 4 255 1216  970      35
2008091412 4 254 1213  975      33
2008091418 4 259 1209  975      33
2008091500 3 262 1213  980      30
2008091506 3 266 1219  980      30
2008091512 3 269 1225  980      30
2008091518 3 269 1231  985      28
2008091600 3 270 1238  990      25
2008091606 2 271 1242  990      23
2008091612 2 272 1247  995      18
2008091618 2 273 1254  995      18
2008091700 2 275 1260  995      20
2008091706 2 280 1267  990      23
2008091712 3 288 1278  990      25
2008091718 3 294 1288  990      25
2008091800 3 300 1294  990      25
2008091806 3 305 1305  985      28
2008091812 3 309 1315  980      30
2008091818 3 316 1328  980      30
2008091900 3 325 1341  980      30
2008091906 3 331 1357  980      30
2008091912 3 338 1381  980      30
2008091918 3 344 1398  980      30
2008092000 3 349 1421  985      28
2008092006 3 350 1447  985      28
2008092012 2 351 1472  990      23
2008092018 2 351 1499  994      23
2008092100 9 350 1528  996      20
2008092106 9 348 1552 1000      18
2008092112 9 346 1577 1000      18
2008092118 9 344 1602 1000      15
66666 0000   34 0016 0814 0 6 Hagupit                            20110729
2008091712 1 159 1412 1008      12
2008091718 1 158 1401 1008      12
2008091800 1 156 1391 1008      12
2008091806 1 154 1383 1008      12
2008091812 1 152 1375 1008      12
2008091818 1 149 1364 1006      12
2008091900 1 145 1352 1004      15
2008091906 1 141 1340 1002      15
2008091912 2 139 1329 1000      18
2008091918 2 135 1316  994      23
2008092000 3 135 1307  990      25
2008092006 3 141 1298  985      28
2008092012 3 145 1290  985      28
2008092018 3 155 1282  985      28
2008092100 3 164 1273  980      30
2008092106 4 172 1265  975      33
2008092112 4 180 1256  975      33
2008092118 4 187 1247  970      35
2008092200 4 190 1234  960      40
2008092206 5 193 1221  950      45
2008092212 5 195 1208  950      45
2008092218 5 199 1191  950      45
2008092300 5 202 1173  940      50
2008092306 5 204 1157  940      50
2008092312 5 206 1139  940      50
2008092318 5 211 1126  940      50
2008092400 5 215 1109  950      45
2008092406 3 217 1095  980      30
2008092412 2 221 1084  985      20
2008092418 1 222 1073  992      15
2008092500 1 224 1063  996      12
2008092506 0 225 1057  998      10
2008092512 0 225 1050  998      10
2008092518 0 223 1035 1000      10
66666 0000   46 0017 0815 0 6 Jangmi                             20110729
2008092318 1 116 1386 1004      15
2008092400 1 119 1378 1004      15
2008092406 1 122 1372 1000      15
2008092412 2 126 1364  995      18
2008092418 2 131 1352  990      23
2008092500 3 137 1340  985      28
2008092506 4 146 1325  975      33
2008092512 4 147 1312  970      35
2008092518 4 151 1303  960      40
2008092600 5 160 1299  955      45
2008092606 5 169 1288  950      45
2008092612 5 177 1280  940      50
2008092618 6 186 1272  935      55
2008092700 6 196 1265  920      60
2008092706 6 207 1256  910      65
2008092712 6 213 1244  910      65
2008092718 6 217 1237  910      65
2008092800 6 228 1232  920      60
2008092806 6 239 1224  935      55
2008092812 5 242 1216  950      45
2008092818 4 248 1213  960      40
2008092900 3 256 1210  980      30
2008092906 3 265 1215  985      28
2008092912 3 272 1221  990      25
2008092918 3 276 1226  990      25
2008093000 2 287 1238  990      23
2008093006 2 296 1250  990      23
2008093012 2 298 1267  995      20
2008093018 2 298 1285  995      18
2008100100 9 299 1304 1000      18
2008100106 9 297 1328 1000      18
2008100112 9 294 1349 1000      18
2008100118 9 292 1367 1004      16
2008100200 9 290 1385 1004      16
2008100206 9 287 1396 1004      16
2008100212 9 285 1402 1006      12
2008100218 9 279 1404 1006      12
2008100300 9 274 1405 1006      12
2008100306 9 269 1406 1006      12
2008100312 9 265 1406 1006      12
2008100318 9 262 1406 1008      10
2008100400 9 259 1406 1008      10
2008100406 9 256 1407 1008      10
2008100412 9 253 1408 1008      10
2008100418 9 251 1412 1008      10
2008100500 9 250 1415 1008      10
66666 0000   12 0018 0816 0 6 Mekkhala                           20110729
2008092718 1 140 1129 1000      15
2008092800 1 142 1127 1000      15
2008092806 1 145 1125  998      15
2008092812 1 151 1122  996      15
2008092818 1 157 1119  994      15
2008092900 2 163 1115  992      18
2008092906 2 166 1105  992      20
2008092912 2 171 1093  990      23
2008092918 2 174 1081  990      23
2008093000 2 175 1070  990      23
2008093006 2 180 1053  998      18
2008093012 1 191 1026 1002      15
66666 0000   31 0019 0817 0 6 Higos                              20110729
2008092818 1  80 1343 1004      13
2008092900 1  82 1325 1004      13
2008092906 1  87 1310 1004      13
2008092912 1  89 1294 1002      15
2008092918 1  99 1278 1002      15
2008093000 1 110 1268 1002      15
2008093006 1 120 1259 1002      15
2008093012 1 129 1242 1002      15
2008093018 1 135 1234 1002      15
2008100100 1 138 1228 1002      15
2008100106 1 143 1218 1002      15
2008100112 1 145 1204 1002      15
2008100118 1 148 1193 1000      15
2008100200 2 154 1179  998      18
2008100206 2 159 1166  998      18
2008100212 2 163 1149  998      18
2008100218 2 165 1133  998      18
2008100300 2 174 1118  998      18
2008100306 2 183 1112  998      18
2008100312 2 191 1111  998      18
2008100318 1 198 1109 1000      16
2008100400 1 202 1107 1000      15
2008100406 1 211 1108 1000      15
2008100412 1 214 1108 1002      12
2008100418 1 217 1112 1002      12
2008100500 1 220 1118 1002      12
2008100506 1 222 1126 1002      12
2008100512 0 226 1136 1002      10
2008100518 0 229 1146 1004      10
2008100600 0 232 1156 1006      10
2008100606 0 234 1165 1006      10
66666 0000   10 0020 0000 0 6 (nameless)                         20110729
2008101306 1 180 1085 1004      15
2008101312 1 183 1084 1004      15
2008101318 1 185 1084 1004      15
2008101400 1 188 1083 1004      15
2008101406 1 190 1080 1004      15
2008101412 1 192 1077 1004      15
2008101418 1 193 1072 1004      15
2008101500 1 192 1066 1004      15
2008101506 1 189 1061 1004      15
2008101512 1 185 1056 1004      13
66666 0000   14 0021 0818 1 6 Bavi                               20110729
2008101800 1 214 1514 1008      13
2008101806 1 228 1504 1008      13
2008101812 1 239 1495 1006      15
2008101818 1 247 1488 1004      15
2008101900 1 254 1481 1000      15
2008101906 2 267 1484  995      18
2008101912 2 286 1492  995      20
2008101918 2 303 1504  990      23
2008102000 2 328 1521  990      23
2008102006 2 356 1531  990      23
2008102012 9 380 1540  990      23
2008102018 9 400 1557  988      23
2008102100 9 409 1577  984      23
2008102106 9 426 1625  980      23
66666 0000   34 0022 0819 0 6 Maysak                             20110729
2008110512 1  84 1278 1006      13
2008110518 1  93 1262 1006      13
2008110600 1  99 1246 1006      13
2008110606 1 109 1230 1006      13
2008110612 1 115 1216 1006      13
2008110618 1 124 1201 1006      13
2008110700 1 130 1186 1004      15
2008110706 2 136 1170 1000      18
2008110712 2 143 1162 1000      18
2008110718 2 150 1156  995      20
2008110800 2 154 1153  990      23
2008110806 2 159 1151  990      23
2008110812 3 166 1150  985      25
2008110818 3 173 1152  985      25
2008110900 3 178 1157  985      25
2008110906 2 179 1160  990      23
2008110912 2 172 1161  998      18
2008110918 2 167 1161 1000      18
2008111000 1 160 1165 1000      16
2008111006 1 149 1167 1000      16
2008111012 1 139 1170 1002      16
2008111018 1 132 1165 1004      15
2008111100 1 128 1160 1006      15
2008111106 1 125 1159 1006      15
2008111112 1 120 1159 1006      15
2008111118 1 116 1160 1006      15
2008111200 1 113 1160 1006      15
2008111206 1 112 1159 1006      15
2008111212 1 111 1155 1006      15
2008111218 1 111 1144 1006      15
2008111300 1 116 1136 1006      15
2008111306 1 120 1130 1006      15
2008111312 1 120 1120 1006      15
2008111318 1 117 1106 1006      15
66666 0000   15 0023 0820 1 6 Haishen                            20110729
2008111418 1 229 1464 1010      13
2008111500 1 235 1470 1010      13
2008111506 1 242 1477 1008      15
2008111512 1 248 1486 1008      15
2008111518 2 255 1497 1006      18
2008111600 2 264 1508 1004      20
2008111606 2 272 1519 1004      18
2008111612 2 279 1538 1006      18
2008111618 2 290 1561 1006      18
2008111700 2 298 1575 1006      18
2008111706 1 306 1589 1006      15
2008111712 9 314 1602 1008      15
2008111718 9 333 1620 1008      15
2008111800 9 354 1648 1008      15
2008111806 9 371 1686 1004      15
66666 0000   13 0024 0821 0 6 Noul                               20110729
2008111418 1  84 1217 1004      13
2008111500 1  84 1204 1004      13
2008111506 1  86 1191 1004      13
2008111512 1  89 1180 1004      13
2008111518 1  93 1168 1002      13
2008111600 1  99 1157 1002      15
2008111606 2 103 1145  998      18
2008111612 2 106 1135  998      18
2008111618 2 111 1122  998      18
2008111700 2 114 1111  995      20
2008111706 2 118 1096  998      18
2008111712 1 120 1075 1002      15
2008111718 1 129 1051 1004      12
66666 0000   32 0025 0822 0 6 Dolphin                            20110729
2008121100 1 125 1472 1002      15
2008121106 1 127 1450 1002      15
2008121112 1 129 1434 1002      15
2008121118 1 131 1420 1000      15
2008121200 1 133 1411 1000      15
2008121206 1 136 1403 1000      15
2008121212 2 140 1392  995      18
2008121218 2 141 1381  995      20
2008121300 2 141 1370  990      23
2008121306 2 139 1358  990      23
2008121312 2 139 1347  990      23
2008121318 2 138 1336  990      23
2008121400 3 136 1328  985      25
2008121406 3 136 1321  985      25
2008121412 3 136 1314  985      25
2008121418 3 137 1308  985      25
2008121500 3 138 1303  980      30
2008121506 3 143 1303  980      30
2008121512 4 149 1304  975      33
2008121518 4 155 1305  970      35
2008121600 4 158 1305  970      35
2008121606 4 164 1306  975      33
2008121612 3 170 1309  980      30
2008121618 3 177 1313  985      28
2008121700 3 184 1320  990      25
2008121706 3 193 1326  990      25
2008121712 2 201 1337  990      23
2008121718 2 211 1353  990      20
2008121800 2 220 1373  995      18
2008121806 1 234 1396 1000      15
2008121812 9 247 1420 1002      12
2008121818 9 255 1445 1006      12
