""
""
""
5                       0.243671                 
6                       16.52216                 
7                       69.96953                 
8                       171.2404                 
9                       300.7535                 
10                      424.1402                 
11                      504.7642                 
12                      544.9616                 
13                      546.8796                 
14                      493.0213                 
15                      404.6879                 
16                      293.6835                 
17                      164.2163                 
18                      67.10811                 
19                      14.84016                 
20                      0.167534                 
