R	Team	P	W	D	L	GF	GA	GD	Pts	Form
1	2	38	32	4	2	106	27	+79	100	WWWDWW
2	5	38	25	6	7	68	28	+40	81	LWWLDW
3	4	38	23	8	7	74	36	+38	77	LDWLWW
4	16	38	21	12	5	84	38	+46	75	DWDDLW
5	3	38	21	7	10	62	38	+24	70	WWWWDL
6	9	38	19	6	13	74	51	+23	63	LWLWLW
7	7	38	14	12	12	36	39	-3	54	WLDDLL
8	0	38	13	10	15	44	58	-14	49	DDWWDL
9	10	38	12	11	15	56	60	-4	47	LDLLWL
10	17	38	12	8	18	39	47	-8	44	WLLLLW
11	12	38	11	11	16	45	55	-10	44	DWDWWW
12	6	38	11	11	16	45	61	-16	44	DLLLWW
13	14	38	10	12	16	48	68	-20	42	DLLWDW
14	11	38	11	8	19	44	64	-20	41	LLDLWL
15	8	38	9	13	16	34	54	-20	40	LDDWLL
16	15	38	9	10	19	28	58	-30	37	DWLDDL
17	13	38	7	15	16	37	56	-19	36	LDWDWL
18	18	38	8	9	21	28	56	-28	33	DLLLLL
19	1	38	7	12	19	35	68	-33	33	LDDDLW
20	19	38	6	13	19	31	56	-25	31	DWDWWL