290 85 90 100 75 80 85 60 70 75 50 55 60
288 85 90 100 75 80 85 85 90 100 60 70 75
288 75 80 85 85 90 100 50 55 60 60 70 75
285 85 90 100 75 80 85 75 80 85 75 80 85
283 75 80 85 85 90 100 75 80 85 60 70 75
283 75 80 85 50 55 60 85 90 100 75 80 85
280 85 90 100 75 80 85 60 70 75 75 80 85
280 75 80 85 85 90 100 85 90 100 60 70 75
280 75 80 85 75 80 85 85 90 100 75 80 85
280 50 55 60 60 70 75 85 90 100 60 70 75
278 50 55 60 60 70 75 75 80 85 85 90 100
277 85 90 100 75 80 85 60 70 75 85 90 100
275 75 80 85 60 70 75 50 55 60 85 90 100
275 50 55 60 75 80 85 85 90 100 75 80 85
274 85 90 100 75 80 85 60 70 75 75 80 85
273 75 80 85 85 90 100 75 80 85 60 70 75