    0.0000000
    7.0000000
    0.0000000
    7.0000000
    0.0000000
    0.0000000
    0.0000000
    0.0000000
    5.0000000
    2.0000000
    0.0000000
    0.0000000
    0.0000000
    0.0000000
    0.0000000
    0.0000000
    0.0000000
    5.0000000
    0.0000000
    0.0000000
    0.0000000
    0.0000000
    9.0000000
    0.0000000
    0.0000000
    0.0000000
    0.0000000
    0.0000000
    0.0000000
    9.0000000
    0.0000000
    0.0000000
    0.0000000
    0.0000000
    0.0000000
    0.0000000
