    0    0    0    0    0   27    0   28   28   29   31   31   33    0   35   23   36   24   26   27   38    7    0    0    0    0    0    0    0    0    0    0    0   14    0    0    0    0    0
    0    0    0    0    0   27    0   28   28   29   31   31   33   34   35   23   36   24   26   27   38    7    0    0    0    0    0    0    0    0    0    0    0    0    0    0    0    0    0
    0    0    0    0    0    0    0   28   28   29   31   31   33   34   35   23   36   24   26   27   38    7    0    0    0    0    0    0    0    0    0    0    0    0    0    0    0    0    0
    0    0    0    0    0    0    0   28   28   29   31   31   33   34   35   23   36   24   26   27   38    7    0    0    0    0    0    0    0    0    0    0    0    0    0    0    0    0    0
    0    0    0    0    0    0   39   28   28   29   31   31   33   34   35   23   36   24   26   27   38   39    0    0   24    0    0    0    0    0    0    0    0    0    0    0    0    0    0
   27   27    0    0    0    0    0   28   28   29   31   31   33   27   35   23   36   27   27   27    0    7    0   27   27   27    0   27    0    0    0   27    0   27   27   27   27   21    0
    0    0    0    0   39    0    0   28   28   29   31   31   33   34   35   23   39   25   26   27   38    0    0   25    0    0    0    0    0   39    0    0    0    0    0   39    0    0   22
   28   28   28   28   28   28   28    0    0    9   10   11   33   34   35   28   36   28   28   28   38   28   28   28   28   28   28    9   10   28   12   28   28   28   28   28   28   28   28
   28   28   28   28   28   28   28    0    0    0   10   11   33   34   35   28   36   28   28   28   38   28   28   28   28   28   28    0   10   28   12   28   28   28   28   28   28   28   28
   29   29   29   29   29   29   29    9    0    0    0   11   33   34   35   29   36   29   29   29   38   29   29   29   29   29   29    9    0   29   12   29   29   29   29   29   29   29   29
   31   31   31   31   31   31   31   10   10    0    0    0   12   34   35   31   36   31   31   31   38   31   31   31   31   31   31   10   10   29   12    0   13   31   33   31   31   31   31
   31   31   31   31   31   31   31   11   11   11    0    0    0   34   35   31   36   31   31   31   38   31   31   31   31   31   31   11   11   29    0   31   13   31   33   31   31   31   31
   33   33   33   33   33   33   33   33   33   33   12    0    0    0   35   33   36   33   33   33   38   33   33   33   33   33   33   33   33   33   12   33    0   33   33   33   33   33   33
    0   34   34   34   34   27   34   34   34   34   34   34    0    0    0   34   36   24   34   27   38   34   34    1   34   34    1   34   34   34   34   34   13    0   34   34   34   34   34
   35   35   35   35   35   35   35   35   35   35   35   35   35    0    0   35   36   35   35   35   38   35   35   35   35   35   35   35   35   35   35   35   35   14    0   35   35   35   35
   23   23   23   23   23   23   23   28   28   29   31   31   33   34   35    0    0   24   26   27   38   23    0   23   23   23   23   23   23   23   23   23   23   23   23   23   23   23   23
   36   36   36   36   36   36   39   36   36   36   36   36   36   36   36    0    0   36   36   36   38   39   36   36   36   36   36   36   36   36   36   36   36   36   36    0   36   36   36
   24   24   24   24   24   27   25   28   28   29   31   31   33   24   35   24   36    0   26   26   38   25   24    0   24   24   25   24   24   24   24   24   24   24   24   24   24   25   25
   26   26   26   26   26   27   26   28   28   29   31   31   33   34   35   26   36   26    0    0   38   26   26   26   26    0   26   26   26   26   26   26   26   26   26   26   26   26   26
   27   27   27   27   27   27   27   28   28   29   31   31   33   27   35   27   36   26    0    0   27   39   27   26   27   19    0   27   27   27   27   27   27   27   27   26   27   27   27
   38   38   38   38   38    0   38   38   38   38   38   38   38   38   38   38   38   38   38   27    0   39   38   38   38   38    6   38   38   38   38   38   38   38   38   38   38    0   38
    7    7    7    7   39    7    0   28   28   29   31   31   33   34   35   23   39   25   26   39   39    0    7   25    7    7   39    7    7   39    7    7    7    7    7   39    7   39    0
    0    0    0    0    0    0    0   28   28   29   31   31   33   34   35    0   36   24   26   27   38    7    0    0    0    0    0    0    0    0    0    0    0    0    0    0    0    0    0
    0    0    0    0    0   27   25   28   28   29   31   31   33    1   35   23   36    0   26   26   38   25    0    0    0    0   25    0    0    0    0    0    0   14    0    0    0   25   25
    0    0    0    0   24   27    0   28   28   29   31   31   33   34   35   23   36   24   26   27   38    7    0    0    0    0    0    0    0    0    0    0    0    0    0    0    0    0    0
    0    0    0    0    0   27    0   28   28   29   31   31   33   34   35   23   36   24    0   19   38    7    0    0    0    0    0    0    0    0    0    0    0    0    0    0    0    0    0
    0    0    0    0    0    0    0   28   28   29   31   31   33    1   35   23   36   25   26    0    6   39    0   25    0    0    0    0    0    0    0    0    0   14    0    0    0    0    0
    0    0    0    0    0   27    0    9    0    9   10   11   33   34   35   23   36   24   26   27   38    7    0    0    0    0    0    0   10    0   12    0    0    0    0    0    0    0    0
    0    0    0    0    0    0    0   10   10    0   10   11   33   34   35   23   36   24   26   27   38    7    0    0    0    0    0   10    0    0   12    0    0    0    0    0    0    0    0
    0    0    0    0    0    0   39   28   28   29   29   29   33   34   35   23   36   24   26   27   38   39    0    0    0    0    0    0    0    0   29    0    0    0    0    0    0    0    0
    0    0    0    0    0    0    0   12   12   12   12    0   12   34   35   23   36   24   26   27   38    7    0    0    0    0    0   12   12   29    0    0   13    0   33    0    0    0    0
    0    0    0    0    0   27    0   28   28   29    0   31   33   34   35   23   36   24   26   27   38    7    0    0    0    0    0    0    0    0    0    0    0    0    0    0    0    0    0
    0    0    0    0    0    0    0   28   28   29   13   13    0   13   35   23   36   24   26   27   38    7    0    0    0    0    0    0    0    0   13    0    0    0    0    0    0    0    0
   14    0    0    0    0   27    0   28   28   29   31   31   33    0   14   23   36   24   26   27   38    7    0   14    0    0   14    0    0    0    0    0    0    0    0    0    0    0    0
    0    0    0    0    0   27    0   28   28   29   33   33   33   34    0   23   36   24   26   27   38    7    0    0    0    0    0    0    0    0   33    0    0    0    0    0    0    0    0
    0    0    0    0    0   27   39   28   28   29   31   31   33   34   35   23    0   24   26   26   38   39    0    0    0    0    0    0    0    0    0    0    0    0    0    0    0    0    0
    0    0    0    0    0   27    0   28   28   29   31   31   33   34   35   23   36   24   26   27   38    7    0    0    0    0    0    0    0    0    0    0    0    0    0    0    0    0    0
    0    0    0    0    0   21    0   28   28   29   31   31   33   34   35   23   36   25   26   27    0   39    0   25    0    0    0    0    0    0    0    0    0    0    0    0    0    0    0
    0    0    0    0    0    0   22   28   28   29   31   31   33   34   35   23   36   25   26   27   38    0    0   25    0    0    0    0    0    0    0    0    0    0    0    0    0    0    0
