         0        35        45        35        25        10
        35         0        15        20        30        25
        45        15         0        10        20        35
        35        20        10         0        10        25
        25        30        20        10         0        35
        10        25        35        25        35         0

         0         6         5         5         0         0
         6         0         0         0         4         0
         5         0         0         0         0         4
         5         0         0         0         0         0
         0         4         0         0         0         1
         0         0         4         0         1         0
