    0   35   35   37   37   38   39    0    0    0    0    0    0    0    0    0    0    0    0    0    0    0   35   37   37   37   37   35   35   35   34   35   34    0    0   35   36   37   38
   35    0   35   37   37   38   39    0    0    0    0    0    0    0    0    0    0    0    0    0    0    0   35   37   37   37   37   35   35   35   35   35   35   35    0   35   36   37   38
   35   35    0   37   37   38   39    0    0    0    0    0    0    0    0    0    0    0    0    0    0    0    0   37   37   37   37   35   35   35   35   35   35   35   23   23   36   37   38
   37   37   37    0   37   38   39    0    0    0    0    0    0    0    0    0    0    0    0    0    0    0   37   37   37   37   37   37   37   37   37   37   37   37   37   37    0   37   38
   37   37   37   37    0   38   39    0    0    0    0    0    0    0    0    0    0    0    0    0    0    0   37    0   37   37   37   37   37   37   37   37   37   37   37   37   24   37   38
   38   38   38   38   38    0   39    0    0    0    0    0    0    0    0    0    0    0    0    0    0    0   38   38   38   38   38   38   38   38   38   38   38   38   38   38   38    0   38
   39   39   39   39   39   39    0    0    0    0    0    0    0    0    0    0    0    0    0    0    0    0   39   39   39   39   39   39   39   39   39   39   39   39   39   39   39   39    0
    0    0    0    0    0    0    0    0    0    0    0    0    0    0    0    0    0    0    0    0    0    0    0    0    0    0    0    0    0    0    0    0    0    0    0    0    0    0    0
    0    0    0    0    0    0    0    0    0    0    0    0    0    0    0    0    0    0    0    0    0    0    0    0    0    0    0    0    0    0    0    0    0    0    0    0    0    0    0
    0    0    0    0    0    0    0    0    0    0    0    0    0    0    0    0    0    0    0    0    0    0    0    0    0    0    0    0    0    0    0    0    0    0    0    0    0    0    0
    0    0    0    0    0    0    0    0    0    0    0    0    0    0    0    0    0    0    0    0    0    0    0    0    0    0    0    0    0    0    0    0    0    0    0    0    0    0    0
    0    0    0    0    0    0    0    0    0    0    0    0    0    0    0    0    0    0    0    0    0    0    0    0    0    0    0    0    0    0    0    0    0    0    0    0    0    0    0
    0    0    0    0    0    0    0    0    0    0    0    0    0    0    0    0    0    0    0    0    0    0    0    0    0    0    0    0    0    0    0    0    0    0    0    0    0    0    0
    0    0    0    0    0    0    0    0    0    0    0    0    0    0    0    0    0    0    0    0    0    0    0    0    0    0    0    0    0    0    0    0    0    0    0    0    0    0    0
    0    0    0    0    0    0    0    0    0    0    0    0    0    0    0    0    0    0    0    0    0    0    0    0    0    0    0    0    0    0    0    0    0    0    0    0    0    0    0
    0    0    0    0    0    0    0    0    0    0    0    0    0    0    0    0    0    0    0    0    0    0    0    0    0    0    0    0    0    0    0    0    0    0    0    0    0    0    0
    0    0    0    0    0    0    0    0    0    0    0    0    0    0    0    0    0    0    0    0    0    0    0    0    0    0    0    0    0    0    0    0    0    0    0    0    0    0    0
    0    0    0    0    0    0    0    0    0    0    0    0    0    0    0    0    0    0    0    0    0    0    0    0    0    0    0    0    0    0    0    0    0    0    0    0    0    0    0
    0    0    0    0    0    0    0    0    0    0    0    0    0    0    0    0    0    0    0    0    0    0    0    0    0    0    0    0    0    0    0    0    0    0    0    0    0    0    0
    0    0    0    0    0    0    0    0    0    0    0    0    0    0    0    0    0    0    0    0    0    0    0    0    0    0    0    0    0    0    0    0    0    0    0    0    0    0    0
    0    0    0    0    0    0    0    0    0    0    0    0    0    0    0    0    0    0    0    0    0    0    0    0    0    0    0    0    0    0    0    0    0    0    0    0    0    0    0
    0    0    0    0    0    0    0    0    0    0    0    0    0    0    0    0    0    0    0    0    0    0    0    0    0    0    0    0    0    0    0    0    0    0    0    0    0    0    0
   35   35    0   37   37   38   39    0    0    0    0    0    0    0    0    0    0    0    0    0    0    0    0   37   37   37   37   35   35   35   35   35   35   35    0    0   36   37   38
   37   37   37   37    0   38   39    0    0    0    0    0    0    0    0    0    0    0    0    0    0    0   37    0   37   37   37   37   37   37   37   37   37   37   37   37    0   37   38
   37   37   37   37   37   38   39    0    0    0    0    0    0    0    0    0    0    0    0    0    0    0   37   37    0    0    0   37   37   37   37   37   37   37   37   37    0   27   38
   37   37   37   37   37   38   39    0    0    0    0    0    0    0    0    0    0    0    0    0    0    0   37   37    0    0   25   37   37   37   37   37   37   37   37   37   25   27   38
   37   37   37   37   37   38   39    0    0    0    0    0    0    0    0    0    0    0    0    0    0    0   37   37    0   25    0   37   37   37   37   37   37   37   37   37   25    0   38
   35   35   35   37   37   38   39    0    0    0    0    0    0    0    0    0    0    0    0    0    0    0   35   37   37   37   37    0   30    0   35   30   35   35   32   35   36   37   38
   35   35   35   37   37   38   39    0    0    0    0    0    0    0    0    0    0    0    0    0    0    0   35   37   37   37   37   30    0    0   35   30   35   35   32   35   36   37   38
   35   35   35   37   37   38   39    0    0    0    0    0    0    0    0    0    0    0    0    0    0    0   35   37   37   37   37    0    0    0   35    0   35   35   32   35   36   37   38
   34   35   35   37   37   38   39    0    0    0    0    0    0    0    0    0    0    0    0    0    0    0   35   37   37   37   37   35   35   35    0   35    0   33   34   35   36   37   38
   35   35   35   37   37   38   39    0    0    0    0    0    0    0    0    0    0    0    0    0    0    0   35   37   37   37   37   30   30    0   35    0   35   35    0   35   36   37   38
   34   35   35   37   37   38   39    0    0    0    0    0    0    0    0    0    0    0    0    0    0    0   35   37   37   37   37   35   35   35    0   35    0    0   34   35   36   37   38
    0   35   35   37   37   38   39    0    0    0    0    0    0    0    0    0    0    0    0    0    0    0   35   37   37   37   37   35   35   35   33   35    0    0    1   35   36   37   38
    0    0   23   37   37   38   39    0    0    0    0    0    0    0    0    0    0    0    0    0    0    0    0   37   37   37   37   32   32   32   34    0   34    1    0   23   36   37   38
   35   35   23   37   37   38   39    0    0    0    0    0    0    0    0    0    0    0    0    0    0    0    0   37   37   37   37   35   35   35   35   35   35   35   23    0    0   37   38
   36   36   36    0   24   38   39    0    0    0    0    0    0    0    0    0    0    0    0    0    0    0   36    0    0   25   25   36   36   36   36   36   36   36   36    0    0   27   38
   37   37   37   37   37    0   39    0    0    0    0    0    0    0    0    0    0    0    0    0    0    0   37   37   27   27    0   37   37   37   37   37   37   37   37   37   27    0    0
   38   38   38   38   38   38    0    0    0    0    0    0    0    0    0    0    0    0    0    0    0    0   38   38   38   38   38   38   38   38   38   38   38   38   38   38   38    0    0
